mflg 0 1.0 1.0 1  1.0 0.0 ipress 0 igrav 0 icont  1
..........................enter the pressure data......................
.......................enter the gravity data.................
.......................enter the contact data.................
5,900,5,3
0,0,0,0
901,1080,1,3
0,0,0,0
 prescribed displacement
3972  3974   1   0.0d0    -7.0000e+01   0.0d0 
5055  5056   1   0.0d0    -7.0000e+01   0.0d0 
5052  5054   1   0.0d0    -7.0000e+01   0.0d0 
5775  5776   1   0.0d0    -7.0000e+01   0.0d0 
    0        0      0 0
    0        0      0 0
