mflg 0 1.0 1.0 1  1.0 0.0 ipress 0 igrav 0 icont  1
..........................enter the pressure data......................
.......................enter the gravity data.................
.......................enter the contact data.................
10,1200,10,3
0,0,0,0
1202,1440,2,3
0,0,0,0
 prescribed displacement
5062  5066   1   0.0d0    -7.0000e+01   0.0d0 
6267  6270   1   0.0d0    -7.0000e+01   0.0d0 
6262  6266   1   0.0d0    -7.0000e+01   0.0d0 
7227  7230   1   0.0d0    -7.0000e+01   0.0d0 
    0        0      0 0
    0        0      0 0
