Analysis for,q9 combined geometry  656   nodes  140    elements

   5.000000000000000E-06
  656    2
    1  -1.250000000000000E+02   0.000000000000000E+00
    2  -1.250000000000000E+02   5.000000000000000E+00
    3  -1.250000000000000E+02   1.000000000000000E+01
    4  -1.250000000000000E+02   1.500000000000000E+01
    5  -1.250000000000000E+02   2.000000000000000E+01
    6  -1.250000000000000E+02   2.500000000000000E+01
    7  -1.250000000000000E+02   3.000000000000000E+01
    8  -1.250000000000000E+02   3.500000000000000E+01
    9  -1.250000000000000E+02   4.000000000000000E+01
   10  -1.250000000000000E+02   4.500000000000000E+01
   11  -1.250000000000000E+02   5.000000000000000E+01
   12  -1.187500000000000E+02   0.000000000000000E+00
   13  -1.187500000000000E+02   5.000000000000000E+00
   14  -1.187500000000000E+02   1.000000000000000E+01
   15  -1.187500000000000E+02   1.500000000000000E+01
   16  -1.187500000000000E+02   2.000000000000000E+01
   17  -1.187500000000000E+02   2.500000000000000E+01
   18  -1.187500000000000E+02   3.000000000000000E+01
   19  -1.187500000000000E+02   3.500000000000000E+01
   20  -1.187500000000000E+02   4.000000000000000E+01
   21  -1.187500000000000E+02   4.500000000000000E+01
   22  -1.187500000000000E+02   5.000000000000000E+01
   23  -1.125000000000000E+02   0.000000000000000E+00
   24  -1.125000000000000E+02   5.000000000000000E+00
   25  -1.125000000000000E+02   1.000000000000000E+01
   26  -1.125000000000000E+02   1.500000000000000E+01
   27  -1.125000000000000E+02   2.000000000000000E+01
   28  -1.125000000000000E+02   2.500000000000000E+01
   29  -1.125000000000000E+02   3.000000000000000E+01
   30  -1.125000000000000E+02   3.500000000000000E+01
   31  -1.125000000000000E+02   4.000000000000000E+01
   32  -1.125000000000000E+02   4.500000000000000E+01
   33  -1.125000000000000E+02   5.000000000000000E+01
   34  -1.062500000000000E+02   0.000000000000000E+00
   35  -1.062500000000000E+02   5.000000000000000E+00
   36  -1.062500000000000E+02   1.000000000000000E+01
   37  -1.062500000000000E+02   1.500000000000000E+01
   38  -1.062500000000000E+02   2.000000000000000E+01
   39  -1.062500000000000E+02   2.500000000000000E+01
   40  -1.062500000000000E+02   3.000000000000000E+01
   41  -1.062500000000000E+02   3.500000000000000E+01
   42  -1.062500000000000E+02   4.000000000000000E+01
   43  -1.062500000000000E+02   4.500000000000000E+01
   44  -1.062500000000000E+02   5.000000000000000E+01
   45  -1.000000000000000E+02   0.000000000000000E+00
   46  -1.000000000000000E+02   5.000000000000000E+00
   47  -1.000000000000000E+02   1.000000000000000E+01
   48  -1.000000000000000E+02   1.500000000000000E+01
   49  -1.000000000000000E+02   2.000000000000000E+01
   50  -1.000000000000000E+02   2.500000000000000E+01
   51  -1.000000000000000E+02   3.000000000000000E+01
   52  -1.000000000000000E+02   3.500000000000000E+01
   53  -1.000000000000000E+02   4.000000000000000E+01
   54  -1.000000000000000E+02   4.500000000000000E+01
   55  -1.000000000000000E+02   5.000000000000000E+01
   56  -9.375000000000000E+01   0.000000000000000E+00
   57  -9.375000000000000E+01   5.000000000000000E+00
   58  -9.375000000000000E+01   1.000000000000000E+01
   59  -9.375000000000000E+01   1.500000000000000E+01
   60  -9.375000000000000E+01   2.000000000000000E+01
   61  -9.375000000000000E+01   2.500000000000000E+01
   62  -9.375000000000000E+01   3.000000000000000E+01
   63  -9.375000000000000E+01   3.500000000000000E+01
   64  -9.375000000000000E+01   4.000000000000000E+01
   65  -9.375000000000000E+01   4.500000000000000E+01
   66  -9.375000000000000E+01   5.000000000000000E+01
   67  -8.750000000000000E+01   0.000000000000000E+00
   68  -8.750000000000000E+01   5.000000000000000E+00
   69  -8.750000000000000E+01   1.000000000000000E+01
   70  -8.750000000000000E+01   1.500000000000000E+01
   71  -8.750000000000000E+01   2.000000000000000E+01
   72  -8.750000000000000E+01   2.500000000000000E+01
   73  -8.750000000000000E+01   3.000000000000000E+01
   74  -8.750000000000000E+01   3.500000000000000E+01
   75  -8.750000000000000E+01   4.000000000000000E+01
   76  -8.750000000000000E+01   4.500000000000000E+01
   77  -8.750000000000000E+01   5.000000000000000E+01
   78  -8.125000000000000E+01   0.000000000000000E+00
   79  -8.125000000000000E+01   5.000000000000000E+00
   80  -8.125000000000000E+01   1.000000000000000E+01
   81  -8.125000000000000E+01   1.500000000000000E+01
   82  -8.125000000000000E+01   2.000000000000000E+01
   83  -8.125000000000000E+01   2.500000000000000E+01
   84  -8.125000000000000E+01   3.000000000000000E+01
   85  -8.125000000000000E+01   3.500000000000000E+01
   86  -8.125000000000000E+01   4.000000000000000E+01
   87  -8.125000000000000E+01   4.500000000000000E+01
   88  -8.125000000000000E+01   5.000000000000000E+01
   89  -7.500000000000000E+01   0.000000000000000E+00
   90  -7.500000000000000E+01   5.000000000000000E+00
   91  -7.500000000000000E+01   1.000000000000000E+01
   92  -7.500000000000000E+01   1.500000000000000E+01
   93  -7.500000000000000E+01   2.000000000000000E+01
   94  -7.500000000000000E+01   2.500000000000000E+01
   95  -7.500000000000000E+01   3.000000000000000E+01
   96  -7.500000000000000E+01   3.500000000000000E+01
   97  -7.500000000000000E+01   4.000000000000000E+01
   98  -7.500000000000000E+01   4.500000000000000E+01
   99  -7.500000000000000E+01   5.000000000000000E+01
  100  -6.875000000000000E+01   0.000000000000000E+00
  101  -6.875000000000000E+01   5.000000000000000E+00
  102  -6.875000000000000E+01   1.000000000000000E+01
  103  -6.875000000000000E+01   1.500000000000000E+01
  104  -6.875000000000000E+01   2.000000000000000E+01
  105  -6.875000000000000E+01   2.500000000000000E+01
  106  -6.875000000000000E+01   3.000000000000000E+01
  107  -6.875000000000000E+01   3.500000000000000E+01
  108  -6.875000000000000E+01   4.000000000000000E+01
  109  -6.875000000000000E+01   4.500000000000000E+01
  110  -6.875000000000000E+01   5.000000000000000E+01
  111  -6.250000000000000E+01   0.000000000000000E+00
  112  -6.250000000000000E+01   5.000000000000000E+00
  113  -6.250000000000000E+01   1.000000000000000E+01
  114  -6.250000000000000E+01   1.500000000000000E+01
  115  -6.250000000000000E+01   2.000000000000000E+01
  116  -6.250000000000000E+01   2.500000000000000E+01
  117  -6.250000000000000E+01   3.000000000000000E+01
  118  -6.250000000000000E+01   3.500000000000000E+01
  119  -6.250000000000000E+01   4.000000000000000E+01
  120  -6.250000000000000E+01   4.500000000000000E+01
  121  -6.250000000000000E+01   5.000000000000000E+01
  122  -5.625000000000000E+01   0.000000000000000E+00
  123  -5.625000000000000E+01   5.000000000000000E+00
  124  -5.625000000000000E+01   1.000000000000000E+01
  125  -5.625000000000000E+01   1.500000000000000E+01
  126  -5.625000000000000E+01   2.000000000000000E+01
  127  -5.625000000000000E+01   2.500000000000000E+01
  128  -5.625000000000000E+01   3.000000000000000E+01
  129  -5.625000000000000E+01   3.500000000000000E+01
  130  -5.625000000000000E+01   4.000000000000000E+01
  131  -5.625000000000000E+01   4.500000000000000E+01
  132  -5.625000000000000E+01   5.000000000000000E+01
  133  -5.000000000000000E+01   0.000000000000000E+00
  134  -5.000000000000000E+01   5.000000000000000E+00
  135  -5.000000000000000E+01   1.000000000000000E+01
  136  -5.000000000000000E+01   1.500000000000000E+01
  137  -5.000000000000000E+01   2.000000000000000E+01
  138  -5.000000000000000E+01   2.500000000000000E+01
  139  -5.000000000000000E+01   3.000000000000000E+01
  140  -5.000000000000000E+01   3.500000000000000E+01
  141  -5.000000000000000E+01   4.000000000000000E+01
  142  -5.000000000000000E+01   4.500000000000000E+01
  143  -5.000000000000000E+01   5.000000000000000E+01
  144  -4.375000000000000E+01   0.000000000000000E+00
  145  -4.375000000000000E+01   5.000000000000000E+00
  146  -4.375000000000000E+01   1.000000000000000E+01
  147  -4.375000000000000E+01   1.500000000000000E+01
  148  -4.375000000000000E+01   2.000000000000000E+01
  149  -4.375000000000000E+01   2.500000000000000E+01
  150  -4.375000000000000E+01   3.000000000000000E+01
  151  -4.375000000000000E+01   3.500000000000000E+01
  152  -4.375000000000000E+01   4.000000000000000E+01
  153  -4.375000000000000E+01   4.500000000000000E+01
  154  -4.375000000000000E+01   5.000000000000000E+01
  155  -3.750000000000000E+01   0.000000000000000E+00
  156  -3.750000000000000E+01   5.000000000000000E+00
  157  -3.750000000000000E+01   1.000000000000000E+01
  158  -3.750000000000000E+01   1.500000000000000E+01
  159  -3.750000000000000E+01   2.000000000000000E+01
  160  -3.750000000000000E+01   2.500000000000000E+01
  161  -3.750000000000000E+01   3.000000000000000E+01
  162  -3.750000000000000E+01   3.500000000000000E+01
  163  -3.750000000000000E+01   4.000000000000000E+01
  164  -3.750000000000000E+01   4.500000000000000E+01
  165  -3.750000000000000E+01   5.000000000000000E+01
  166  -3.125000000000000E+01   0.000000000000000E+00
  167  -3.125000000000000E+01   5.000000000000000E+00
  168  -3.125000000000000E+01   1.000000000000000E+01
  169  -3.125000000000000E+01   1.500000000000000E+01
  170  -3.125000000000000E+01   2.000000000000000E+01
  171  -3.125000000000000E+01   2.500000000000000E+01
  172  -3.125000000000000E+01   3.000000000000000E+01
  173  -3.125000000000000E+01   3.500000000000000E+01
  174  -3.125000000000000E+01   4.000000000000000E+01
  175  -3.125000000000000E+01   4.500000000000000E+01
  176  -3.125000000000000E+01   5.000000000000000E+01
  177  -2.500000000000000E+01   0.000000000000000E+00
  178  -2.500000000000000E+01   5.000000000000000E+00
  179  -2.500000000000000E+01   1.000000000000000E+01
  180  -2.500000000000000E+01   1.500000000000000E+01
  181  -2.500000000000000E+01   2.000000000000000E+01
  182  -2.500000000000000E+01   2.500000000000000E+01
  183  -2.500000000000000E+01   3.000000000000000E+01
  184  -2.500000000000000E+01   3.500000000000000E+01
  185  -2.500000000000000E+01   4.000000000000000E+01
  186  -2.500000000000000E+01   4.500000000000000E+01
  187  -2.500000000000000E+01   5.000000000000000E+01
  188  -1.875000000000000E+01   0.000000000000000E+00
  189  -1.875000000000000E+01   5.000000000000000E+00
  190  -1.875000000000000E+01   1.000000000000000E+01
  191  -1.875000000000000E+01   1.500000000000000E+01
  192  -1.875000000000000E+01   2.000000000000000E+01
  193  -1.875000000000000E+01   2.500000000000000E+01
  194  -1.875000000000000E+01   3.000000000000000E+01
  195  -1.875000000000000E+01   3.500000000000000E+01
  196  -1.875000000000000E+01   4.000000000000000E+01
  197  -1.875000000000000E+01   4.500000000000000E+01
  198  -1.875000000000000E+01   5.000000000000000E+01
  199  -1.250000000000000E+01   0.000000000000000E+00
  200  -1.250000000000000E+01   5.000000000000000E+00
  201  -1.250000000000000E+01   1.000000000000000E+01
  202  -1.250000000000000E+01   1.500000000000000E+01
  203  -1.250000000000000E+01   2.000000000000000E+01
  204  -1.250000000000000E+01   2.500000000000000E+01
  205  -1.250000000000000E+01   3.000000000000000E+01
  206  -1.250000000000000E+01   3.500000000000000E+01
  207  -1.250000000000000E+01   4.000000000000000E+01
  208  -1.250000000000000E+01   4.500000000000000E+01
  209  -1.250000000000000E+01   5.000000000000000E+01
  210  -6.250000000000000E+00   0.000000000000000E+00
  211  -6.250000000000000E+00   5.000000000000000E+00
  212  -6.250000000000000E+00   1.000000000000000E+01
  213  -6.250000000000000E+00   1.500000000000000E+01
  214  -6.250000000000000E+00   2.000000000000000E+01
  215  -6.250000000000000E+00   2.500000000000000E+01
  216  -6.250000000000000E+00   3.000000000000000E+01
  217  -6.250000000000000E+00   3.500000000000000E+01
  218  -6.250000000000000E+00   4.000000000000000E+01
  219  -6.250000000000000E+00   4.500000000000000E+01
  220  -6.250000000000000E+00   5.000000000000000E+01
  221   0.000000000000000E+00   0.000000000000000E+00
  222   0.000000000000000E+00   5.000000000000000E+00
  223   0.000000000000000E+00   1.000000000000000E+01
  224   0.000000000000000E+00   1.500000000000000E+01
  225   0.000000000000000E+00   2.000000000000000E+01
  226   0.000000000000000E+00   2.500000000000000E+01
  227   0.000000000000000E+00   3.000000000000000E+01
  228   0.000000000000000E+00   3.500000000000000E+01
  229   0.000000000000000E+00   4.000000000000000E+01
  230   0.000000000000000E+00   4.500000000000000E+01
  231   0.000000000000000E+00   5.000000000000000E+01
  232   6.250000000000000E+00   0.000000000000000E+00
  233   6.250000000000000E+00   5.000000000000000E+00
  234   6.250000000000000E+00   1.000000000000000E+01
  235   6.250000000000000E+00   1.500000000000000E+01
  236   6.250000000000000E+00   2.000000000000000E+01
  237   6.250000000000000E+00   2.500000000000000E+01
  238   6.250000000000000E+00   3.000000000000000E+01
  239   6.250000000000000E+00   3.500000000000000E+01
  240   6.250000000000000E+00   4.000000000000000E+01
  241   6.250000000000000E+00   4.500000000000000E+01
  242   6.250000000000000E+00   5.000000000000000E+01
  243   1.250000000000000E+01   0.000000000000000E+00
  244   1.250000000000000E+01   5.000000000000000E+00
  245   1.250000000000000E+01   1.000000000000000E+01
  246   1.250000000000000E+01   1.500000000000000E+01
  247   1.250000000000000E+01   2.000000000000000E+01
  248   1.250000000000000E+01   2.500000000000000E+01
  249   1.250000000000000E+01   3.000000000000000E+01
  250   1.250000000000000E+01   3.500000000000000E+01
  251   1.250000000000000E+01   4.000000000000000E+01
  252   1.250000000000000E+01   4.500000000000000E+01
  253   1.250000000000000E+01   5.000000000000000E+01
  254   1.875000000000000E+01   0.000000000000000E+00
  255   1.875000000000000E+01   5.000000000000000E+00
  256   1.875000000000000E+01   1.000000000000000E+01
  257   1.875000000000000E+01   1.500000000000000E+01
  258   1.875000000000000E+01   2.000000000000000E+01
  259   1.875000000000000E+01   2.500000000000000E+01
  260   1.875000000000000E+01   3.000000000000000E+01
  261   1.875000000000000E+01   3.500000000000000E+01
  262   1.875000000000000E+01   4.000000000000000E+01
  263   1.875000000000000E+01   4.500000000000000E+01
  264   1.875000000000000E+01   5.000000000000000E+01
  265   2.500000000000000E+01   0.000000000000000E+00
  266   2.500000000000000E+01   5.000000000000000E+00
  267   2.500000000000000E+01   1.000000000000000E+01
  268   2.500000000000000E+01   1.500000000000000E+01
  269   2.500000000000000E+01   2.000000000000000E+01
  270   2.500000000000000E+01   2.500000000000000E+01
  271   2.500000000000000E+01   3.000000000000000E+01
  272   2.500000000000000E+01   3.500000000000000E+01
  273   2.500000000000000E+01   4.000000000000000E+01
  274   2.500000000000000E+01   4.500000000000000E+01
  275   2.500000000000000E+01   5.000000000000000E+01
  276   3.125000000000000E+01   0.000000000000000E+00
  277   3.125000000000000E+01   5.000000000000000E+00
  278   3.125000000000000E+01   1.000000000000000E+01
  279   3.125000000000000E+01   1.500000000000000E+01
  280   3.125000000000000E+01   2.000000000000000E+01
  281   3.125000000000000E+01   2.500000000000000E+01
  282   3.125000000000000E+01   3.000000000000000E+01
  283   3.125000000000000E+01   3.500000000000000E+01
  284   3.125000000000000E+01   4.000000000000000E+01
  285   3.125000000000000E+01   4.500000000000000E+01
  286   3.125000000000000E+01   5.000000000000000E+01
  287   3.750000000000000E+01   0.000000000000000E+00
  288   3.750000000000000E+01   5.000000000000000E+00
  289   3.750000000000000E+01   1.000000000000000E+01
  290   3.750000000000000E+01   1.500000000000000E+01
  291   3.750000000000000E+01   2.000000000000000E+01
  292   3.750000000000000E+01   2.500000000000000E+01
  293   3.750000000000000E+01   3.000000000000000E+01
  294   3.750000000000000E+01   3.500000000000000E+01
  295   3.750000000000000E+01   4.000000000000000E+01
  296   3.750000000000000E+01   4.500000000000000E+01
  297   3.750000000000000E+01   5.000000000000000E+01
  298   4.375000000000000E+01   0.000000000000000E+00
  299   4.375000000000000E+01   5.000000000000000E+00
  300   4.375000000000000E+01   1.000000000000000E+01
  301   4.375000000000000E+01   1.500000000000000E+01
  302   4.375000000000000E+01   2.000000000000000E+01
  303   4.375000000000000E+01   2.500000000000000E+01
  304   4.375000000000000E+01   3.000000000000000E+01
  305   4.375000000000000E+01   3.500000000000000E+01
  306   4.375000000000000E+01   4.000000000000000E+01
  307   4.375000000000000E+01   4.500000000000000E+01
  308   4.375000000000000E+01   5.000000000000000E+01
  309   5.000000000000000E+01   0.000000000000000E+00
  310   5.000000000000000E+01   5.000000000000000E+00
  311   5.000000000000000E+01   1.000000000000000E+01
  312   5.000000000000000E+01   1.500000000000000E+01
  313   5.000000000000000E+01   2.000000000000000E+01
  314   5.000000000000000E+01   2.500000000000000E+01
  315   5.000000000000000E+01   3.000000000000000E+01
  316   5.000000000000000E+01   3.500000000000000E+01
  317   5.000000000000000E+01   4.000000000000000E+01
  318   5.000000000000000E+01   4.500000000000000E+01
  319   5.000000000000000E+01   5.000000000000000E+01
  320   5.625000000000000E+01   0.000000000000000E+00
  321   5.625000000000000E+01   5.000000000000000E+00
  322   5.625000000000000E+01   1.000000000000000E+01
  323   5.625000000000000E+01   1.500000000000000E+01
  324   5.625000000000000E+01   2.000000000000000E+01
  325   5.625000000000000E+01   2.500000000000000E+01
  326   5.625000000000000E+01   3.000000000000000E+01
  327   5.625000000000000E+01   3.500000000000000E+01
  328   5.625000000000000E+01   4.000000000000000E+01
  329   5.625000000000000E+01   4.500000000000000E+01
  330   5.625000000000000E+01   5.000000000000000E+01
  331   6.250000000000000E+01   0.000000000000000E+00
  332   6.250000000000000E+01   5.000000000000000E+00
  333   6.250000000000000E+01   1.000000000000000E+01
  334   6.250000000000000E+01   1.500000000000000E+01
  335   6.250000000000000E+01   2.000000000000000E+01
  336   6.250000000000000E+01   2.500000000000000E+01
  337   6.250000000000000E+01   3.000000000000000E+01
  338   6.250000000000000E+01   3.500000000000000E+01
  339   6.250000000000000E+01   4.000000000000000E+01
  340   6.250000000000000E+01   4.500000000000000E+01
  341   6.250000000000000E+01   5.000000000000000E+01
  342   6.875000000000000E+01   0.000000000000000E+00
  343   6.875000000000000E+01   5.000000000000000E+00
  344   6.875000000000000E+01   1.000000000000000E+01
  345   6.875000000000000E+01   1.500000000000000E+01
  346   6.875000000000000E+01   2.000000000000000E+01
  347   6.875000000000000E+01   2.500000000000000E+01
  348   6.875000000000000E+01   3.000000000000000E+01
  349   6.875000000000000E+01   3.500000000000000E+01
  350   6.875000000000000E+01   4.000000000000000E+01
  351   6.875000000000000E+01   4.500000000000000E+01
  352   6.875000000000000E+01   5.000000000000000E+01
  353   7.500000000000000E+01   0.000000000000000E+00
  354   7.500000000000000E+01   5.000000000000000E+00
  355   7.500000000000000E+01   1.000000000000000E+01
  356   7.500000000000000E+01   1.500000000000000E+01
  357   7.500000000000000E+01   2.000000000000000E+01
  358   7.500000000000000E+01   2.500000000000000E+01
  359   7.500000000000000E+01   3.000000000000000E+01
  360   7.500000000000000E+01   3.500000000000000E+01
  361   7.500000000000000E+01   4.000000000000000E+01
  362   7.500000000000000E+01   4.500000000000000E+01
  363   7.500000000000000E+01   5.000000000000000E+01
  364   8.125000000000000E+01   0.000000000000000E+00
  365   8.125000000000000E+01   5.000000000000000E+00
  366   8.125000000000000E+01   1.000000000000000E+01
  367   8.125000000000000E+01   1.500000000000000E+01
  368   8.125000000000000E+01   2.000000000000000E+01
  369   8.125000000000000E+01   2.500000000000000E+01
  370   8.125000000000000E+01   3.000000000000000E+01
  371   8.125000000000000E+01   3.500000000000000E+01
  372   8.125000000000000E+01   4.000000000000000E+01
  373   8.125000000000000E+01   4.500000000000000E+01
  374   8.125000000000000E+01   5.000000000000000E+01
  375   8.750000000000000E+01   0.000000000000000E+00
  376   8.750000000000000E+01   5.000000000000000E+00
  377   8.750000000000000E+01   1.000000000000000E+01
  378   8.750000000000000E+01   1.500000000000000E+01
  379   8.750000000000000E+01   2.000000000000000E+01
  380   8.750000000000000E+01   2.500000000000000E+01
  381   8.750000000000000E+01   3.000000000000000E+01
  382   8.750000000000000E+01   3.500000000000000E+01
  383   8.750000000000000E+01   4.000000000000000E+01
  384   8.750000000000000E+01   4.500000000000000E+01
  385   8.750000000000000E+01   5.000000000000000E+01
  386   9.375000000000000E+01   0.000000000000000E+00
  387   9.375000000000000E+01   5.000000000000000E+00
  388   9.375000000000000E+01   1.000000000000000E+01
  389   9.375000000000000E+01   1.500000000000000E+01
  390   9.375000000000000E+01   2.000000000000000E+01
  391   9.375000000000000E+01   2.500000000000000E+01
  392   9.375000000000000E+01   3.000000000000000E+01
  393   9.375000000000000E+01   3.500000000000000E+01
  394   9.375000000000000E+01   4.000000000000000E+01
  395   9.375000000000000E+01   4.500000000000000E+01
  396   9.375000000000000E+01   5.000000000000000E+01
  397   1.000000000000000E+02   0.000000000000000E+00
  398   1.000000000000000E+02   5.000000000000000E+00
  399   1.000000000000000E+02   1.000000000000000E+01
  400   1.000000000000000E+02   1.500000000000000E+01
  401   1.000000000000000E+02   2.000000000000000E+01
  402   1.000000000000000E+02   2.500000000000000E+01
  403   1.000000000000000E+02   3.000000000000000E+01
  404   1.000000000000000E+02   3.500000000000000E+01
  405   1.000000000000000E+02   4.000000000000000E+01
  406   1.000000000000000E+02   4.500000000000000E+01
  407   1.000000000000000E+02   5.000000000000000E+01
  408   1.062500000000000E+02   0.000000000000000E+00
  409   1.062500000000000E+02   5.000000000000000E+00
  410   1.062500000000000E+02   1.000000000000000E+01
  411   1.062500000000000E+02   1.500000000000000E+01
  412   1.062500000000000E+02   2.000000000000000E+01
  413   1.062500000000000E+02   2.500000000000000E+01
  414   1.062500000000000E+02   3.000000000000000E+01
  415   1.062500000000000E+02   3.500000000000000E+01
  416   1.062500000000000E+02   4.000000000000000E+01
  417   1.062500000000000E+02   4.500000000000000E+01
  418   1.062500000000000E+02   5.000000000000000E+01
  419   1.125000000000000E+02   0.000000000000000E+00
  420   1.125000000000000E+02   5.000000000000000E+00
  421   1.125000000000000E+02   1.000000000000000E+01
  422   1.125000000000000E+02   1.500000000000000E+01
  423   1.125000000000000E+02   2.000000000000000E+01
  424   1.125000000000000E+02   2.500000000000000E+01
  425   1.125000000000000E+02   3.000000000000000E+01
  426   1.125000000000000E+02   3.500000000000000E+01
  427   1.125000000000000E+02   4.000000000000000E+01
  428   1.125000000000000E+02   4.500000000000000E+01
  429   1.125000000000000E+02   5.000000000000000E+01
  430   1.187500000000000E+02   0.000000000000000E+00
  431   1.187500000000000E+02   5.000000000000000E+00
  432   1.187500000000000E+02   1.000000000000000E+01
  433   1.187500000000000E+02   1.500000000000000E+01
  434   1.187500000000000E+02   2.000000000000000E+01
  435   1.187500000000000E+02   2.500000000000000E+01
  436   1.187500000000000E+02   3.000000000000000E+01
  437   1.187500000000000E+02   3.500000000000000E+01
  438   1.187500000000000E+02   4.000000000000000E+01
  439   1.187500000000000E+02   4.500000000000000E+01
  440   1.187500000000000E+02   5.000000000000000E+01
  441   1.250000000000000E+02   0.000000000000000E+00
  442   1.250000000000000E+02   5.000000000000000E+00
  443   1.250000000000000E+02   1.000000000000000E+01
  444   1.250000000000000E+02   1.500000000000000E+01
  445   1.250000000000000E+02   2.000000000000000E+01
  446   1.250000000000000E+02   2.500000000000000E+01
  447   1.250000000000000E+02   3.000000000000000E+01
  448   1.250000000000000E+02   3.500000000000000E+01
  449   1.250000000000000E+02   4.000000000000000E+01
  450   1.250000000000000E+02   4.500000000000000E+01
  451   1.250000000000000E+02   5.000000000000000E+01
  452   9.499999999999493E+01   1.500000310455152E+02
  453   9.749999999999480E+01   1.500000318625024E+02
  454   9.999999999999466E+01   1.500000326794897E+02
  455   9.470714913579798E+01   1.425464168598126E+02
  456   9.719944249989793E+01   1.423502699342814E+02
  457   9.969173596399789E+01   1.421541230087501E+02
  458   9.383039725658355E+01   1.351387564632942E+02
  459   9.629961818438836E+01   1.347476711702230E+02
  460   9.876883921219321E+01   1.343565857771518E+02
  461   9.237514964742667E+01   1.278227205877263E+02
  462   9.480607463814842E+01   1.272391079821401E+02
  463   9.723699962887017E+01   1.266554953765540E+02
  464   9.035037859358697E+01   1.206434150260411E+02
  465   9.272802014604979E+01   1.198708733030421E+02
  466   9.510566169851258E+01   1.190983316800432E+02
  467   8.776856748059963E+01   1.136451025823180E+02
  468   9.007826659324699E+01   1.126883947371158E+02
  469   9.238796580589432E+01   1.117316869919137E+02
  470   8.464563389436444E+01   1.068709301617589E+02
  471   8.687315056526874E+01   1.057359546896999E+02
  472   8.910066723617309E+01   1.046009791176409E+02
  473   8.100083182123277E+01   1.003626628706558E+02
  474   8.313243264810735E+01   9.905641706725200E+01
  475   8.526403347498190E+01   9.775017136384821E+01
  476   7.685663274809188E+01   9.416042611635237E+01
  477   7.887917572830482E+01   9.269096367730901E+01
  478   8.090171860851774E+01   9.122150123826563E+01
  479   7.223858686244539E+01   8.830245900719822E+01
  480   7.413960229303605E+01   8.667883952844028E+01
  481   7.604061782362670E+01   8.505522004968236E+01
  482   6.717516615249072E+01   8.282487775249787E+01
  483   6.894293373018785E+01   8.105711133019521E+01
  484   7.071070120788495E+01   7.928934500789252E+01
  485   6.169758820719164E+01   7.776145346245309E+01
  486   6.332120892843352E+01   7.586043909304396E+01
  487   6.494482964967543E+01   7.395942462363483E+01
  488   5.583962411634640E+01   7.314340374810008E+01
  489   5.730908787730289E+01   7.112086172831322E+01
  490   5.877855163825934E+01   6.909831980852638E+01
  491   4.963739007065050E+01   6.899920062124143E+01
  492   5.094363726724657E+01   6.686760064811622E+01
  493   5.224988436384263E+01   6.473600067499099E+01
  494   4.312912516175426E+01   6.535439429437346E+01
  495   4.426410208969516E+01   6.312687836527802E+01
  496   4.539907911763606E+01   6.089936243618261E+01
  497   3.635495478231410E+01   6.223145628060901E+01
  498   3.731166413711183E+01   5.992175779325660E+01
  499   3.826837339190959E+01   5.761205920590419E+01
  500   2.935664402603792E+01   5.964964059359663E+01
  501   3.012918730303892E+01   5.727199954605969E+01
  502   3.090173048003992E+01   5.489435849852273E+01
  503   2.217733978772392E+01   5.762486484743653E+01
  504   2.276095398213770E+01   5.519394023815853E+01
  505   2.334456817655149E+01   5.276301562888054E+01
  506   1.486130486329258E+01   5.616961245659358E+01
  507   1.525239177022132E+01   5.370039178439866E+01
  508   1.564347877715008E+01   5.123117101220375E+01
  509   7.453645039811810E+00   5.529285573580810E+01
  510   7.649793594280530E+00   5.280056249990832E+01
  511   7.845942148749283E+00   5.030826916400854E+01
  512   3.104551517694022E-05   5.500000000000507E+01
  513   3.186250241843864E-05   5.250000000000520E+01
  514   3.267948965993707E-05   5.000000000000534E+01
  515  -7.453583140187395E+00   5.529285086420202E+01
  516  -7.649730065718654E+00   5.280055750010206E+01
  517  -7.845876991249879E+00   5.030826403600211E+01
  518  -1.486124353670583E+01   5.616960274341646E+01
  519  -1.525232882977705E+01   5.370038181561164E+01
  520  -1.564341422284824E+01   5.123116078780679E+01
  521  -2.217727941227371E+01   5.762485035257333E+01
  522  -2.276089201785986E+01   5.519392536185158E+01
  523  -2.334450462344601E+01   5.276300037112983E+01
  524  -2.935658497395894E+01   5.964962140641303E+01
  525  -3.012912669695786E+01   5.727197985395021E+01
  526  -3.090166831995677E+01   5.489433830148741E+01
  527  -3.635489741768201E+01   6.223143251940037E+01
  528  -3.731160526288418E+01   5.992173340675299E+01
  529  -3.826831300808632E+01   5.761203419410566E+01
  530  -4.312906983824113E+01   6.535436610563556E+01
  531  -4.426404531030011E+01   6.312684943473126E+01
  532  -4.539902088235910E+01   6.089933276382691E+01
  533  -4.963733712934420E+01   6.899916817876722E+01
  534  -5.094358293274799E+01   6.686756735189263E+01
  535  -5.224982863615179E+01   6.473596652501810E+01
  536  -5.583957388364763E+01   7.314336725190812E+01
  537  -5.730903632269099E+01   7.112082427169518E+01
  538  -5.877849876173438E+01   6.909828139148226E+01
  539  -6.169754099280178E+01   7.776141313755460E+01
  540  -6.332116047155972E+01   7.586039770696397E+01
  541  -6.494477995031764E+01   7.395938217637330E+01
  542  -6.717512224750212E+01   8.282483384750928E+01
  543  -6.894288866980479E+01   8.105706626981215E+01
  544  -7.071065499210748E+01   7.928929879211505E+01
  545  -7.223854653754691E+01   8.830241179280836E+01
  546  -7.413956090695604E+01   8.667879107156648E+01
  547  -7.604057537636517E+01   8.505517035032457E+01
  548  -7.685659625189993E+01   9.416037588365360E+01
  549  -7.887913827168677E+01   9.269091212269711E+01
  550  -8.090168019147362E+01   9.122144836174066E+01
  551  -8.100079937875857E+01   1.003626099293495E+02
  552  -8.313239935188378E+01   9.905636273275343E+01
  553  -8.526399932500900E+01   9.775011563615737E+01
  554  -8.464560570562654E+01   1.068708748382457E+02
  555  -8.687312163472197E+01   1.057358979103048E+02
  556  -8.910063756381740E+01   1.046009208823639E+02
  557  -8.776854371939100E+01   1.136450452176859E+02
  558  -9.007824220674340E+01   1.126883358628882E+02
  559  -9.238794079409581E+01   1.117316266080904E+02
  560  -9.035035940640337E+01   1.206433559739621E+02
  561  -9.272800045394030E+01   1.198708126969611E+02
  562  -9.510564150147727E+01   1.190982695199601E+02
  563  -9.237513515256347E+01   1.278226602122761E+02
  564  -9.480605976184147E+01   1.272390460178623E+02
  565  -9.723698437111945E+01   1.266554318234485E+02
  566  -9.383038754340642E+01   1.351386951367074E+02
  567  -9.629960821560135E+01   1.347476082297787E+02
  568  -9.876882898779625E+01   1.343565212228499E+02
  569  -9.470714426419190E+01   1.425463549601882E+02
  570  -9.719943750009168E+01   1.423502064057195E+02
  571  -9.969173083599148E+01   1.421540578512507E+02
  572  -9.499999999999493E+01   1.499999689544848E+02
  573  -9.749999999999480E+01   1.499999681374976E+02
  574  -9.999999999999466E+01   1.499999673205103E+02
  575   8.999999999999520E+01   1.500000294115407E+02
  576   9.249999999999505E+01   1.500000302285279E+02
  577   8.972256230759810E+01   1.429387107008751E+02
  578   9.221485577169804E+01   1.427425637853439E+02
  579   8.889195530097389E+01   1.359209271494366E+02
  580   9.136117622877870E+01   1.355298418563654E+02
  581   8.751329966598313E+01   1.289899458988986E+02
  582   8.994422465670492E+01   1.284063331933124E+02
  583   8.559509558866132E+01   1.221884984720389E+02
  584   8.797273714112416E+01   1.214159567490400E+02
  585   8.314916915530490E+01   1.155585182727223E+02
  586   8.545886836795226E+01   1.146018104275201E+02
  587   8.019060055255578E+01   1.091408812058768E+02
  588   8.241811722346009E+01   1.080059057338179E+02
  589   7.673763016748369E+01   1.029751542774634E+02
  590   7.886923099435823E+01   1.016689085740596E+02
  591   7.281154678766597E+01   9.709935109443907E+01
  592   7.483408976787891E+01   9.562988865539572E+01
  593   6.843655600126402E+01   9.154969806471411E+01
  594   7.033757143185473E+01   8.992607848595617E+01
  595   6.363963109709647E+01   8.636041049710326E+01
  596   6.540739867479360E+01   8.459264407480060E+01
  597   5.845034666470787E+01   8.156348220127134E+01
  598   6.007396748594976E+01   7.966246783186223E+01
  599   5.290069649443343E+01   7.718848778767375E+01
  600   5.437016025538991E+01   7.516594576788690E+01
  601   4.702489587745838E+01   7.326240056749188E+01
  602   4.833114297405444E+01   7.113080059436665E+01
  603   4.085917120587246E+01   6.980942615256434E+01
  604   4.199414813381337E+01   6.758191022346890E+01
  605   3.444153607271862E+01   6.685085335531376E+01
  606   3.539824542751638E+01   6.454115476796139E+01
  607   2.781155747203595E+01   6.440492258867049E+01
  608   2.858410074903695E+01   6.202728154113356E+01
  609   2.101011129889634E+01   6.248671406599247E+01
  610   2.159372559331013E+01   6.005578945671452E+01
  611   1.407913094943508E+01   6.110805390098341E+01
  612   1.447021785636382E+01   5.863883322878847E+01
  613   7.061347940874335E+00   6.027744230760767E+01
  614   7.257496485343088E+00   5.778514897170790E+01
  615   2.941154069394336E-05   6.000000000000480E+01
  616   3.022852793544179E-05   5.750000000000495E+01
  617  -7.061289299124910E+00   6.027743769240190E+01
  618  -7.257436214656136E+00   5.778514422830197E+01
  619  -1.407907285056342E+01   6.110804469902610E+01
  620  -1.447015814363464E+01   5.863882377122128E+01
  621  -2.101005410110141E+01   6.248670033401687E+01
  622  -2.159366680668756E+01   6.005577534329508E+01
  623  -2.781150152796108E+01   6.440490441133868E+01
  624  -2.858404325095999E+01   6.202726285887584E+01
  625  -3.444148172727771E+01   6.685083084469510E+01
  626  -3.539818957247984E+01   6.454113163204772E+01
  627  -4.085911879412317E+01   6.980939944744422E+01
  628  -4.199409426618215E+01   6.758188277653991E+01
  629  -4.702484572253660E+01   7.326236983251630E+01
  630  -4.833109142594040E+01   7.113076900564177E+01
  631  -5.290064890556093E+01   7.718845321233403E+01
  632  -5.437011134460428E+01   7.516591023212108E+01
  633  -5.845030193528588E+01   8.156344399873598E+01
  634  -6.007392151404383E+01   7.966242856814527E+01
  635  -6.363958950289674E+01   8.636036890290353E+01
  636  -6.540735592519940E+01   8.459260132520640E+01
  637  -6.843651779872866E+01   9.154965333529213E+01
  638  -7.033753216813777E+01   8.992603251405023E+01
  639  -7.281151221232625E+01   9.709930350556658E+01
  640  -7.483405423211310E+01   9.562983974461008E+01
  641  -7.673759943250812E+01   1.029751041225416E+02
  642  -7.886919940563334E+01   1.016688570259456E+02
  643  -8.019057384743564E+01   1.091408287941275E+02
  644  -8.241808977653110E+01   1.080058518661866E+02
  645  -8.314914664468623E+01   1.155584639272814E+02
  646  -8.545884523203861E+01   1.146017545724836E+02
  647  -8.559507741132951E+01   1.221884425279640E+02
  648  -8.797271845886645E+01   1.214158992509631E+02
  649  -8.751328593400753E+01   1.289898887011037E+02
  650  -8.994421054328548E+01   1.284062744066899E+02
  651  -8.889194609901659E+01   1.359208690505649E+02
  652  -9.136116677121153E+01   1.355297821436362E+02
  653  -8.972255769239233E+01   1.429386520591257E+02
  654  -9.221485102829210E+01   1.427425035146569E+02
  655  -8.999999999999520E+01   1.499999705884593E+02
  656  -9.249999999999505E+01   1.499999697714721E+02
      3
1   451    11   1   1   0
452   454   1   1   1   0
575   576   1   1   1   0
572   574   1   1   1   0
655   656   1   1   1   0
      0      0      0      0      0      0
       1     9
 300.0d  3.00E-01  0.00E+00  0.00E+00  0.00E+00  0.00E+00  0.00E+00  0.00E+00  1.00E-3  
       2     9
 1.00E+3  3.00E-01  0.00E+00  0.00E+00  0.00E+00  0.00E+00  0.00E+00  0.00E+00  1.00E-3  
       3     9
 1.00E+5  3.00E-01  0.00E+00  0.00E+00  0.00E+00  0.00E+00  0.00E+00  0.00E+00  1.00E-3 
       0      0      0      0      0      0      0      0      0      0      0      0


    1
   p9_3
  140    9    9    3
              1              1             23             25              3             12             24             14              2             13              1              1
              2              3             25             27              5             14             26             16              4             15              1              1
              3              5             27             29              7             16             28             18              6             17              1              1
              4              7             29             31              9             18             30             20              8             19              1              1
              5              9             31             33             11             20             32             22             10             21              1              1
              6             23             45             47             25             34             46             36             24             35              1              1
              7             25             47             49             27             36             48             38             26             37              1              1
              8             27             49             51             29             38             50             40             28             39              1              1
              9             29             51             53             31             40             52             42             30             41              1              1
             10             31             53             55             33             42             54             44             32             43              1              1
             11             45             67             69             47             56             68             58             46             57              1              1
             12             47             69             71             49             58             70             60             48             59              1              1
             13             49             71             73             51             60             72             62             50             61              1              1
             14             51             73             75             53             62             74             64             52             63              1              1
             15             53             75             77             55             64             76             66             54             65              1              1
             16             67             89             91             69             78             90             80             68             79              1              1
             17             69             91             93             71             80             92             82             70             81              1              1
             18             71             93             95             73             82             94             84             72             83              1              1
             19             73             95             97             75             84             96             86             74             85              1              1
             20             75             97             99             77             86             98             88             76             87              1              1
             21             89            111            113             91            100            112            102             90            101              1              1
             22             91            113            115             93            102            114            104             92            103              1              1
             23             93            115            117             95            104            116            106             94            105              1              1
             24             95            117            119             97            106            118            108             96            107              1              1
             25             97            119            121             99            108            120            110             98            109              1              1
             26            111            133            135            113            122            134            124            112            123              1              1
             27            113            135            137            115            124            136            126            114            125              1              1
             28            115            137            139            117            126            138            128            116            127              1              1
             29            117            139            141            119            128            140            130            118            129              1              1
             30            119            141            143            121            130            142            132            120            131              1              1
             31            133            155            157            135            144            156            146            134            145              1              1
             32            135            157            159            137            146            158            148            136            147              1              1
             33            137            159            161            139            148            160            150            138            149              1              1
             34            139            161            163            141            150            162            152            140            151              1              1
             35            141            163            165            143            152            164            154            142            153              1              1
             36            155            177            179            157            166            178            168            156            167              1              1
             37            157            179            181            159            168            180            170            158            169              1              1
             38            159            181            183            161            170            182            172            160            171              1              1
             39            161            183            185            163            172            184            174            162            173              1              1
             40            163            185            187            165            174            186            176            164            175              1              1
             41            177            199            201            179            188            200            190            178            189              1              1
             42            179            201            203            181            190            202            192            180            191              1              1
             43            181            203            205            183            192            204            194            182            193              1              1
             44            183            205            207            185            194            206            196            184            195              1              1
             45            185            207            209            187            196            208            198            186            197              1              1
             46            199            221            223            201            210            222            212            200            211              1              1
             47            201            223            225            203            212            224            214            202            213              1              1
             48            203            225            227            205            214            226            216            204            215              1              1
             49            205            227            229            207            216            228            218            206            217              1              1
             50            207            229            231            209            218            230            220            208            219              1              1
             51            221            243            245            223            232            244            234            222            233              1              1
             52            223            245            247            225            234            246            236            224            235              1              1
             53            225            247            249            227            236            248            238            226            237              1              1
             54            227            249            251            229            238            250            240            228            239              1              1
             55            229            251            253            231            240            252            242            230            241              1              1
             56            243            265            267            245            254            266            256            244            255              1              1
             57            245            267            269            247            256            268            258            246            257              1              1
             58            247            269            271            249            258            270            260            248            259              1              1
             59            249            271            273            251            260            272            262            250            261              1              1
             60            251            273            275            253            262            274            264            252            263              1              1
             61            265            287            289            267            276            288            278            266            277              1              1
             62            267            289            291            269            278            290            280            268            279              1              1
             63            269            291            293            271            280            292            282            270            281              1              1
             64            271            293            295            273            282            294            284            272            283              1              1
             65            273            295            297            275            284            296            286            274            285              1              1
             66            287            309            311            289            298            310            300            288            299              1              1
             67            289            311            313            291            300            312            302            290            301              1              1
             68            291            313            315            293            302            314            304            292            303              1              1
             69            293            315            317            295            304            316            306            294            305              1              1
             70            295            317            319            297            306            318            308            296            307              1              1
             71            309            331            333            311            320            332            322            310            321              1              1
             72            311            333            335            313            322            334            324            312            323              1              1
             73            313            335            337            315            324            336            326            314            325              1              1
             74            315            337            339            317            326            338            328            316            327              1              1
             75            317            339            341            319            328            340            330            318            329              1              1
             76            331            353            355            333            342            354            344            332            343              1              1
             77            333            355            357            335            344            356            346            334            345              1              1
             78            335            357            359            337            346            358            348            336            347              1              1
             79            337            359            361            339            348            360            350            338            349              1              1
             80            339            361            363            341            350            362            352            340            351              1              1
             81            353            375            377            355            364            376            366            354            365              1              1
             82            355            377            379            357            366            378            368            356            367              1              1
             83            357            379            381            359            368            380            370            358            369              1              1
             84            359            381            383            361            370            382            372            360            371              1              1
             85            361            383            385            363            372            384            374            362            373              1              1
             86            375            397            399            377            386            398            388            376            387              1              1
             87            377            399            401            379            388            400            390            378            389              1              1
             88            379            401            403            381            390            402            392            380            391              1              1
             89            381            403            405            383            392            404            394            382            393              1              1
             90            383            405            407            385            394            406            396            384            395              1              1
             91            397            419            421            399            408            420            410            398            409              1              1
             92            399            421            423            401            410            422            412            400            411              1              1
             93            401            423            425            403            412            424            414            402            413              1              1
             94            403            425            427            405            414            426            416            404            415              1              1
             95            405            427            429            407            416            428            418            406            417              1              1
             96            419            441            443            421            430            442            432            420            431              1              1
             97            421            443            445            423            432            444            434            422            433              1              1
             98            423            445            447            425            434            446            436            424            435              1              1
             99            425            447            449            427            436            448            438            426            437              1              1
            100            427            449            451            429            438            450            440            428            439              1              1
            101            452            458            460            454            455            459            457            453            456              2              1
            102            458            464            466            460            461            465            463            459            462              2              1
            103            464            470            472            466            467            471            469            465            468              2              1
            104            470            476            478            472            473            477            475            471            474              2              1
            105            476            482            484            478            479            483            481            477            480              2              1
            106            482            488            490            484            485            489            487            483            486              2              1
            107            488            494            496            490            491            495            493            489            492              2              1
            108            494            500            502            496            497            501            499            495            498              2              1
            109            500            506            508            502            503            507            505            501            504              2              1
            110            506            512            514            508            509            513            511            507            510              2              1
            111            512            518            520            514            515            519            517            513            516              2              1
            112            518            524            526            520            521            525            523            519            522              2              1
            113            524            530            532            526            527            531            529            525            528              2              1
            114            530            536            538            532            533            537            535            531            534              2              1
            115            536            542            544            538            539            543            541            537            540              2              1
            116            542            548            550            544            545            549            547            543            546              2              1
            117            548            554            556            550            551            555            553            549            552              2              1
            118            554            560            562            556            557            561            559            555            558              2              1
            119            560            566            568            562            563            567            565            561            564              2              1
            120            566            572            574            568            569            573            571            567            570              2              1
            121            575            579            458            452            577            580            455            576            578              3              1
            122            579            583            464            458            581            584            461            580            582              3              1
            123            583            587            470            464            585            588            467            584            586              3              1
            124            587            591            476            470            589            592            473            588            590              3              1
            125            591            595            482            476            593            596            479            592            594              3              1
            126            595            599            488            482            597            600            485            596            598              3              1
            127            599            603            494            488            601            604            491            600            602              3              1
            128            603            607            500            494            605            608            497            604            606              3              1
            129            607            611            506            500            609            612            503            608            610              3              1
            130            611            615            512            506            613            616            509            612            614              3              1
            131            615            619            518            512            617            620            515            616            618              3              1
            132            619            623            524            518            621            624            521            620            622              3              1
            133            623            627            530            524            625            628            527            624            626              3              1
            134            627            631            536            530            629            632            533            628            630              3              1
            135            631            635            542            536            633            636            539            632            634              3              1
            136            635            639            548            542            637            640            545            636            638              3              1
            137            639            643            554            548            641            644            551            640            642              3              1
            138            643            647            560            554            645            648            557            644            646              3              1
            139            647            651            566            560            649            652            563            648            650              3              1
            140            651            655            572            566            653            656            569            652            654              3              1
0,0,0,0,0,0,0
