Analysis for,q9 combined geometry  976   nodes  210    elements

   5.000000000000000E-06
  976    2
    1  -1.250000000000000E+02   0.000000000000000E+00
    2  -1.250000000000000E+02   5.000000000000000E+00
    3  -1.250000000000000E+02   1.000000000000000E+01
    4  -1.250000000000000E+02   1.500000000000000E+01
    5  -1.250000000000000E+02   2.000000000000000E+01
    6  -1.250000000000000E+02   2.500000000000000E+01
    7  -1.250000000000000E+02   3.000000000000000E+01
    8  -1.250000000000000E+02   3.500000000000000E+01
    9  -1.250000000000000E+02   4.000000000000000E+01
   10  -1.250000000000000E+02   4.500000000000000E+01
   11  -1.250000000000000E+02   5.000000000000000E+01
   12  -1.208333333333333E+02   0.000000000000000E+00
   13  -1.208333333333333E+02   5.000000000000000E+00
   14  -1.208333333333333E+02   1.000000000000000E+01
   15  -1.208333333333333E+02   1.500000000000000E+01
   16  -1.208333333333333E+02   2.000000000000000E+01
   17  -1.208333333333333E+02   2.500000000000000E+01
   18  -1.208333333333333E+02   3.000000000000000E+01
   19  -1.208333333333333E+02   3.500000000000000E+01
   20  -1.208333333333333E+02   4.000000000000000E+01
   21  -1.208333333333333E+02   4.500000000000000E+01
   22  -1.208333333333333E+02   5.000000000000000E+01
   23  -1.166666666666667E+02   0.000000000000000E+00
   24  -1.166666666666667E+02   5.000000000000000E+00
   25  -1.166666666666667E+02   1.000000000000000E+01
   26  -1.166666666666667E+02   1.500000000000000E+01
   27  -1.166666666666667E+02   2.000000000000000E+01
   28  -1.166666666666667E+02   2.500000000000000E+01
   29  -1.166666666666667E+02   3.000000000000000E+01
   30  -1.166666666666667E+02   3.500000000000000E+01
   31  -1.166666666666667E+02   4.000000000000000E+01
   32  -1.166666666666667E+02   4.500000000000000E+01
   33  -1.166666666666667E+02   5.000000000000000E+01
   34  -1.125000000000000E+02   0.000000000000000E+00
   35  -1.125000000000000E+02   5.000000000000000E+00
   36  -1.125000000000000E+02   1.000000000000000E+01
   37  -1.125000000000000E+02   1.500000000000000E+01
   38  -1.125000000000000E+02   2.000000000000000E+01
   39  -1.125000000000000E+02   2.500000000000000E+01
   40  -1.125000000000000E+02   3.000000000000000E+01
   41  -1.125000000000000E+02   3.500000000000000E+01
   42  -1.125000000000000E+02   4.000000000000000E+01
   43  -1.125000000000000E+02   4.500000000000000E+01
   44  -1.125000000000000E+02   5.000000000000000E+01
   45  -1.083333333333333E+02   0.000000000000000E+00
   46  -1.083333333333333E+02   5.000000000000000E+00
   47  -1.083333333333333E+02   1.000000000000000E+01
   48  -1.083333333333333E+02   1.500000000000000E+01
   49  -1.083333333333333E+02   2.000000000000000E+01
   50  -1.083333333333333E+02   2.500000000000000E+01
   51  -1.083333333333333E+02   3.000000000000000E+01
   52  -1.083333333333333E+02   3.500000000000000E+01
   53  -1.083333333333333E+02   4.000000000000000E+01
   54  -1.083333333333333E+02   4.500000000000000E+01
   55  -1.083333333333333E+02   5.000000000000000E+01
   56  -1.041666666666667E+02   0.000000000000000E+00
   57  -1.041666666666667E+02   5.000000000000000E+00
   58  -1.041666666666667E+02   1.000000000000000E+01
   59  -1.041666666666667E+02   1.500000000000000E+01
   60  -1.041666666666667E+02   2.000000000000000E+01
   61  -1.041666666666667E+02   2.500000000000000E+01
   62  -1.041666666666667E+02   3.000000000000000E+01
   63  -1.041666666666667E+02   3.500000000000000E+01
   64  -1.041666666666667E+02   4.000000000000000E+01
   65  -1.041666666666667E+02   4.500000000000000E+01
   66  -1.041666666666667E+02   5.000000000000000E+01
   67  -1.000000000000000E+02   0.000000000000000E+00
   68  -1.000000000000000E+02   5.000000000000000E+00
   69  -1.000000000000000E+02   1.000000000000000E+01
   70  -1.000000000000000E+02   1.500000000000000E+01
   71  -1.000000000000000E+02   2.000000000000000E+01
   72  -1.000000000000000E+02   2.500000000000000E+01
   73  -1.000000000000000E+02   3.000000000000000E+01
   74  -1.000000000000000E+02   3.500000000000000E+01
   75  -1.000000000000000E+02   4.000000000000000E+01
   76  -1.000000000000000E+02   4.500000000000000E+01
   77  -1.000000000000000E+02   5.000000000000000E+01
   78  -9.583333333333333E+01   0.000000000000000E+00
   79  -9.583333333333333E+01   5.000000000000000E+00
   80  -9.583333333333333E+01   1.000000000000000E+01
   81  -9.583333333333333E+01   1.500000000000000E+01
   82  -9.583333333333333E+01   2.000000000000000E+01
   83  -9.583333333333333E+01   2.500000000000000E+01
   84  -9.583333333333333E+01   3.000000000000000E+01
   85  -9.583333333333333E+01   3.500000000000000E+01
   86  -9.583333333333333E+01   4.000000000000000E+01
   87  -9.583333333333333E+01   4.500000000000000E+01
   88  -9.583333333333333E+01   5.000000000000000E+01
   89  -9.166666666666666E+01   0.000000000000000E+00
   90  -9.166666666666666E+01   5.000000000000000E+00
   91  -9.166666666666666E+01   1.000000000000000E+01
   92  -9.166666666666666E+01   1.500000000000000E+01
   93  -9.166666666666666E+01   2.000000000000000E+01
   94  -9.166666666666666E+01   2.500000000000000E+01
   95  -9.166666666666666E+01   3.000000000000000E+01
   96  -9.166666666666666E+01   3.500000000000000E+01
   97  -9.166666666666666E+01   4.000000000000000E+01
   98  -9.166666666666666E+01   4.500000000000000E+01
   99  -9.166666666666666E+01   5.000000000000000E+01
  100  -8.750000000000000E+01   0.000000000000000E+00
  101  -8.750000000000000E+01   5.000000000000000E+00
  102  -8.750000000000000E+01   1.000000000000000E+01
  103  -8.750000000000000E+01   1.500000000000000E+01
  104  -8.750000000000000E+01   2.000000000000000E+01
  105  -8.750000000000000E+01   2.500000000000000E+01
  106  -8.750000000000000E+01   3.000000000000000E+01
  107  -8.750000000000000E+01   3.500000000000000E+01
  108  -8.750000000000000E+01   4.000000000000000E+01
  109  -8.750000000000000E+01   4.500000000000000E+01
  110  -8.750000000000000E+01   5.000000000000000E+01
  111  -8.333333333333333E+01   0.000000000000000E+00
  112  -8.333333333333333E+01   5.000000000000000E+00
  113  -8.333333333333333E+01   1.000000000000000E+01
  114  -8.333333333333333E+01   1.500000000000000E+01
  115  -8.333333333333333E+01   2.000000000000000E+01
  116  -8.333333333333333E+01   2.500000000000000E+01
  117  -8.333333333333333E+01   3.000000000000000E+01
  118  -8.333333333333333E+01   3.500000000000000E+01
  119  -8.333333333333333E+01   4.000000000000000E+01
  120  -8.333333333333333E+01   4.500000000000000E+01
  121  -8.333333333333333E+01   5.000000000000000E+01
  122  -7.916666666666666E+01   0.000000000000000E+00
  123  -7.916666666666666E+01   5.000000000000000E+00
  124  -7.916666666666666E+01   1.000000000000000E+01
  125  -7.916666666666666E+01   1.500000000000000E+01
  126  -7.916666666666666E+01   2.000000000000000E+01
  127  -7.916666666666666E+01   2.500000000000000E+01
  128  -7.916666666666666E+01   3.000000000000000E+01
  129  -7.916666666666666E+01   3.500000000000000E+01
  130  -7.916666666666666E+01   4.000000000000000E+01
  131  -7.916666666666666E+01   4.500000000000000E+01
  132  -7.916666666666666E+01   5.000000000000000E+01
  133  -7.500000000000000E+01   0.000000000000000E+00
  134  -7.500000000000000E+01   5.000000000000000E+00
  135  -7.500000000000000E+01   1.000000000000000E+01
  136  -7.500000000000000E+01   1.500000000000000E+01
  137  -7.500000000000000E+01   2.000000000000000E+01
  138  -7.500000000000000E+01   2.500000000000000E+01
  139  -7.500000000000000E+01   3.000000000000000E+01
  140  -7.500000000000000E+01   3.500000000000000E+01
  141  -7.500000000000000E+01   4.000000000000000E+01
  142  -7.500000000000000E+01   4.500000000000000E+01
  143  -7.500000000000000E+01   5.000000000000000E+01
  144  -7.083333333333333E+01   0.000000000000000E+00
  145  -7.083333333333333E+01   5.000000000000000E+00
  146  -7.083333333333333E+01   1.000000000000000E+01
  147  -7.083333333333333E+01   1.500000000000000E+01
  148  -7.083333333333333E+01   2.000000000000000E+01
  149  -7.083333333333333E+01   2.500000000000000E+01
  150  -7.083333333333333E+01   3.000000000000000E+01
  151  -7.083333333333333E+01   3.500000000000000E+01
  152  -7.083333333333333E+01   4.000000000000000E+01
  153  -7.083333333333333E+01   4.500000000000000E+01
  154  -7.083333333333333E+01   5.000000000000000E+01
  155  -6.666666666666666E+01   0.000000000000000E+00
  156  -6.666666666666666E+01   5.000000000000000E+00
  157  -6.666666666666666E+01   1.000000000000000E+01
  158  -6.666666666666666E+01   1.500000000000000E+01
  159  -6.666666666666666E+01   2.000000000000000E+01
  160  -6.666666666666666E+01   2.500000000000000E+01
  161  -6.666666666666666E+01   3.000000000000000E+01
  162  -6.666666666666666E+01   3.500000000000000E+01
  163  -6.666666666666666E+01   4.000000000000000E+01
  164  -6.666666666666666E+01   4.500000000000000E+01
  165  -6.666666666666666E+01   5.000000000000000E+01
  166  -6.249999999999999E+01   0.000000000000000E+00
  167  -6.249999999999999E+01   5.000000000000000E+00
  168  -6.249999999999999E+01   1.000000000000000E+01
  169  -6.249999999999999E+01   1.500000000000000E+01
  170  -6.249999999999999E+01   2.000000000000000E+01
  171  -6.249999999999999E+01   2.500000000000000E+01
  172  -6.249999999999999E+01   3.000000000000000E+01
  173  -6.249999999999999E+01   3.500000000000000E+01
  174  -6.249999999999999E+01   4.000000000000000E+01
  175  -6.249999999999999E+01   4.500000000000000E+01
  176  -6.249999999999999E+01   5.000000000000000E+01
  177  -5.833333333333333E+01   0.000000000000000E+00
  178  -5.833333333333333E+01   5.000000000000000E+00
  179  -5.833333333333333E+01   1.000000000000000E+01
  180  -5.833333333333333E+01   1.500000000000000E+01
  181  -5.833333333333333E+01   2.000000000000000E+01
  182  -5.833333333333333E+01   2.500000000000000E+01
  183  -5.833333333333333E+01   3.000000000000000E+01
  184  -5.833333333333333E+01   3.500000000000000E+01
  185  -5.833333333333333E+01   4.000000000000000E+01
  186  -5.833333333333333E+01   4.500000000000000E+01
  187  -5.833333333333333E+01   5.000000000000000E+01
  188  -5.416666666666666E+01   0.000000000000000E+00
  189  -5.416666666666666E+01   5.000000000000000E+00
  190  -5.416666666666666E+01   1.000000000000000E+01
  191  -5.416666666666666E+01   1.500000000000000E+01
  192  -5.416666666666666E+01   2.000000000000000E+01
  193  -5.416666666666666E+01   2.500000000000000E+01
  194  -5.416666666666666E+01   3.000000000000000E+01
  195  -5.416666666666666E+01   3.500000000000000E+01
  196  -5.416666666666666E+01   4.000000000000000E+01
  197  -5.416666666666666E+01   4.500000000000000E+01
  198  -5.416666666666666E+01   5.000000000000000E+01
  199  -5.000000000000000E+01   0.000000000000000E+00
  200  -5.000000000000000E+01   5.000000000000000E+00
  201  -5.000000000000000E+01   1.000000000000000E+01
  202  -5.000000000000000E+01   1.500000000000000E+01
  203  -5.000000000000000E+01   2.000000000000000E+01
  204  -5.000000000000000E+01   2.500000000000000E+01
  205  -5.000000000000000E+01   3.000000000000000E+01
  206  -5.000000000000000E+01   3.500000000000000E+01
  207  -5.000000000000000E+01   4.000000000000000E+01
  208  -5.000000000000000E+01   4.500000000000000E+01
  209  -5.000000000000000E+01   5.000000000000000E+01
  210  -4.583333333333333E+01   0.000000000000000E+00
  211  -4.583333333333333E+01   5.000000000000000E+00
  212  -4.583333333333333E+01   1.000000000000000E+01
  213  -4.583333333333333E+01   1.500000000000000E+01
  214  -4.583333333333333E+01   2.000000000000000E+01
  215  -4.583333333333333E+01   2.500000000000000E+01
  216  -4.583333333333333E+01   3.000000000000000E+01
  217  -4.583333333333333E+01   3.500000000000000E+01
  218  -4.583333333333333E+01   4.000000000000000E+01
  219  -4.583333333333333E+01   4.500000000000000E+01
  220  -4.583333333333333E+01   5.000000000000000E+01
  221  -4.166666666666666E+01   0.000000000000000E+00
  222  -4.166666666666666E+01   5.000000000000000E+00
  223  -4.166666666666666E+01   1.000000000000000E+01
  224  -4.166666666666666E+01   1.500000000000000E+01
  225  -4.166666666666666E+01   2.000000000000000E+01
  226  -4.166666666666666E+01   2.500000000000000E+01
  227  -4.166666666666666E+01   3.000000000000000E+01
  228  -4.166666666666666E+01   3.500000000000000E+01
  229  -4.166666666666666E+01   4.000000000000000E+01
  230  -4.166666666666666E+01   4.500000000000000E+01
  231  -4.166666666666666E+01   5.000000000000000E+01
  232  -3.750000000000000E+01   0.000000000000000E+00
  233  -3.750000000000000E+01   5.000000000000000E+00
  234  -3.750000000000000E+01   1.000000000000000E+01
  235  -3.750000000000000E+01   1.500000000000000E+01
  236  -3.750000000000000E+01   2.000000000000000E+01
  237  -3.750000000000000E+01   2.500000000000000E+01
  238  -3.750000000000000E+01   3.000000000000000E+01
  239  -3.750000000000000E+01   3.500000000000000E+01
  240  -3.750000000000000E+01   4.000000000000000E+01
  241  -3.750000000000000E+01   4.500000000000000E+01
  242  -3.750000000000000E+01   5.000000000000000E+01
  243  -3.333333333333333E+01   0.000000000000000E+00
  244  -3.333333333333333E+01   5.000000000000000E+00
  245  -3.333333333333333E+01   1.000000000000000E+01
  246  -3.333333333333333E+01   1.500000000000000E+01
  247  -3.333333333333333E+01   2.000000000000000E+01
  248  -3.333333333333333E+01   2.500000000000000E+01
  249  -3.333333333333333E+01   3.000000000000000E+01
  250  -3.333333333333333E+01   3.500000000000000E+01
  251  -3.333333333333333E+01   4.000000000000000E+01
  252  -3.333333333333333E+01   4.500000000000000E+01
  253  -3.333333333333333E+01   5.000000000000000E+01
  254  -2.916666666666666E+01   0.000000000000000E+00
  255  -2.916666666666666E+01   5.000000000000000E+00
  256  -2.916666666666666E+01   1.000000000000000E+01
  257  -2.916666666666666E+01   1.500000000000000E+01
  258  -2.916666666666666E+01   2.000000000000000E+01
  259  -2.916666666666666E+01   2.500000000000000E+01
  260  -2.916666666666666E+01   3.000000000000000E+01
  261  -2.916666666666666E+01   3.500000000000000E+01
  262  -2.916666666666666E+01   4.000000000000000E+01
  263  -2.916666666666666E+01   4.500000000000000E+01
  264  -2.916666666666666E+01   5.000000000000000E+01
  265  -2.500000000000000E+01   0.000000000000000E+00
  266  -2.500000000000000E+01   5.000000000000000E+00
  267  -2.500000000000000E+01   1.000000000000000E+01
  268  -2.500000000000000E+01   1.500000000000000E+01
  269  -2.500000000000000E+01   2.000000000000000E+01
  270  -2.500000000000000E+01   2.500000000000000E+01
  271  -2.500000000000000E+01   3.000000000000000E+01
  272  -2.500000000000000E+01   3.500000000000000E+01
  273  -2.500000000000000E+01   4.000000000000000E+01
  274  -2.500000000000000E+01   4.500000000000000E+01
  275  -2.500000000000000E+01   5.000000000000000E+01
  276  -2.083333333333333E+01   0.000000000000000E+00
  277  -2.083333333333333E+01   5.000000000000000E+00
  278  -2.083333333333333E+01   1.000000000000000E+01
  279  -2.083333333333333E+01   1.500000000000000E+01
  280  -2.083333333333333E+01   2.000000000000000E+01
  281  -2.083333333333333E+01   2.500000000000000E+01
  282  -2.083333333333333E+01   3.000000000000000E+01
  283  -2.083333333333333E+01   3.500000000000000E+01
  284  -2.083333333333333E+01   4.000000000000000E+01
  285  -2.083333333333333E+01   4.500000000000000E+01
  286  -2.083333333333333E+01   5.000000000000000E+01
  287  -1.666666666666666E+01   0.000000000000000E+00
  288  -1.666666666666666E+01   5.000000000000000E+00
  289  -1.666666666666666E+01   1.000000000000000E+01
  290  -1.666666666666666E+01   1.500000000000000E+01
  291  -1.666666666666666E+01   2.000000000000000E+01
  292  -1.666666666666666E+01   2.500000000000000E+01
  293  -1.666666666666666E+01   3.000000000000000E+01
  294  -1.666666666666666E+01   3.500000000000000E+01
  295  -1.666666666666666E+01   4.000000000000000E+01
  296  -1.666666666666666E+01   4.500000000000000E+01
  297  -1.666666666666666E+01   5.000000000000000E+01
  298  -1.249999999999999E+01   0.000000000000000E+00
  299  -1.249999999999999E+01   5.000000000000000E+00
  300  -1.249999999999999E+01   1.000000000000000E+01
  301  -1.249999999999999E+01   1.500000000000000E+01
  302  -1.249999999999999E+01   2.000000000000000E+01
  303  -1.249999999999999E+01   2.500000000000000E+01
  304  -1.249999999999999E+01   3.000000000000000E+01
  305  -1.249999999999999E+01   3.500000000000000E+01
  306  -1.249999999999999E+01   4.000000000000000E+01
  307  -1.249999999999999E+01   4.500000000000000E+01
  308  -1.249999999999999E+01   5.000000000000000E+01
  309  -8.333333333333329E+00   0.000000000000000E+00
  310  -8.333333333333329E+00   5.000000000000000E+00
  311  -8.333333333333329E+00   1.000000000000000E+01
  312  -8.333333333333329E+00   1.500000000000000E+01
  313  -8.333333333333329E+00   2.000000000000000E+01
  314  -8.333333333333329E+00   2.500000000000000E+01
  315  -8.333333333333329E+00   3.000000000000000E+01
  316  -8.333333333333329E+00   3.500000000000000E+01
  317  -8.333333333333329E+00   4.000000000000000E+01
  318  -8.333333333333329E+00   4.500000000000000E+01
  319  -8.333333333333329E+00   5.000000000000000E+01
  320  -4.166666666666657E+00   0.000000000000000E+00
  321  -4.166666666666657E+00   5.000000000000000E+00
  322  -4.166666666666657E+00   1.000000000000000E+01
  323  -4.166666666666657E+00   1.500000000000000E+01
  324  -4.166666666666657E+00   2.000000000000000E+01
  325  -4.166666666666657E+00   2.500000000000000E+01
  326  -4.166666666666657E+00   3.000000000000000E+01
  327  -4.166666666666657E+00   3.500000000000000E+01
  328  -4.166666666666657E+00   4.000000000000000E+01
  329  -4.166666666666657E+00   4.500000000000000E+01
  330  -4.166666666666657E+00   5.000000000000000E+01
  331   1.421085471520200E-14   0.000000000000000E+00
  332   1.421085471520200E-14   5.000000000000000E+00
  333   1.421085471520200E-14   1.000000000000000E+01
  334   1.421085471520200E-14   1.500000000000000E+01
  335   1.421085471520200E-14   2.000000000000000E+01
  336   1.421085471520200E-14   2.500000000000000E+01
  337   1.421085471520200E-14   3.000000000000000E+01
  338   1.421085471520200E-14   3.500000000000000E+01
  339   1.421085471520200E-14   4.000000000000000E+01
  340   1.421085471520200E-14   4.500000000000000E+01
  341   1.421085471520200E-14   5.000000000000000E+01
  342   4.166666666666686E+00   0.000000000000000E+00
  343   4.166666666666686E+00   5.000000000000000E+00
  344   4.166666666666686E+00   1.000000000000000E+01
  345   4.166666666666686E+00   1.500000000000000E+01
  346   4.166666666666686E+00   2.000000000000000E+01
  347   4.166666666666686E+00   2.500000000000000E+01
  348   4.166666666666686E+00   3.000000000000000E+01
  349   4.166666666666686E+00   3.500000000000000E+01
  350   4.166666666666686E+00   4.000000000000000E+01
  351   4.166666666666686E+00   4.500000000000000E+01
  352   4.166666666666686E+00   5.000000000000000E+01
  353   8.333333333333343E+00   0.000000000000000E+00
  354   8.333333333333343E+00   5.000000000000000E+00
  355   8.333333333333343E+00   1.000000000000000E+01
  356   8.333333333333343E+00   1.500000000000000E+01
  357   8.333333333333343E+00   2.000000000000000E+01
  358   8.333333333333343E+00   2.500000000000000E+01
  359   8.333333333333343E+00   3.000000000000000E+01
  360   8.333333333333343E+00   3.500000000000000E+01
  361   8.333333333333343E+00   4.000000000000000E+01
  362   8.333333333333343E+00   4.500000000000000E+01
  363   8.333333333333343E+00   5.000000000000000E+01
  364   1.250000000000000E+01   0.000000000000000E+00
  365   1.250000000000000E+01   5.000000000000000E+00
  366   1.250000000000000E+01   1.000000000000000E+01
  367   1.250000000000000E+01   1.500000000000000E+01
  368   1.250000000000000E+01   2.000000000000000E+01
  369   1.250000000000000E+01   2.500000000000000E+01
  370   1.250000000000000E+01   3.000000000000000E+01
  371   1.250000000000000E+01   3.500000000000000E+01
  372   1.250000000000000E+01   4.000000000000000E+01
  373   1.250000000000000E+01   4.500000000000000E+01
  374   1.250000000000000E+01   5.000000000000000E+01
  375   1.666666666666669E+01   0.000000000000000E+00
  376   1.666666666666669E+01   5.000000000000000E+00
  377   1.666666666666669E+01   1.000000000000000E+01
  378   1.666666666666669E+01   1.500000000000000E+01
  379   1.666666666666669E+01   2.000000000000000E+01
  380   1.666666666666669E+01   2.500000000000000E+01
  381   1.666666666666669E+01   3.000000000000000E+01
  382   1.666666666666669E+01   3.500000000000000E+01
  383   1.666666666666669E+01   4.000000000000000E+01
  384   1.666666666666669E+01   4.500000000000000E+01
  385   1.666666666666669E+01   5.000000000000000E+01
  386   2.083333333333334E+01   0.000000000000000E+00
  387   2.083333333333334E+01   5.000000000000000E+00
  388   2.083333333333334E+01   1.000000000000000E+01
  389   2.083333333333334E+01   1.500000000000000E+01
  390   2.083333333333334E+01   2.000000000000000E+01
  391   2.083333333333334E+01   2.500000000000000E+01
  392   2.083333333333334E+01   3.000000000000000E+01
  393   2.083333333333334E+01   3.500000000000000E+01
  394   2.083333333333334E+01   4.000000000000000E+01
  395   2.083333333333334E+01   4.500000000000000E+01
  396   2.083333333333334E+01   5.000000000000000E+01
  397   2.500000000000000E+01   0.000000000000000E+00
  398   2.500000000000000E+01   5.000000000000000E+00
  399   2.500000000000000E+01   1.000000000000000E+01
  400   2.500000000000000E+01   1.500000000000000E+01
  401   2.500000000000000E+01   2.000000000000000E+01
  402   2.500000000000000E+01   2.500000000000000E+01
  403   2.500000000000000E+01   3.000000000000000E+01
  404   2.500000000000000E+01   3.500000000000000E+01
  405   2.500000000000000E+01   4.000000000000000E+01
  406   2.500000000000000E+01   4.500000000000000E+01
  407   2.500000000000000E+01   5.000000000000000E+01
  408   2.916666666666669E+01   0.000000000000000E+00
  409   2.916666666666669E+01   5.000000000000000E+00
  410   2.916666666666669E+01   1.000000000000000E+01
  411   2.916666666666669E+01   1.500000000000000E+01
  412   2.916666666666669E+01   2.000000000000000E+01
  413   2.916666666666669E+01   2.500000000000000E+01
  414   2.916666666666669E+01   3.000000000000000E+01
  415   2.916666666666669E+01   3.500000000000000E+01
  416   2.916666666666669E+01   4.000000000000000E+01
  417   2.916666666666669E+01   4.500000000000000E+01
  418   2.916666666666669E+01   5.000000000000000E+01
  419   3.333333333333334E+01   0.000000000000000E+00
  420   3.333333333333334E+01   5.000000000000000E+00
  421   3.333333333333334E+01   1.000000000000000E+01
  422   3.333333333333334E+01   1.500000000000000E+01
  423   3.333333333333334E+01   2.000000000000000E+01
  424   3.333333333333334E+01   2.500000000000000E+01
  425   3.333333333333334E+01   3.000000000000000E+01
  426   3.333333333333334E+01   3.500000000000000E+01
  427   3.333333333333334E+01   4.000000000000000E+01
  428   3.333333333333334E+01   4.500000000000000E+01
  429   3.333333333333334E+01   5.000000000000000E+01
  430   3.750000000000000E+01   0.000000000000000E+00
  431   3.750000000000000E+01   5.000000000000000E+00
  432   3.750000000000000E+01   1.000000000000000E+01
  433   3.750000000000000E+01   1.500000000000000E+01
  434   3.750000000000000E+01   2.000000000000000E+01
  435   3.750000000000000E+01   2.500000000000000E+01
  436   3.750000000000000E+01   3.000000000000000E+01
  437   3.750000000000000E+01   3.500000000000000E+01
  438   3.750000000000000E+01   4.000000000000000E+01
  439   3.750000000000000E+01   4.500000000000000E+01
  440   3.750000000000000E+01   5.000000000000000E+01
  441   4.166666666666669E+01   0.000000000000000E+00
  442   4.166666666666669E+01   5.000000000000000E+00
  443   4.166666666666669E+01   1.000000000000000E+01
  444   4.166666666666669E+01   1.500000000000000E+01
  445   4.166666666666669E+01   2.000000000000000E+01
  446   4.166666666666669E+01   2.500000000000000E+01
  447   4.166666666666669E+01   3.000000000000000E+01
  448   4.166666666666669E+01   3.500000000000000E+01
  449   4.166666666666669E+01   4.000000000000000E+01
  450   4.166666666666669E+01   4.500000000000000E+01
  451   4.166666666666669E+01   5.000000000000000E+01
  452   4.583333333333334E+01   0.000000000000000E+00
  453   4.583333333333334E+01   5.000000000000000E+00
  454   4.583333333333334E+01   1.000000000000000E+01
  455   4.583333333333334E+01   1.500000000000000E+01
  456   4.583333333333334E+01   2.000000000000000E+01
  457   4.583333333333334E+01   2.500000000000000E+01
  458   4.583333333333334E+01   3.000000000000000E+01
  459   4.583333333333334E+01   3.500000000000000E+01
  460   4.583333333333334E+01   4.000000000000000E+01
  461   4.583333333333334E+01   4.500000000000000E+01
  462   4.583333333333334E+01   5.000000000000000E+01
  463   5.000000000000000E+01   0.000000000000000E+00
  464   5.000000000000000E+01   5.000000000000000E+00
  465   5.000000000000000E+01   1.000000000000000E+01
  466   5.000000000000000E+01   1.500000000000000E+01
  467   5.000000000000000E+01   2.000000000000000E+01
  468   5.000000000000000E+01   2.500000000000000E+01
  469   5.000000000000000E+01   3.000000000000000E+01
  470   5.000000000000000E+01   3.500000000000000E+01
  471   5.000000000000000E+01   4.000000000000000E+01
  472   5.000000000000000E+01   4.500000000000000E+01
  473   5.000000000000000E+01   5.000000000000000E+01
  474   5.416666666666669E+01   0.000000000000000E+00
  475   5.416666666666669E+01   5.000000000000000E+00
  476   5.416666666666669E+01   1.000000000000000E+01
  477   5.416666666666669E+01   1.500000000000000E+01
  478   5.416666666666669E+01   2.000000000000000E+01
  479   5.416666666666669E+01   2.500000000000000E+01
  480   5.416666666666669E+01   3.000000000000000E+01
  481   5.416666666666669E+01   3.500000000000000E+01
  482   5.416666666666669E+01   4.000000000000000E+01
  483   5.416666666666669E+01   4.500000000000000E+01
  484   5.416666666666669E+01   5.000000000000000E+01
  485   5.833333333333334E+01   0.000000000000000E+00
  486   5.833333333333334E+01   5.000000000000000E+00
  487   5.833333333333334E+01   1.000000000000000E+01
  488   5.833333333333334E+01   1.500000000000000E+01
  489   5.833333333333334E+01   2.000000000000000E+01
  490   5.833333333333334E+01   2.500000000000000E+01
  491   5.833333333333334E+01   3.000000000000000E+01
  492   5.833333333333334E+01   3.500000000000000E+01
  493   5.833333333333334E+01   4.000000000000000E+01
  494   5.833333333333334E+01   4.500000000000000E+01
  495   5.833333333333334E+01   5.000000000000000E+01
  496   6.250000000000000E+01   0.000000000000000E+00
  497   6.250000000000000E+01   5.000000000000000E+00
  498   6.250000000000000E+01   1.000000000000000E+01
  499   6.250000000000000E+01   1.500000000000000E+01
  500   6.250000000000000E+01   2.000000000000000E+01
  501   6.250000000000000E+01   2.500000000000000E+01
  502   6.250000000000000E+01   3.000000000000000E+01
  503   6.250000000000000E+01   3.500000000000000E+01
  504   6.250000000000000E+01   4.000000000000000E+01
  505   6.250000000000000E+01   4.500000000000000E+01
  506   6.250000000000000E+01   5.000000000000000E+01
  507   6.666666666666669E+01   0.000000000000000E+00
  508   6.666666666666669E+01   5.000000000000000E+00
  509   6.666666666666669E+01   1.000000000000000E+01
  510   6.666666666666669E+01   1.500000000000000E+01
  511   6.666666666666669E+01   2.000000000000000E+01
  512   6.666666666666669E+01   2.500000000000000E+01
  513   6.666666666666669E+01   3.000000000000000E+01
  514   6.666666666666669E+01   3.500000000000000E+01
  515   6.666666666666669E+01   4.000000000000000E+01
  516   6.666666666666669E+01   4.500000000000000E+01
  517   6.666666666666669E+01   5.000000000000000E+01
  518   7.083333333333334E+01   0.000000000000000E+00
  519   7.083333333333334E+01   5.000000000000000E+00
  520   7.083333333333334E+01   1.000000000000000E+01
  521   7.083333333333334E+01   1.500000000000000E+01
  522   7.083333333333334E+01   2.000000000000000E+01
  523   7.083333333333334E+01   2.500000000000000E+01
  524   7.083333333333334E+01   3.000000000000000E+01
  525   7.083333333333334E+01   3.500000000000000E+01
  526   7.083333333333334E+01   4.000000000000000E+01
  527   7.083333333333334E+01   4.500000000000000E+01
  528   7.083333333333334E+01   5.000000000000000E+01
  529   7.500000000000000E+01   0.000000000000000E+00
  530   7.500000000000000E+01   5.000000000000000E+00
  531   7.500000000000000E+01   1.000000000000000E+01
  532   7.500000000000000E+01   1.500000000000000E+01
  533   7.500000000000000E+01   2.000000000000000E+01
  534   7.500000000000000E+01   2.500000000000000E+01
  535   7.500000000000000E+01   3.000000000000000E+01
  536   7.500000000000000E+01   3.500000000000000E+01
  537   7.500000000000000E+01   4.000000000000000E+01
  538   7.500000000000000E+01   4.500000000000000E+01
  539   7.500000000000000E+01   5.000000000000000E+01
  540   7.916666666666669E+01   0.000000000000000E+00
  541   7.916666666666669E+01   5.000000000000000E+00
  542   7.916666666666669E+01   1.000000000000000E+01
  543   7.916666666666669E+01   1.500000000000000E+01
  544   7.916666666666669E+01   2.000000000000000E+01
  545   7.916666666666669E+01   2.500000000000000E+01
  546   7.916666666666669E+01   3.000000000000000E+01
  547   7.916666666666669E+01   3.500000000000000E+01
  548   7.916666666666669E+01   4.000000000000000E+01
  549   7.916666666666669E+01   4.500000000000000E+01
  550   7.916666666666669E+01   5.000000000000000E+01
  551   8.333333333333334E+01   0.000000000000000E+00
  552   8.333333333333334E+01   5.000000000000000E+00
  553   8.333333333333334E+01   1.000000000000000E+01
  554   8.333333333333334E+01   1.500000000000000E+01
  555   8.333333333333334E+01   2.000000000000000E+01
  556   8.333333333333334E+01   2.500000000000000E+01
  557   8.333333333333334E+01   3.000000000000000E+01
  558   8.333333333333334E+01   3.500000000000000E+01
  559   8.333333333333334E+01   4.000000000000000E+01
  560   8.333333333333334E+01   4.500000000000000E+01
  561   8.333333333333334E+01   5.000000000000000E+01
  562   8.750000000000003E+01   0.000000000000000E+00
  563   8.750000000000003E+01   5.000000000000000E+00
  564   8.750000000000003E+01   1.000000000000000E+01
  565   8.750000000000003E+01   1.500000000000000E+01
  566   8.750000000000003E+01   2.000000000000000E+01
  567   8.750000000000003E+01   2.500000000000000E+01
  568   8.750000000000003E+01   3.000000000000000E+01
  569   8.750000000000003E+01   3.500000000000000E+01
  570   8.750000000000003E+01   4.000000000000000E+01
  571   8.750000000000003E+01   4.500000000000000E+01
  572   8.750000000000003E+01   5.000000000000000E+01
  573   9.166666666666669E+01   0.000000000000000E+00
  574   9.166666666666669E+01   5.000000000000000E+00
  575   9.166666666666669E+01   1.000000000000000E+01
  576   9.166666666666669E+01   1.500000000000000E+01
  577   9.166666666666669E+01   2.000000000000000E+01
  578   9.166666666666669E+01   2.500000000000000E+01
  579   9.166666666666669E+01   3.000000000000000E+01
  580   9.166666666666669E+01   3.500000000000000E+01
  581   9.166666666666669E+01   4.000000000000000E+01
  582   9.166666666666669E+01   4.500000000000000E+01
  583   9.166666666666669E+01   5.000000000000000E+01
  584   9.583333333333334E+01   0.000000000000000E+00
  585   9.583333333333334E+01   5.000000000000000E+00
  586   9.583333333333334E+01   1.000000000000000E+01
  587   9.583333333333334E+01   1.500000000000000E+01
  588   9.583333333333334E+01   2.000000000000000E+01
  589   9.583333333333334E+01   2.500000000000000E+01
  590   9.583333333333334E+01   3.000000000000000E+01
  591   9.583333333333334E+01   3.500000000000000E+01
  592   9.583333333333334E+01   4.000000000000000E+01
  593   9.583333333333334E+01   4.500000000000000E+01
  594   9.583333333333334E+01   5.000000000000000E+01
  595   1.000000000000000E+02   0.000000000000000E+00
  596   1.000000000000000E+02   5.000000000000000E+00
  597   1.000000000000000E+02   1.000000000000000E+01
  598   1.000000000000000E+02   1.500000000000000E+01
  599   1.000000000000000E+02   2.000000000000000E+01
  600   1.000000000000000E+02   2.500000000000000E+01
  601   1.000000000000000E+02   3.000000000000000E+01
  602   1.000000000000000E+02   3.500000000000000E+01
  603   1.000000000000000E+02   4.000000000000000E+01
  604   1.000000000000000E+02   4.500000000000000E+01
  605   1.000000000000000E+02   5.000000000000000E+01
  606   1.041666666666667E+02   0.000000000000000E+00
  607   1.041666666666667E+02   5.000000000000000E+00
  608   1.041666666666667E+02   1.000000000000000E+01
  609   1.041666666666667E+02   1.500000000000000E+01
  610   1.041666666666667E+02   2.000000000000000E+01
  611   1.041666666666667E+02   2.500000000000000E+01
  612   1.041666666666667E+02   3.000000000000000E+01
  613   1.041666666666667E+02   3.500000000000000E+01
  614   1.041666666666667E+02   4.000000000000000E+01
  615   1.041666666666667E+02   4.500000000000000E+01
  616   1.041666666666667E+02   5.000000000000000E+01
  617   1.083333333333333E+02   0.000000000000000E+00
  618   1.083333333333333E+02   5.000000000000000E+00
  619   1.083333333333333E+02   1.000000000000000E+01
  620   1.083333333333333E+02   1.500000000000000E+01
  621   1.083333333333333E+02   2.000000000000000E+01
  622   1.083333333333333E+02   2.500000000000000E+01
  623   1.083333333333333E+02   3.000000000000000E+01
  624   1.083333333333333E+02   3.500000000000000E+01
  625   1.083333333333333E+02   4.000000000000000E+01
  626   1.083333333333333E+02   4.500000000000000E+01
  627   1.083333333333333E+02   5.000000000000000E+01
  628   1.125000000000000E+02   0.000000000000000E+00
  629   1.125000000000000E+02   5.000000000000000E+00
  630   1.125000000000000E+02   1.000000000000000E+01
  631   1.125000000000000E+02   1.500000000000000E+01
  632   1.125000000000000E+02   2.000000000000000E+01
  633   1.125000000000000E+02   2.500000000000000E+01
  634   1.125000000000000E+02   3.000000000000000E+01
  635   1.125000000000000E+02   3.500000000000000E+01
  636   1.125000000000000E+02   4.000000000000000E+01
  637   1.125000000000000E+02   4.500000000000000E+01
  638   1.125000000000000E+02   5.000000000000000E+01
  639   1.166666666666667E+02   0.000000000000000E+00
  640   1.166666666666667E+02   5.000000000000000E+00
  641   1.166666666666667E+02   1.000000000000000E+01
  642   1.166666666666667E+02   1.500000000000000E+01
  643   1.166666666666667E+02   2.000000000000000E+01
  644   1.166666666666667E+02   2.500000000000000E+01
  645   1.166666666666667E+02   3.000000000000000E+01
  646   1.166666666666667E+02   3.500000000000000E+01
  647   1.166666666666667E+02   4.000000000000000E+01
  648   1.166666666666667E+02   4.500000000000000E+01
  649   1.166666666666667E+02   5.000000000000000E+01
  650   1.208333333333333E+02   0.000000000000000E+00
  651   1.208333333333333E+02   5.000000000000000E+00
  652   1.208333333333333E+02   1.000000000000000E+01
  653   1.208333333333333E+02   1.500000000000000E+01
  654   1.208333333333333E+02   2.000000000000000E+01
  655   1.208333333333333E+02   2.500000000000000E+01
  656   1.208333333333333E+02   3.000000000000000E+01
  657   1.208333333333333E+02   3.500000000000000E+01
  658   1.208333333333333E+02   4.000000000000000E+01
  659   1.208333333333333E+02   4.500000000000000E+01
  660   1.208333333333333E+02   5.000000000000000E+01
  661   1.250000000000000E+02   0.000000000000000E+00
  662   1.250000000000000E+02   5.000000000000000E+00
  663   1.250000000000000E+02   1.000000000000000E+01
  664   1.250000000000000E+02   1.500000000000000E+01
  665   1.250000000000000E+02   2.000000000000000E+01
  666   1.250000000000000E+02   2.500000000000000E+01
  667   1.250000000000000E+02   3.000000000000000E+01
  668   1.250000000000000E+02   3.500000000000000E+01
  669   1.250000000000000E+02   4.000000000000000E+01
  670   1.250000000000000E+02   4.500000000000000E+01
  671   1.250000000000000E+02   5.000000000000000E+01
  672   9.499999999999493E+01   1.500000310455152E+02
  673   9.749999999999480E+01   1.500000318625024E+02
  674   9.999999999999466E+01   1.500000326794897E+02
  675   9.486980742479165E+01   1.450281151629686E+02
  676   9.736638126754933E+01   1.448972760888362E+02
  677   9.986295521030701E+01   1.447664370147038E+02
  678   9.447958334513496E+01   1.400698268654451E+02
  679   9.696588813053324E+01   1.398085064879568E+02
  680   9.945219291593152E+01   1.395471862004685E+02
  681   9.383039725658355E+01   1.351387564632942E+02
  682   9.629961818438836E+01   1.347476711702230E+02
  683   9.876883921219321E+01   1.343565857771518E+02
  684   9.292402855472058E+01   1.302484197670972E+02
  685   9.536939772458167E+01   1.297286412662314E+02
  686   9.781476689444273E+01   1.292088628653655E+02
  687   9.176296153516569E+01   1.254122206876662E+02
  688   9.417777634661742E+01   1.247651738768153E+02
  689   9.659259105806915E+01   1.241181270659644E+02
  690   9.035037859358697E+01   1.206434150260411E+02
  691   9.272802014604979E+01   1.198708733030421E+02
  692   9.510566169851258E+01   1.190983316800432E+02
  693   8.869015162571287E+01   1.159550737834871E+02
  694   9.102410301849481E+01   1.150591546462105E+02
  695   9.335805431127673E+01   1.141632355089338E+02
  696   8.678683112734399E+01   1.113600472614914E+02
  697   8.907069505964252E+01   1.103432064078465E+02
  698   9.135455909194104E+01   1.093263655542015E+02
  699   8.464563389436444E+01   1.068709301617589E+02
  700   8.687315056526874E+01   1.057359546896999E+02
  701   8.910066723617309E+01   1.046009791176409E+02
  702   8.227242892275319E+01   1.025000268862074E+02
  703   8.443749283124669E+01   1.012500275937391E+02
  704   8.660255673974019E+01   1.000000283012709E+02
  705   7.967372090859516E+01   9.825931773696261E+01
  706   8.177039775355819E+01   9.689772082214584E+01
  707   8.386707459852123E+01   9.553612390732906E+01
  708   7.685663274809188E+01   9.416042611635237E+01
  709   7.887917572830482E+01   9.269096367730901E+01
  710   8.090171860851774E+01   9.122150123826563E+01
  711   7.382888583757179E+01   9.021458702689992E+01
  712   7.577175125171843E+01   8.864128666181833E+01
  713   7.771461666586505E+01   8.706798629673676E+01
  714   7.059877917350062E+01   8.643261547131735E+01
  715   7.245664182017168E+01   8.475978957845729E+01
  716   7.431450436684274E+01   8.308696368559720E+01
  717   6.717516615249072E+01   8.282487775249787E+01
  718   6.894293373018785E+01   8.105711133019521E+01
  719   7.071070120788495E+01   7.928934500789252E+01
  720   6.356743067131055E+01   7.940126237350816E+01
  721   6.524025777845031E+01   7.754340082017941E+01
  722   6.691308488559004E+01   7.568553936685069E+01
  723   5.978546122689353E+01   7.617115323757967E+01
  724   6.135876286181178E+01   7.422828885172652E+01
  725   6.293206449673003E+01   7.228542446587336E+01
  726   5.583962411634640E+01   7.314340374810008E+01
  727   5.730908787730289E+01   7.112086172831322E+01
  728   5.877855163825934E+01   6.909831980852638E+01
  729   5.174073433695710E+01   7.032631290860367E+01
  730   5.310233262214017E+01   6.822963695356694E+01
  731   5.446393090732325E+01   6.613296099853018E+01
  732   4.750002688620228E+01   6.772760212276197E+01
  733   4.875002759373393E+01   6.556253903125572E+01
  734   5.000002830126556E+01   6.339747593974946E+01
  735   4.312912516175426E+01   6.535439429437346E+01
  736   4.426410208969516E+01   6.312687836527802E+01
  737   4.539907911763606E+01   6.089936243618261E+01
  738   3.864000946148731E+01   6.321319412735326E+01
  739   3.965685180784222E+01   6.092933085965203E+01
  740   4.067369415419717E+01   5.864546749195080E+01
  741   3.404498418348346E+01   6.130987062572234E+01
  742   3.494090484620673E+01   5.897591981850452E+01
  743   3.583682550892996E+01   5.664196911128670E+01
  744   2.935664402603792E+01   5.964964059359663E+01
  745   3.012918730303892E+01   5.727199954605969E+01
  746   3.090173048003992E+01   5.489435849852273E+01
  747   2.458783928766358E+01   5.823705453517550E+01
  748   2.523488767681264E+01   5.582224014662748E+01
  749   2.588193606596166E+01   5.340742585807946E+01
  750   1.975164096709513E+01   5.707598435473049E+01
  751   2.027142106622921E+01   5.463061552459185E+01
  752   2.079120106536330E+01   5.218524669445318E+01
  753   1.486130486329258E+01   5.616961245659358E+01
  754   1.525239177022132E+01   5.370039178439866E+01
  755   1.564347877715008E+01   5.123117101220375E+01
  756   9.930234885444074E+00   5.552042314514503E+01
  757   1.019155688795575E+01   5.303411853054359E+01
  758   1.045287880046742E+01   5.054781391594214E+01
  759   4.971946842968106E+00   5.513019582480180E+01
  760   5.102787548835676E+00   5.263362206755973E+01
  761   5.233628254703278E+00   5.013704821031766E+01
  762   3.104551517694022E-05   5.500000000000507E+01
  763   3.186250241843864E-05   5.250000000000520E+01
  764   3.267948965993707E-05   5.000000000000534E+01
  765  -4.971884837031364E+00   5.513019257520835E+01
  766  -5.102723911163780E+00   5.263361873245067E+01
  767  -5.233562985296164E+00   5.013704478969299E+01
  768  -9.930173134554867E+00   5.552041665486504E+01
  769  -1.019149351204316E+01   5.303411186946676E+01
  770  -1.045281379953146E+01   5.054780708406848E+01
  771  -1.486124353670583E+01   5.616960274341646E+01
  772  -1.525232882977705E+01   5.370038181561164E+01
  773  -1.564341422284824E+01   5.123116078780679E+01
  774  -1.975158023290276E+01   5.707597144527942E+01
  775  -2.027135873376862E+01   5.463060227541833E+01
  776  -2.079113713463449E+01   5.218523310555727E+01
  777  -2.458777931233379E+01   5.823703846483431E+01
  778  -2.523482612318467E+01   5.582222365338259E+01
  779  -2.588187293403558E+01   5.340740894193085E+01
  780  -2.935658497395894E+01   5.964962140641303E+01
  781  -3.012912669695786E+01   5.727197985395021E+01
  782  -3.090166831995677E+01   5.489433830148741E+01
  783  -3.404492621651289E+01   6.130984837428713E+01
  784  -3.494084535378953E+01   5.897589698150519E+01
  785  -3.583676449106622E+01   5.664194568872327E+01
  786  -3.863995273850856E+01   6.321316887265601E+01
  787  -3.965679359215354E+01   6.092930494035750E+01
  788  -4.067363444579848E+01   5.864544090805896E+01
  789  -4.312906983824113E+01   6.535436610563556E+01
  790  -4.426404531030011E+01   6.312684943473126E+01
  791  -4.539902088235910E+01   6.089933276382691E+01
  792  -4.749997311379264E+01   6.772757107724681E+01
  793  -4.874997240626087E+01   6.556250716875330E+01
  794  -4.999997169872910E+01   6.339744326025979E+01
  795  -5.174068226303739E+01   7.032627909140483E+01
  796  -5.310227917785416E+01   6.822960224644180E+01
  797  -5.446387609267094E+01   6.613292540147877E+01
  798  -5.583957388364763E+01   7.314336725190812E+01
  799  -5.730903632269099E+01   7.112082427169518E+01
  800  -5.877849876173438E+01   6.909828139148226E+01
  801  -5.978541297310009E+01   7.617111416242820E+01
  802  -6.135871333818166E+01   7.422824874828157E+01
  803  -6.293201370326324E+01   7.228538333413495E+01
  804  -6.356738452868266E+01   7.940122082649938E+01
  805  -6.524021042154271E+01   7.754335817982832E+01
  806  -6.691303631440280E+01   7.568549563315725E+01
  807  -6.717512224750212E+01   8.282483384750928E+01
  808  -6.894288866980479E+01   8.105706626981215E+01
  809  -7.071065499210748E+01   7.928929879211505E+01
  810  -7.059873762649184E+01   8.643256932868945E+01
  811  -7.245659917982057E+01   8.475974222154969E+01
  812  -7.431446063314931E+01   8.308691511440995E+01
  813  -7.382884676242033E+01   9.021453877310645E+01
  814  -7.577171114827350E+01   8.864123713818822E+01
  815  -7.771457553412664E+01   8.706793550326998E+01
  816  -7.685659625189993E+01   9.416037588365360E+01
  817  -7.887913827168677E+01   9.269091212269711E+01
  818  -8.090168019147362E+01   9.122144836174066E+01
  819  -7.967368709139633E+01   9.825926566304291E+01
  820  -8.177036304643306E+01   9.689766737785983E+01
  821  -8.386703900146981E+01   9.553606909267675E+01
  822  -8.227239787723802E+01   1.024999731137977E+02
  823  -8.443746096874428E+01   1.012499724062661E+02
  824  -8.660252406025054E+01   9.999997169873444E+01
  825  -8.464560570562654E+01   1.068708748382457E+02
  826  -8.687312163472197E+01   1.057358979103048E+02
  827  -8.910063756381740E+01   1.046009208823639E+02
  828  -8.678680587264674E+01   1.113599905385127E+02
  829  -8.907066914034797E+01   1.103431481921578E+02
  830  -9.135453250804920E+01   1.093263058458028E+02
  831  -8.869012937427765E+01   1.159550158165165E+02
  832  -9.102408018149548E+01   1.150590951537933E+02
  833  -9.335803088871330E+01   1.141631744910700E+02
  834  -9.035035940640337E+01   1.206433559739621E+02
  835  -9.272800045394030E+01   1.198708126969611E+02
  836  -9.510564150147727E+01   1.190982695199601E+02
  837  -9.176294546482450E+01   1.254121607123364E+02
  838  -9.417775985337252E+01   1.247651123231874E+02
  839  -9.659257414192054E+01   1.241180639340383E+02
  840  -9.292401564526949E+01   1.302483590329049E+02
  841  -9.536938447540814E+01   1.297285789337708E+02
  842  -9.781475330554682E+01   1.292087989346367E+02
  843  -9.383038754340642E+01   1.351386951367074E+02
  844  -9.629960821560135E+01   1.347476082297787E+02
  845  -9.876882898779625E+01   1.343565212228499E+02
  846  -9.447957685485497E+01   1.400697651145559E+02
  847  -9.696588146945639E+01   1.398084431120442E+02
  848  -9.945218608405787E+01   1.395471211995326E+02
  849  -9.486980417519821E+01   1.450280531570319E+02
  850  -9.736637793244027E+01   1.448972124511643E+02
  851  -9.986295178968233E+01   1.447663717452967E+02
  852  -9.499999999999493E+01   1.499999689544848E+02
  853  -9.749999999999480E+01   1.499999681374976E+02
  854  -9.999999999999466E+01   1.499999673205103E+02
  855   8.999999999999520E+01   1.500000294115407E+02
  856   9.249999999999505E+01   1.500000302285279E+02
  857   8.987665963927631E+01   1.452897933112334E+02
  858   9.237323358203399E+01   1.451589542371011E+02
  859   8.950697367433837E+01   1.405924675604217E+02
  860   9.199327845973666E+01   1.403311472129334E+02
  861   8.889195530097389E+01   1.359209271494366E+02
  862   9.136117622877870E+01   1.355298418563654E+02
  863   8.803329021499846E+01   1.312879765688290E+02
  864   9.047865938485953E+01   1.307681981679631E+02
  865   8.693333201226226E+01   1.267063143093680E+02
  866   8.934814672371397E+01   1.260592674985171E+02
  867   8.559509558866132E+01   1.221884984720389E+02
  868   8.797273714112416E+01   1.214159567490400E+02
  869   8.402224894014907E+01   1.177469119580404E+02
  870   8.635620033293095E+01   1.168509929207638E+02
  871   8.221910316274693E+01   1.133937289687813E+02
  872   8.450296709504546E+01   1.123768881151364E+02
  873   8.019060055255578E+01   1.091408812058768E+02
  874   8.241811722346009E+01   1.080059057338179E+02
  875   7.794230100576618E+01   1.050000254711438E+02
  876   8.010736501425968E+01   1.037500261786756E+02
  877   7.548036711866912E+01   1.009825114665961E+02
  878   7.757704396363212E+01   9.962091465177937E+01
  879   7.281154678766597E+01   9.709935109443907E+01
  880   7.483408976787891E+01   9.562988865539572E+01
  881   6.994315500927854E+01   9.336118765706308E+01
  882   7.188602042342518E+01   9.178788729198149E+01
  883   6.688305398015849E+01   8.977826725703750E+01
  884   6.874091662682956E+01   8.810544136417744E+01
  885   6.363963109709647E+01   8.636041049710326E+01
  886   6.540739867479360E+01   8.459264407480060E+01
  887   6.022177645703105E+01   8.311698538016563E+01
  888   6.189460356417082E+01   8.125912382683690E+01
  889   5.663885805705704E+01   8.005688200928603E+01
  890   5.821215969197529E+01   7.811401762343287E+01
  891   5.290069649443343E+01   7.718848778767375E+01
  892   5.437016025538991E+01   7.516594576788690E+01
  893   4.901753786659091E+01   7.451966491867719E+01
  894   5.037913605177398E+01   7.242298896364042E+01
  895   4.500002547113898E+01   7.205772840577450E+01
  896   4.625002617867065E+01   6.989266521426823E+01
  897   4.085917120587246E+01   6.980942615256434E+01
  898   4.199414813381337E+01   6.758191022346890E+01
  899   3.660632476877745E+01   6.778092076275573E+01
  900   3.762316711513236E+01   6.549705749505451E+01
  901   3.225314295803698E+01   6.597777214015802E+01
  902   3.314906352076024E+01   6.364382133294018E+01
  903   2.781155747203595E+01   6.440492258867049E+01
  904   2.858410074903695E+01   6.202728154113356E+01
  905   2.329374250936551E+01   6.306668321227153E+01
  906   2.394079089851453E+01   6.065186892372353E+01
  907   1.871208096882697E+01   6.196672201500786E+01
  908   1.923186096796105E+01   5.952135318486918E+01
  909   1.407913094943508E+01   6.110805390098341E+01
  910   1.447021785636382E+01   5.863883322878847E+01
  911   9.407590940420693E+00   6.049303247434793E+01
  912   9.668912912932367E+00   5.800672785974649E+01
  913   4.710265431232934E+00   6.012334343928590E+01
  914   4.841106137100535E+00   5.762676958204385E+01
  915   2.941154069394336E-05   6.000000000000480E+01
  916   3.022852793544179E-05   5.750000000000495E+01
  917  -4.710206688766563E+00   6.012334036072370E+01
  918  -4.841045762898947E+00   5.762676641796601E+01
  919  -9.407532439578301E+00   6.049302632566162E+01
  920  -9.668852787066600E+00   5.800672154026336E+01
  921  -1.407907285056342E+01   6.110804469902610E+01
  922  -1.447015814363464E+01   5.863882377122128E+01
  923  -1.871202343117103E+01   6.196670978500154E+01
  924  -1.923180183203689E+01   5.952134061514047E+01
  925  -2.329368569063200E+01   6.306666798773776E+01
  926  -2.394073250148291E+01   6.065185327628603E+01
  927  -2.781150152796108E+01   6.440490441133868E+01
  928  -2.858404325095999E+01   6.202726285887584E+01
  929  -3.225308804195957E+01   6.597775105985095E+01
  930  -3.314900707923622E+01   6.364379966706906E+01
  931  -3.660627103121865E+01   6.778089683725307E+01
  932  -3.762311188486362E+01   6.549703290495454E+01
  933  -4.085911879412317E+01   6.980939944744422E+01
  934  -4.199409426618215E+01   6.758188277653991E+01
  935  -4.499997452885621E+01   7.205769899423382E+01
  936  -4.624997382132441E+01   6.989263498574032E+01
  937  -4.901748853340386E+01   7.451963288133089E+01
  938  -5.037908534822063E+01   7.242295603636788E+01
  939  -5.290064890556093E+01   7.718845321233403E+01
  940  -5.437011134460428E+01   7.516591023212108E+01
  941  -5.663881234293692E+01   8.005684499072146E+01
  942  -5.821211270801850E+01   7.811397957657481E+01
  943  -6.022173274296251E+01   8.311694601984149E+01
  944  -6.189455863582257E+01   8.125908337317044E+01
  945  -6.363958950289674E+01   8.636036890290353E+01
  946  -6.540735592519940E+01   8.459260132520640E+01
  947  -6.688301461983437E+01   8.977822354296895E+01
  948  -6.874087617316310E+01   8.810539643582916E+01
  949  -6.994311799071397E+01   9.336114194294296E+01
  950  -7.188598237656713E+01   9.178784030802473E+01
  951  -7.281151221232625E+01   9.709930350556658E+01
  952  -7.483405423211310E+01   9.562983974461008E+01
  953  -7.548033508132281E+01   1.009824621334091E+02
  954  -7.757701103635959E+01   9.962086394822602E+01
  955  -7.794227159422550E+01   1.049999745288610E+02
  956  -8.010733478573177E+01   1.037499738213293E+02
  957  -8.019057384743564E+01   1.091408287941275E+02
  958  -8.241808977653110E+01   1.080058518661866E+02
  959  -8.221907923724427E+01   1.133936752312225E+02
  960  -8.450294250494551E+01   1.123768328848676E+02
  961  -8.402222785984198E+01   1.177468570419630E+02
  962  -8.635617866705982E+01   1.168509364792397E+02
  963  -8.559507741132951E+01   1.221884425279640E+02
  964  -8.797271845886645E+01   1.214158992509631E+02
  965  -8.693331678772847E+01   1.267062574906345E+02
  966  -8.934813107627649E+01   1.260592091014855E+02
  967  -8.803327798499214E+01   1.312879190311730E+02
  968  -9.047864681513082E+01   1.307681390320390E+02
  969  -8.889194609901659E+01   1.359208690505649E+02
  970  -9.136116677121153E+01   1.355297821436362E+02
  971  -8.950696752565207E+01   1.405924090595793E+02
  972  -9.199327214025351E+01   1.403310870870676E+02
  973  -8.987665656071410E+01   1.452897345687671E+02
  974  -9.237323041795615E+01   1.451588938628995E+02
  975  -8.999999999999520E+01   1.499999705884593E+02
  976  -9.249999999999505E+01   1.499999697714721E+02
      3
1   671    11   1   1   0
672   674   1   1   1   0
855   856   1   1   1   0
852   854   1   1   1   0
975   976   1   1   1   0
      0      0      0      0      0      0
       1     9
 300.0d  3.00E-01  0.00E+00  0.00E+00  0.00E+00  0.00E+00  0.00E+00  0.00E+00  1.00E-3  
       2     9
 1.00E+3  3.00E-01  0.00E+00  0.00E+00  0.00E+00  0.00E+00  0.00E+00  0.00E+00  1.00E-3  
       3     9
 1.00E+5  3.00E-01  0.00E+00  0.00E+00  0.00E+00  0.00E+00  0.00E+00  0.00E+00  1.00E-3 
       0      0      0      0      0      0      0      0      0      0      0      0

    1
   p9_3
  210    9    9    3
              1              1             23             25              3             12             24             14              2             13              1              1
              2              3             25             27              5             14             26             16              4             15              1              1
              3              5             27             29              7             16             28             18              6             17              1              1
              4              7             29             31              9             18             30             20              8             19              1              1
              5              9             31             33             11             20             32             22             10             21              1              1
              6             23             45             47             25             34             46             36             24             35              1              1
              7             25             47             49             27             36             48             38             26             37              1              1
              8             27             49             51             29             38             50             40             28             39              1              1
              9             29             51             53             31             40             52             42             30             41              1              1
             10             31             53             55             33             42             54             44             32             43              1              1
             11             45             67             69             47             56             68             58             46             57              1              1
             12             47             69             71             49             58             70             60             48             59              1              1
             13             49             71             73             51             60             72             62             50             61              1              1
             14             51             73             75             53             62             74             64             52             63              1              1
             15             53             75             77             55             64             76             66             54             65              1              1
             16             67             89             91             69             78             90             80             68             79              1              1
             17             69             91             93             71             80             92             82             70             81              1              1
             18             71             93             95             73             82             94             84             72             83              1              1
             19             73             95             97             75             84             96             86             74             85              1              1
             20             75             97             99             77             86             98             88             76             87              1              1
             21             89            111            113             91            100            112            102             90            101              1              1
             22             91            113            115             93            102            114            104             92            103              1              1
             23             93            115            117             95            104            116            106             94            105              1              1
             24             95            117            119             97            106            118            108             96            107              1              1
             25             97            119            121             99            108            120            110             98            109              1              1
             26            111            133            135            113            122            134            124            112            123              1              1
             27            113            135            137            115            124            136            126            114            125              1              1
             28            115            137            139            117            126            138            128            116            127              1              1
             29            117            139            141            119            128            140            130            118            129              1              1
             30            119            141            143            121            130            142            132            120            131              1              1
             31            133            155            157            135            144            156            146            134            145              1              1
             32            135            157            159            137            146            158            148            136            147              1              1
             33            137            159            161            139            148            160            150            138            149              1              1
             34            139            161            163            141            150            162            152            140            151              1              1
             35            141            163            165            143            152            164            154            142            153              1              1
             36            155            177            179            157            166            178            168            156            167              1              1
             37            157            179            181            159            168            180            170            158            169              1              1
             38            159            181            183            161            170            182            172            160            171              1              1
             39            161            183            185            163            172            184            174            162            173              1              1
             40            163            185            187            165            174            186            176            164            175              1              1
             41            177            199            201            179            188            200            190            178            189              1              1
             42            179            201            203            181            190            202            192            180            191              1              1
             43            181            203            205            183            192            204            194            182            193              1              1
             44            183            205            207            185            194            206            196            184            195              1              1
             45            185            207            209            187            196            208            198            186            197              1              1
             46            199            221            223            201            210            222            212            200            211              1              1
             47            201            223            225            203            212            224            214            202            213              1              1
             48            203            225            227            205            214            226            216            204            215              1              1
             49            205            227            229            207            216            228            218            206            217              1              1
             50            207            229            231            209            218            230            220            208            219              1              1
             51            221            243            245            223            232            244            234            222            233              1              1
             52            223            245            247            225            234            246            236            224            235              1              1
             53            225            247            249            227            236            248            238            226            237              1              1
             54            227            249            251            229            238            250            240            228            239              1              1
             55            229            251            253            231            240            252            242            230            241              1              1
             56            243            265            267            245            254            266            256            244            255              1              1
             57            245            267            269            247            256            268            258            246            257              1              1
             58            247            269            271            249            258            270            260            248            259              1              1
             59            249            271            273            251            260            272            262            250            261              1              1
             60            251            273            275            253            262            274            264            252            263              1              1
             61            265            287            289            267            276            288            278            266            277              1              1
             62            267            289            291            269            278            290            280            268            279              1              1
             63            269            291            293            271            280            292            282            270            281              1              1
             64            271            293            295            273            282            294            284            272            283              1              1
             65            273            295            297            275            284            296            286            274            285              1              1
             66            287            309            311            289            298            310            300            288            299              1              1
             67            289            311            313            291            300            312            302            290            301              1              1
             68            291            313            315            293            302            314            304            292            303              1              1
             69            293            315            317            295            304            316            306            294            305              1              1
             70            295            317            319            297            306            318            308            296            307              1              1
             71            309            331            333            311            320            332            322            310            321              1              1
             72            311            333            335            313            322            334            324            312            323              1              1
             73            313            335            337            315            324            336            326            314            325              1              1
             74            315            337            339            317            326            338            328            316            327              1              1
             75            317            339            341            319            328            340            330            318            329              1              1
             76            331            353            355            333            342            354            344            332            343              1              1
             77            333            355            357            335            344            356            346            334            345              1              1
             78            335            357            359            337            346            358            348            336            347              1              1
             79            337            359            361            339            348            360            350            338            349              1              1
             80            339            361            363            341            350            362            352            340            351              1              1
             81            353            375            377            355            364            376            366            354            365              1              1
             82            355            377            379            357            366            378            368            356            367              1              1
             83            357            379            381            359            368            380            370            358            369              1              1
             84            359            381            383            361            370            382            372            360            371              1              1
             85            361            383            385            363            372            384            374            362            373              1              1
             86            375            397            399            377            386            398            388            376            387              1              1
             87            377            399            401            379            388            400            390            378            389              1              1
             88            379            401            403            381            390            402            392            380            391              1              1
             89            381            403            405            383            392            404            394            382            393              1              1
             90            383            405            407            385            394            406            396            384            395              1              1
             91            397            419            421            399            408            420            410            398            409              1              1
             92            399            421            423            401            410            422            412            400            411              1              1
             93            401            423            425            403            412            424            414            402            413              1              1
             94            403            425            427            405            414            426            416            404            415              1              1
             95            405            427            429            407            416            428            418            406            417              1              1
             96            419            441            443            421            430            442            432            420            431              1              1
             97            421            443            445            423            432            444            434            422            433              1              1
             98            423            445            447            425            434            446            436            424            435              1              1
             99            425            447            449            427            436            448            438            426            437              1              1
            100            427            449            451            429            438            450            440            428            439              1              1
            101            441            463            465            443            452            464            454            442            453              1              1
            102            443            465            467            445            454            466            456            444            455              1              1
            103            445            467            469            447            456            468            458            446            457              1              1
            104            447            469            471            449            458            470            460            448            459              1              1
            105            449            471            473            451            460            472            462            450            461              1              1
            106            463            485            487            465            474            486            476            464            475              1              1
            107            465            487            489            467            476            488            478            466            477              1              1
            108            467            489            491            469            478            490            480            468            479              1              1
            109            469            491            493            471            480            492            482            470            481              1              1
            110            471            493            495            473            482            494            484            472            483              1              1
            111            485            507            509            487            496            508            498            486            497              1              1
            112            487            509            511            489            498            510            500            488            499              1              1
            113            489            511            513            491            500            512            502            490            501              1              1
            114            491            513            515            493            502            514            504            492            503              1              1
            115            493            515            517            495            504            516            506            494            505              1              1
            116            507            529            531            509            518            530            520            508            519              1              1
            117            509            531            533            511            520            532            522            510            521              1              1
            118            511            533            535            513            522            534            524            512            523              1              1
            119            513            535            537            515            524            536            526            514            525              1              1
            120            515            537            539            517            526            538            528            516            527              1              1
            121            529            551            553            531            540            552            542            530            541              1              1
            122            531            553            555            533            542            554            544            532            543              1              1
            123            533            555            557            535            544            556            546            534            545              1              1
            124            535            557            559            537            546            558            548            536            547              1              1
            125            537            559            561            539            548            560            550            538            549              1              1
            126            551            573            575            553            562            574            564            552            563              1              1
            127            553            575            577            555            564            576            566            554            565              1              1
            128            555            577            579            557            566            578            568            556            567              1              1
            129            557            579            581            559            568            580            570            558            569              1              1
            130            559            581            583            561            570            582            572            560            571              1              1
            131            573            595            597            575            584            596            586            574            585              1              1
            132            575            597            599            577            586            598            588            576            587              1              1
            133            577            599            601            579            588            600            590            578            589              1              1
            134            579            601            603            581            590            602            592            580            591              1              1
            135            581            603            605            583            592            604            594            582            593              1              1
            136            595            617            619            597            606            618            608            596            607              1              1
            137            597            619            621            599            608            620            610            598            609              1              1
            138            599            621            623            601            610            622            612            600            611              1              1
            139            601            623            625            603            612            624            614            602            613              1              1
            140            603            625            627            605            614            626            616            604            615              1              1
            141            617            639            641            619            628            640            630            618            629              1              1
            142            619            641            643            621            630            642            632            620            631              1              1
            143            621            643            645            623            632            644            634            622            633              1              1
            144            623            645            647            625            634            646            636            624            635              1              1
            145            625            647            649            627            636            648            638            626            637              1              1
            146            639            661            663            641            650            662            652            640            651              1              1
            147            641            663            665            643            652            664            654            642            653              1              1
            148            643            665            667            645            654            666            656            644            655              1              1
            149            645            667            669            647            656            668            658            646            657              1              1
            150            647            669            671            649            658            670            660            648            659              1              1
            151            672            678            680            674            675            679            677            673            676              2              1
            152            678            684            686            680            681            685            683            679            682              2              1
            153            684            690            692            686            687            691            689            685            688              2              1
            154            690            696            698            692            693            697            695            691            694              2              1
            155            696            702            704            698            699            703            701            697            700              2              1
            156            702            708            710            704            705            709            707            703            706              2              1
            157            708            714            716            710            711            715            713            709            712              2              1
            158            714            720            722            716            717            721            719            715            718              2              1
            159            720            726            728            722            723            727            725            721            724              2              1
            160            726            732            734            728            729            733            731            727            730              2              1
            161            732            738            740            734            735            739            737            733            736              2              1
            162            738            744            746            740            741            745            743            739            742              2              1
            163            744            750            752            746            747            751            749            745            748              2              1
            164            750            756            758            752            753            757            755            751            754              2              1
            165            756            762            764            758            759            763            761            757            760              2              1
            166            762            768            770            764            765            769            767            763            766              2              1
            167            768            774            776            770            771            775            773            769            772              2              1
            168            774            780            782            776            777            781            779            775            778              2              1
            169            780            786            788            782            783            787            785            781            784              2              1
            170            786            792            794            788            789            793            791            787            790              2              1
            171            792            798            800            794            795            799            797            793            796              2              1
            172            798            804            806            800            801            805            803            799            802              2              1
            173            804            810            812            806            807            811            809            805            808              2              1
            174            810            816            818            812            813            817            815            811            814              2              1
            175            816            822            824            818            819            823            821            817            820              2              1
            176            822            828            830            824            825            829            827            823            826              2              1
            177            828            834            836            830            831            835            833            829            832              2              1
            178            834            840            842            836            837            841            839            835            838              2              1
            179            840            846            848            842            843            847            845            841            844              2              1
            180            846            852            854            848            849            853            851            847            850              2              1
            181            855            859            678            672            857            860            675            856            858              3              1
            182            859            863            684            678            861            864            681            860            862              3              1
            183            863            867            690            684            865            868            687            864            866              3              1
            184            867            871            696            690            869            872            693            868            870              3              1
            185            871            875            702            696            873            876            699            872            874              3              1
            186            875            879            708            702            877            880            705            876            878              3              1
            187            879            883            714            708            881            884            711            880            882              3              1
            188            883            887            720            714            885            888            717            884            886              3              1
            189            887            891            726            720            889            892            723            888            890              3              1
            190            891            895            732            726            893            896            729            892            894              3              1
            191            895            899            738            732            897            900            735            896            898              3              1
            192            899            903            744            738            901            904            741            900            902              3              1
            193            903            907            750            744            905            908            747            904            906              3              1
            194            907            911            756            750            909            912            753            908            910              3              1
            195            911            915            762            756            913            916            759            912            914              3              1
            196            915            919            768            762            917            920            765            916            918              3              1
            197            919            923            774            768            921            924            771            920            922              3              1
            198            923            927            780            774            925            928            777            924            926              3              1
            199            927            931            786            780            929            932            783            928            930              3              1
            200            931            935            792            786            933            936            789            932            934              3              1
            201            935            939            798            792            937            940            795            936            938              3              1
            202            939            943            804            798            941            944            801            940            942              3              1
            203            943            947            810            804            945            948            807            944            946              3              1
            204            947            951            816            810            949            952            813            948            950              3              1
            205            951            955            822            816            953            956            819            952            954              3              1
            206            955            959            828            822            957            960            825            956            958              3              1
            207            959            963            834            828            961            964            831            960            962              3              1
            208            963            967            840            834            965            968            837            964            966              3              1
            209            967            971            846            840            969            972            843            968            970              3              1
            210            971            975            852            846            973            976            849            972            974              3              1
0,0,0,0,0,0,0
