 Analysis for,q9 combined geometry   42   nodes    6    elements                
 equitol  5.000000000000000E-006
  
 mflg2,maxtime,deltat , ipress,igrav,icont,loadsteps
  0 0.150E+02 0.200E-01     1     0     1     1
 press, pressx, pressy, pressz 
   0.1000E+01   0.0000E+00   0.0000E+00   0.0000E+00
 cguasspt,shift_boun,lamorder,lamscal,tolalpha, tolmaster
      15   0.100E-01     2   0.100E+12 0.100E-09 0.100E-09
  
 nlamarr            7    nmasarr           7
 factor     1.00000000000000         itercont           1
 loadstep           1    iterata           1
 disp and langrange for slave body
   22   0.000000E+00  0.100000E+00  0.000000E+00  0.000000E+00  0.000000E+00
   25   0.166667E+01  0.100000E+00 -0.101959E-06 -0.178439E-05  0.573171E+00
   28   0.333333E+01  0.100000E+00 -0.173767E-06 -0.646424E-05  0.414258E+00
   31   0.500000E+01  0.100000E+00 -0.216014E-06 -0.130171E-04  0.512572E+00
   34   0.666667E+01  0.100000E+00 -0.238208E-06 -0.206437E-04  0.484927E+00
   37   0.833333E+01  0.100000E+00 -0.246216E-06 -0.287370E-04  0.502500E+00
   40   0.100000E+02  0.100000E+00 -0.247390E-06 -0.369831E-04  0.494991E+00
 disp and langrange for master  body
    9   0.333333E+01  0.100000E+00  0.173772E-06 -0.646424E-05  0.000000E+00
    6   0.166667E+01  0.100000E+00  0.101960E-06 -0.178439E-05  0.000000E+00
    3   0.000000E+00  0.100000E+00  0.000000E+00  0.000000E+00  0.000000E+00
   15   0.666667E+01  0.100000E+00  0.238217E-06 -0.206437E-04  0.000000E+00
   12   0.500000E+01  0.100000E+00  0.216021E-06 -0.130171E-04  0.000000E+00
   21   0.100000E+02  0.100000E+00  0.247405E-06 -0.369831E-04  0.000000E+00
   18   0.833333E+01  0.100000E+00  0.246228E-06 -0.287370E-04  0.000000E+00
 factor     1.00000000000000         itercont           1
 loadstep           1    iterata           2
 disp and langrange for slave body
   22   0.000000E+00  0.100000E+00  0.000000E+00  0.000000E+00  0.000000E+00
   25   0.166667E+01  0.100000E+00 -0.101960E-06 -0.178439E-05  0.573141E+00
   28   0.333333E+01  0.100000E+00 -0.173775E-06 -0.646424E-05  0.414323E+00
   31   0.500000E+01  0.100000E+00 -0.216035E-06 -0.130171E-04  0.512540E+00
   34   0.666667E+01  0.100000E+00 -0.238246E-06 -0.206437E-04  0.484979E+00
   37   0.833333E+01  0.100000E+00 -0.246274E-06 -0.287370E-04  0.502483E+00
   40   0.100000E+02  0.100000E+00 -0.247469E-06 -0.369831E-04  0.495020E+00
 disp and langrange for master  body
    9   0.333333E+01  0.100000E+00  0.173764E-06 -0.646424E-05  0.000000E+00
    6   0.166667E+01  0.100000E+00  0.101959E-06 -0.178439E-05  0.000000E+00
    3   0.000000E+00  0.100000E+00  0.000000E+00  0.000000E+00  0.000000E+00
   15   0.666667E+01  0.100000E+00  0.238179E-06 -0.206437E-04  0.000000E+00
   12   0.500000E+01  0.100000E+00  0.216000E-06 -0.130171E-04  0.000000E+00
   21   0.100000E+02  0.100000E+00  0.247326E-06 -0.369831E-04  0.000000E+00
   18   0.833333E+01  0.100000E+00  0.246170E-06 -0.287370E-04  0.000000E+00
 factor     1.00000000000000         itercont           1
 loadstep           1    iterata           3
 disp and langrange for slave body
   22   0.000000E+00  0.100000E+00  0.000000E+00  0.000000E+00  0.000000E+00
   25   0.166667E+01  0.100000E+00 -0.101960E-06 -0.178439E-05  0.573141E+00
   28   0.333333E+01  0.100000E+00 -0.173775E-06 -0.646424E-05  0.414323E+00
   31   0.500000E+01  0.100000E+00 -0.216035E-06 -0.130171E-04  0.512540E+00
   34   0.666667E+01  0.100000E+00 -0.238246E-06 -0.206437E-04  0.484979E+00
   37   0.833333E+01  0.100000E+00 -0.246274E-06 -0.287370E-04  0.502483E+00
   40   0.100000E+02  0.100000E+00 -0.247469E-06 -0.369831E-04  0.495020E+00
 disp and langrange for master  body
    9   0.333333E+01  0.100000E+00  0.173764E-06 -0.646424E-05  0.000000E+00
    6   0.166667E+01  0.100000E+00  0.101959E-06 -0.178439E-05  0.000000E+00
    3   0.000000E+00  0.100000E+00  0.000000E+00  0.000000E+00  0.000000E+00
   15   0.666667E+01  0.100000E+00  0.238179E-06 -0.206437E-04  0.000000E+00
   12   0.500000E+01  0.100000E+00  0.216000E-06 -0.130171E-04  0.000000E+00
   21   0.100000E+02  0.100000E+00  0.247326E-06 -0.369831E-04  0.000000E+00
   18   0.833333E+01  0.100000E+00  0.246170E-06 -0.287370E-04  0.000000E+00
