 Analysis for,q9 combined geometry   42   nodes    6    elements                
 equitol  5.000000000000000E-006
  
 mflg2,maxtime,deltat , ipress,igrav,icont,loadsteps
  0 0.150E+02 0.200E-01     1     0     1     1
 press, pressx, pressy, pressz 
   0.1000E+01   0.0000E+00   0.0000E+00   0.0000E+00
 cguasspt,shift_boun,lamorder,lamscal,tolalpha, tolmaster
      15   0.100E-01     1   0.100E+12 0.100E-09 0.100E-09
  
 nlamarr            7    nmasarr           7
 factor     1.00000000000000         itercont           1
 loadstep           1    iterata           1
 disp and langrange for slave body
   22   0.000000E+00  0.100000E+00  0.000000E+00  0.000000E+00  0.000000E+00
   25   0.166667E+01  0.100000E+00 -0.870761E-07 -0.145374E-05  0.000000E+00
   28   0.333333E+01  0.100000E+00 -0.173761E-06 -0.580280E-05  0.558011E+00
   31   0.500000E+01  0.100000E+00 -0.206301E-06 -0.121386E-04  0.000000E+00
   34   0.666667E+01  0.100000E+00 -0.238588E-06 -0.195547E-04  0.488609E+00
   37   0.833333E+01  0.100000E+00 -0.243423E-06 -0.275890E-04  0.000000E+00
   40   0.100000E+02  0.100000E+00 -0.248172E-06 -0.357829E-04  0.506088E+00
 disp and langrange for master  body
    9   0.333333E+01  0.100000E+00  0.173786E-06 -0.580276E-05  0.000000E+00
    6   0.166667E+01  0.100000E+00  0.870739E-07 -0.145347E-05  0.000000E+00
    3   0.000000E+00  0.100000E+00  0.000000E+00  0.000000E+00  0.000000E+00
   15   0.666667E+01  0.100000E+00  0.238575E-06 -0.195547E-04  0.000000E+00
   12   0.500000E+01  0.100000E+00  0.206307E-06 -0.121389E-04  0.000000E+00
   21   0.100000E+02  0.100000E+00  0.248226E-06 -0.357834E-04  0.000000E+00
   18   0.833333E+01  0.100000E+00  0.243444E-06 -0.275887E-04  0.000000E+00
 factor     1.00000000000000         itercont           1
 loadstep           1    iterata           2
 disp and langrange for slave body
   22   0.000000E+00  0.100000E+00  0.000000E+00  0.000000E+00  0.000000E+00
   25   0.166667E+01  0.100000E+00 -0.870770E-07 -0.145374E-05  0.000000E+00
   28   0.333333E+01  0.100000E+00 -0.173768E-06 -0.580280E-05  0.558013E+00
   31   0.500000E+01  0.100000E+00 -0.206320E-06 -0.121386E-04  0.000000E+00
   34   0.666667E+01  0.100000E+00 -0.238624E-06 -0.195547E-04  0.488608E+00
   37   0.833333E+01  0.100000E+00 -0.243478E-06 -0.275890E-04  0.000000E+00
   40   0.100000E+02  0.100000E+00 -0.248247E-06 -0.357829E-04  0.506089E+00
 disp and langrange for master  body
    9   0.333333E+01  0.100000E+00  0.173779E-06 -0.580276E-05  0.000000E+00
    6   0.166667E+01  0.100000E+00  0.870730E-07 -0.145347E-05  0.000000E+00
    3   0.000000E+00  0.100000E+00  0.000000E+00  0.000000E+00  0.000000E+00
   15   0.666667E+01  0.100000E+00  0.238539E-06 -0.195547E-04  0.000000E+00
   12   0.500000E+01  0.100000E+00  0.206288E-06 -0.121389E-04  0.000000E+00
   21   0.100000E+02  0.100000E+00  0.248151E-06 -0.357834E-04  0.000000E+00
   18   0.833333E+01  0.100000E+00  0.243389E-06 -0.275887E-04  0.000000E+00
 factor     1.00000000000000         itercont           1
 loadstep           1    iterata           3
 disp and langrange for slave body
   22   0.000000E+00  0.100000E+00  0.000000E+00  0.000000E+00  0.000000E+00
   25   0.166667E+01  0.100000E+00 -0.870770E-07 -0.145374E-05  0.000000E+00
   28   0.333333E+01  0.100000E+00 -0.173768E-06 -0.580280E-05  0.558013E+00
   31   0.500000E+01  0.100000E+00 -0.206320E-06 -0.121386E-04  0.000000E+00
   34   0.666667E+01  0.100000E+00 -0.238624E-06 -0.195547E-04  0.488608E+00
   37   0.833333E+01  0.100000E+00 -0.243478E-06 -0.275890E-04  0.000000E+00
   40   0.100000E+02  0.100000E+00 -0.248247E-06 -0.357829E-04  0.506089E+00
 disp and langrange for master  body
    9   0.333333E+01  0.100000E+00  0.173779E-06 -0.580276E-05  0.000000E+00
    6   0.166667E+01  0.100000E+00  0.870730E-07 -0.145347E-05  0.000000E+00
    3   0.000000E+00  0.100000E+00  0.000000E+00  0.000000E+00  0.000000E+00
   15   0.666667E+01  0.100000E+00  0.238539E-06 -0.195547E-04  0.000000E+00
   12   0.500000E+01  0.100000E+00  0.206288E-06 -0.121389E-04  0.000000E+00
   21   0.100000E+02  0.100000E+00  0.248151E-06 -0.357834E-04  0.000000E+00
   18   0.833333E+01  0.100000E+00  0.243389E-06 -0.275887E-04  0.000000E+00
