 Analysis for,q9 combined geometry   42   nodes    6    elements                
 equitol  5.000000000000000E-006
  
 mflg2,maxtime,deltat , ipress,igrav,icont,loadsteps
  0 0.150E+02 0.200E-01     1     0     1     1
 press, pressx, pressy, pressz 
   0.1000E+01   0.0000E+00   0.0000E+00   0.0000E+00
 cguasspt,shift_boun,lamorder,lamscal,tolalpha, tolmaster
      15   0.100E-01     1   0.100E+12 0.100E-09 0.100E-09
  
 nlamarr            7    nmasarr           7
 factor     1.00000000000000         itercont           1
 loadstep           1    iterata           1
 disp and langrange for slave body
   22   0.000000E+00  0.100000E+00  0.000000E+00  0.000000E+00  0.000000E+00
   25   0.166667E+01  0.100000E+00 -0.102029E-06 -0.178671E-05  0.000000E+00
   28   0.333333E+01  0.100000E+00 -0.173509E-06 -0.646449E-05  0.631035E+00
   31   0.500000E+01  0.100000E+00 -0.216065E-06 -0.130145E-04  0.000000E+00
   34   0.666667E+01  0.100000E+00 -0.238334E-06 -0.206448E-04  0.437205E+00
   37   0.833333E+01  0.100000E+00 -0.246137E-06 -0.287385E-04  0.000000E+00
   40   0.100000E+02  0.100000E+00 -0.247212E-06 -0.369800E-04  0.542828E+00
 disp and langrange for master  body
    9   0.333333E+01  0.100000E+00  0.174030E-06 -0.646399E-05  0.000000E+00
    6   0.166667E+01  0.100000E+00  0.101890E-06 -0.178208E-05  0.000000E+00
    3   0.000000E+00  0.100000E+00  0.000000E+00  0.000000E+00  0.000000E+00
   15   0.666667E+01  0.100000E+00  0.238091E-06 -0.206427E-04  0.000000E+00
   12   0.500000E+01  0.100000E+00  0.215970E-06 -0.130197E-04  0.000000E+00
   21   0.100000E+02  0.100000E+00  0.247583E-06 -0.369862E-04  0.000000E+00
   18   0.833333E+01  0.100000E+00  0.246306E-06 -0.287354E-04  0.000000E+00
 factor     1.00000000000000         itercont           1
 loadstep           1    iterata           2
 disp and langrange for slave body
   22   0.000000E+00  0.100000E+00  0.000000E+00  0.000000E+00  0.000000E+00
   25   0.166667E+01  0.100000E+00 -0.102030E-06 -0.178671E-05  0.000000E+00
   28   0.333333E+01  0.100000E+00 -0.173517E-06 -0.646449E-05  0.631036E+00
   31   0.500000E+01  0.100000E+00 -0.216086E-06 -0.130145E-04  0.000000E+00
   34   0.666667E+01  0.100000E+00 -0.238372E-06 -0.206448E-04  0.437205E+00
   37   0.833333E+01  0.100000E+00 -0.246195E-06 -0.287385E-04  0.000000E+00
   40   0.100000E+02  0.100000E+00 -0.247291E-06 -0.369800E-04  0.542828E+00
 disp and langrange for master  body
    9   0.333333E+01  0.100000E+00  0.174023E-06 -0.646399E-05  0.000000E+00
    6   0.166667E+01  0.100000E+00  0.101889E-06 -0.178208E-05  0.000000E+00
    3   0.000000E+00  0.100000E+00  0.000000E+00  0.000000E+00  0.000000E+00
   15   0.666667E+01  0.100000E+00  0.238053E-06 -0.206427E-04  0.000000E+00
   12   0.500000E+01  0.100000E+00  0.215949E-06 -0.130197E-04  0.000000E+00
   21   0.100000E+02  0.100000E+00  0.247504E-06 -0.369862E-04  0.000000E+00
   18   0.833333E+01  0.100000E+00  0.246248E-06 -0.287354E-04  0.000000E+00
 factor     1.00000000000000         itercont           1
 loadstep           1    iterata           3
 disp and langrange for slave body
   22   0.000000E+00  0.100000E+00  0.000000E+00  0.000000E+00  0.000000E+00
   25   0.166667E+01  0.100000E+00 -0.102030E-06 -0.178671E-05  0.000000E+00
   28   0.333333E+01  0.100000E+00 -0.173517E-06 -0.646449E-05  0.631036E+00
   31   0.500000E+01  0.100000E+00 -0.216086E-06 -0.130145E-04  0.000000E+00
   34   0.666667E+01  0.100000E+00 -0.238372E-06 -0.206448E-04  0.437205E+00
   37   0.833333E+01  0.100000E+00 -0.246195E-06 -0.287385E-04  0.000000E+00
   40   0.100000E+02  0.100000E+00 -0.247291E-06 -0.369800E-04  0.542828E+00
 disp and langrange for master  body
    9   0.333333E+01  0.100000E+00  0.174023E-06 -0.646399E-05  0.000000E+00
    6   0.166667E+01  0.100000E+00  0.101889E-06 -0.178208E-05  0.000000E+00
    3   0.000000E+00  0.100000E+00  0.000000E+00  0.000000E+00  0.000000E+00
   15   0.666667E+01  0.100000E+00  0.238053E-06 -0.206427E-04  0.000000E+00
   12   0.500000E+01  0.100000E+00  0.215949E-06 -0.130197E-04  0.000000E+00
   21   0.100000E+02  0.100000E+00  0.247504E-06 -0.369862E-04  0.000000E+00
   18   0.833333E+01  0.100000E+00  0.246248E-06 -0.287354E-04  0.000000E+00
