 Analysis for,q9 combined geometry   42   nodes    6    elements                
 equitol  5.000000000000000E-006
  
 mflg2,maxtime,deltat , ipress,igrav,icont,loadsteps
  0 0.150E+02 0.200E-01     1     0     1     1
 press, pressx, pressy, pressz 
   0.1000E+01   0.0000E+00   0.0000E+00   0.0000E+00
 cguasspt,shift_boun,lamorder,lamscal,tolalpha, tolmaster
      15   0.100E-01     2   0.100E+12 0.100E-09 0.100E-09
  
 nlamarr            7    nmasarr           7
 factor     1.00000000000000         itercont           1
 loadstep           1    iterata           1
 disp and langrange for slave body
   22   0.000000E+00  0.100000E+00  0.000000E+00  0.000000E+00  0.000000E+00
   25   0.166667E+01  0.100000E+00 -0.870741E-07 -0.145361E-05  0.572650E+00
   28   0.333333E+01  0.100000E+00 -0.173771E-06 -0.580278E-05  0.415063E+00
   31   0.500000E+01  0.100000E+00 -0.206301E-06 -0.121388E-04  0.512265E+00
   34   0.666667E+01  0.100000E+00 -0.238577E-06 -0.195547E-04  0.485302E+00
   37   0.833333E+01  0.100000E+00 -0.243427E-06 -0.275888E-04  0.502403E+00
   40   0.100000E+02  0.100000E+00 -0.248192E-06 -0.357832E-04  0.495162E+00
 disp and langrange for master  body
    9   0.333333E+01  0.100000E+00  0.173776E-06 -0.580278E-05  0.000000E+00
    6   0.166667E+01  0.100000E+00  0.870758E-07 -0.145361E-05  0.000000E+00
    3   0.000000E+00  0.100000E+00  0.000000E+00  0.000000E+00  0.000000E+00
   15   0.666667E+01  0.100000E+00  0.238586E-06 -0.195547E-04  0.000000E+00
   12   0.500000E+01  0.100000E+00  0.206307E-06 -0.121388E-04  0.000000E+00
   21   0.100000E+02  0.100000E+00  0.248206E-06 -0.357832E-04  0.000000E+00
   18   0.833333E+01  0.100000E+00  0.243439E-06 -0.275888E-04  0.000000E+00
 factor     1.00000000000000         itercont           1
 loadstep           1    iterata           2
 disp and langrange for slave body
   22   0.000000E+00  0.100000E+00  0.000000E+00  0.000000E+00  0.000000E+00
   25   0.166667E+01  0.100000E+00 -0.870750E-07 -0.145361E-05  0.572447E+00
   28   0.333333E+01  0.100000E+00 -0.173778E-06 -0.580278E-05  0.415648E+00
   31   0.500000E+01  0.100000E+00 -0.206319E-06 -0.121388E-04  0.511927E+00
   34   0.666667E+01  0.100000E+00 -0.238612E-06 -0.195547E-04  0.485866E+00
   37   0.833333E+01  0.100000E+00 -0.243482E-06 -0.275888E-04  0.502205E+00
   40   0.100000E+02  0.100000E+00 -0.248267E-06 -0.357832E-04  0.495489E+00
 disp and langrange for master  body
    9   0.333333E+01  0.100000E+00  0.173769E-06 -0.580278E-05  0.000000E+00
    6   0.166667E+01  0.100000E+00  0.870750E-07 -0.145361E-05  0.000000E+00
    3   0.000000E+00  0.100000E+00  0.000000E+00  0.000000E+00  0.000000E+00
   15   0.666667E+01  0.100000E+00  0.238551E-06 -0.195547E-04  0.000000E+00
   12   0.500000E+01  0.100000E+00  0.206289E-06 -0.121388E-04  0.000000E+00
   21   0.100000E+02  0.100000E+00  0.248131E-06 -0.357832E-04  0.000000E+00
   18   0.833333E+01  0.100000E+00  0.243385E-06 -0.275888E-04  0.000000E+00
 factor     1.00000000000000         itercont           1
 loadstep           1    iterata           3
 disp and langrange for slave body
   22   0.000000E+00  0.100000E+00  0.000000E+00  0.000000E+00  0.000000E+00
   25   0.166667E+01  0.100000E+00 -0.870750E-07 -0.145361E-05  0.572447E+00
   28   0.333333E+01  0.100000E+00 -0.173778E-06 -0.580278E-05  0.415648E+00
   31   0.500000E+01  0.100000E+00 -0.206319E-06 -0.121388E-04  0.511927E+00
   34   0.666667E+01  0.100000E+00 -0.238612E-06 -0.195547E-04  0.485866E+00
   37   0.833333E+01  0.100000E+00 -0.243482E-06 -0.275888E-04  0.502205E+00
   40   0.100000E+02  0.100000E+00 -0.248267E-06 -0.357832E-04  0.495489E+00
 disp and langrange for master  body
    9   0.333333E+01  0.100000E+00  0.173769E-06 -0.580278E-05  0.000000E+00
    6   0.166667E+01  0.100000E+00  0.870750E-07 -0.145361E-05  0.000000E+00
    3   0.000000E+00  0.100000E+00  0.000000E+00  0.000000E+00  0.000000E+00
   15   0.666667E+01  0.100000E+00  0.238551E-06 -0.195547E-04  0.000000E+00
   12   0.500000E+01  0.100000E+00  0.206289E-06 -0.121388E-04  0.000000E+00
   21   0.100000E+02  0.100000E+00  0.248131E-06 -0.357832E-04  0.000000E+00
   18   0.833333E+01  0.100000E+00  0.243385E-06 -0.275888E-04  0.000000E+00
