Analysis for,q9 combined geometry   42   nodes    6    elements

5.00000E-06
   42    2
    1   0.000000000000000E+00   0.000000000000000E+00
    2   0.000000000000000E+00   5.000000000000000E-02
    3   0.000000000000000E+00   1.000000000000000E-01
    4   1.666666670000000E+00   0.000000000000000E+00
    5   1.666666670000000E+00   5.000000000000000E-02
    6   1.666666670000000E+00   1.000000000000000E-01
    7   3.333333330000000E+00   0.000000000000000E+00
    8   3.333333330000000E+00   5.000000000000000E-02
    9   3.333333330000000E+00   1.000000000000000E-01
   10   5.000000000000000E+00   0.000000000000000E+00
   11   5.000000000000000E+00   5.000000000000000E-02
   12   5.000000000000000E+00   1.000000000000000E-01
   13   6.666666670000000E+00   0.000000000000000E+00
   14   6.666666670000000E+00   5.000000000000000E-02
   15   6.666666670000000E+00   1.000000000000000E-01
   16   8.333333330000000E+00   0.000000000000000E+00
   17   8.333333330000000E+00   5.000000000000000E-02
   18   8.333333330000000E+00   1.000000000000000E-01
   19   1.000000000000000E+01   0.000000000000000E+00
   20   1.000000000000000E+01   5.000000000000000E-02
   21   1.000000000000000E+01   1.000000000000000E-01
   22   0.000000000000000E+00   1.000000000000000E-01
   23   0.000000000000000E+00   1.500000000000000E-01
   24   0.000000000000000E+00   2.000000000000000E-01
   25   1.666666670000000E+00   1.000000000000000E-01
   26   1.666666670000000E+00   1.500000000000000E-01
   27   1.666666670000000E+00   2.000000000000000E-01
   28   3.333333330000000E+00   1.000000000000000E-01
   29   3.333333330000000E+00   1.500000000000000E-01
   30   3.333333330000000E+00   2.000000000000000E-01
   31   5.000000000000000E+00   1.000000000000000E-01
   32   5.000000000000000E+00   1.500000000000000E-01
   33   5.000000000000000E+00   2.000000000000000E-01
   34   6.666666670000000E+00   1.000000000000000E-01
   35   6.666666670000000E+00   1.500000000000000E-01
   36   6.666666670000000E+00   2.000000000000000E-01
   37   8.333333330000000E+00   1.000000000000000E-01
   38   8.333333330000000E+00   1.500000000000000E-01
   39   8.333333330000000E+00   2.000000000000000E-01
   40   1.000000000000000E+01   1.000000000000000E-01
   41   1.000000000000000E+01   1.500000000000000E-01
   42   1.000000000000000E+01   2.000000000000000E-01

      3
      1        3        1     1    1    0
     23       24        1     1    1    0
     22       22        1     1    1    1
      0      0      0      0      0      0

       1     9
 2.00E+11  3.00E-01  0.00E+00  0.00E+00  0.00E+00  0.00E+00  0.00E+00  0.00E+00  1.00E+03 
       2     9
 2.00E+11  3.00E-01  0.00E+00  0.00E+00  0.00E+00  0.00E+00  0.00E+00  0.00E+00  1.00E+03 
       0      0      0      0      0      0      0      0      0      

  1
'p9_3'
    6      9      9     3
              1              1              7              9              3              4              8              6              2              5              1              1
              2              7             13             15              9             10             14             12              8             11              1              1
              3             13             19             21             15             16             20             18             14             17              1              1
              4             22             28             30             24             25             29             27             23             26              1              1
              5             28             34             36             30             31             35             33             29             32              1              1
              6             34             40             42             36             37             41             39             35             38              1              1
       0      0      0      0      0      0      0      0      0      0      0      0
