 loadstep           1    totit          25
    1   0.1000000E+000001 0.2500000E+000002 0.1000000E+000001
    1   0.1760951E+000009 0.7752372E+000018          Infinity
    1   0.5217625E+000008 0.6805904E+000017 0.9359337E+000000
    1   0.1545958E+000008 0.5974965E+000016 0.9315482E+000000
    1   0.4580582E+000007 0.5245433E+000015 0.9265179E+000000
    1   0.1357187E+000007 0.4604890E+000014 0.9206895E+000000
    1   0.4021143E+000006 0.4042397E+000013 0.9138560E+000000
    1   0.1191349E+000006 0.3548280E+000012 0.9057320E+000000
    1   0.3529249E+000005 0.3113899E+000011 0.8959116E+000000
    1   0.1045254E+000005 0.2731389E+000010 0.8837956E+000000
    1   0.3094046E+000004 0.2393280E+000009 0.8684584E+000000
    1   0.9147462E+000003 0.2091902E+000008 0.8483822E+000000
    1   0.2696895E+000003 0.1818311E+000007 0.8208772E+000000
    1   0.7900418E+000002 0.1560415E+000006 0.7806484E+000000
    1   0.4363091E+000002 0.4759142E+000005 0.8641184E+000000
    1   0.1259540E+000002 0.3966103E+000004 0.6709451E+000000
    1   0.3572074E+000001 0.3189929E+000003 0.5025582E+000000
    1   0.9964660E+000000 0.2482361E+000002-0.2780746E-000002
    1   0.2733094E+000000 0.1867451E+000001 0.3663959E+000003
    1   0.6890637E-000001 0.1187022E+000000 0.2062217E+000001
    1   0.1326546E-000001 0.4399313E-000002 0.1615918E+000001
    1   0.1247294E-000002 0.3889357E-000004 0.1546937E+000001
    1   0.2345439E-000004 0.1375271E-000007 0.1594258E+000001
    1   0.1499952E-000007 0.5624642E-000014 0.1689914E+000001
    1   0.1273868E-000012 0.4056849E-000024 0.1648134E+000001
