  nodeno, X-co, Y-co,Ux,Uy
    1        0.0000E+000      0.0000E+000      0.0000E+000      0.0000E+000
    2        0.0000E+000      0.1000E+000      0.0000E+000      0.0000E+000
    3        0.0000E+000      0.2000E+000      0.0000E+000      0.0000E+000
    4        0.0000E+000      0.3000E+000      0.0000E+000      0.0000E+000
    5        0.0000E+000      0.4000E+000      0.0000E+000      0.0000E+000
    6        0.0000E+000      0.5000E+000      0.0000E+000      0.0000E+000
    7        0.0000E+000      0.6000E+000      0.0000E+000      0.0000E+000
    8        0.0000E+000      0.7000E+000      0.0000E+000      0.0000E+000
    9        0.0000E+000      0.8000E+000      0.0000E+000      0.0000E+000
   10        0.0000E+000      0.9000E+000      0.0000E+000      0.0000E+000
   11        0.0000E+000      0.1000E+001      0.0000E+000      0.0000E+000
   12        0.2500E+000      0.0000E+000     -0.1702E+000      0.4823E+000
   13        0.2500E+000      0.1000E+000     -0.2022E+000      0.3980E+000
   14        0.2500E+000      0.2000E+000     -0.2366E+000      0.3471E+000
   15        0.2500E+000      0.3000E+000     -0.2709E+000      0.3148E+000
   16        0.2500E+000      0.4000E+000     -0.3196E+000      0.2799E+000
   17        0.2500E+000      0.5000E+000     -0.3606E+000      0.2553E+000
   18        0.2500E+000      0.6000E+000     -0.3985E+000      0.2288E+000
   19        0.2500E+000      0.7000E+000     -0.4630E+000      0.1716E+000
   20        0.2500E+000      0.8000E+000     -0.4559E+000      0.1474E+000
   21        0.2500E+000      0.9000E+000     -0.4006E+000      0.1323E+000
   22        0.2500E+000      0.1000E+001     -0.3324E+000      0.1156E+000
   23        0.5000E+000      0.0000E+000     -0.3562E+000      0.8813E+000
   24        0.5000E+000      0.1000E+000     -0.4024E+000      0.8019E+000
   25        0.5000E+000      0.2000E+000     -0.4417E+000      0.7269E+000
   26        0.5000E+000      0.3000E+000     -0.4854E+000      0.6708E+000
   27        0.5000E+000      0.4000E+000     -0.5376E+000      0.6210E+000
   28        0.5000E+000      0.5000E+000     -0.5960E+000      0.5779E+000
   29        0.5000E+000      0.6000E+000     -0.6673E+000      0.5285E+000
   30        0.5000E+000      0.7000E+000     -0.7467E+000      0.4679E+000
   31        0.5000E+000      0.8000E+000     -0.8470E+000      0.3921E+000
   32        0.5000E+000      0.9000E+000     -0.7958E+000      0.3433E+000
   33        0.5000E+000      0.1000E+001     -0.7245E+000      0.3013E+000
   34        0.7500E+000      0.0000E+000     -0.5529E+000      0.1297E+001
   35        0.7500E+000      0.1000E+000     -0.6034E+000      0.1208E+001
   36        0.7500E+000      0.2000E+000     -0.6545E+000      0.1129E+001
   37        0.7500E+000      0.3000E+000     -0.7038E+000      0.1058E+001
   38        0.7500E+000      0.4000E+000     -0.7582E+000      0.9909E+000
   39        0.7500E+000      0.5000E+000     -0.8204E+000      0.9257E+000
   40        0.7500E+000      0.6000E+000     -0.8894E+000      0.8607E+000
   41        0.7500E+000      0.7000E+000     -0.9662E+000      0.7882E+000
   42        0.7500E+000      0.8000E+000     -0.1041E+001      0.7146E+000
   43        0.7500E+000      0.9000E+000     -0.1111E+001      0.6402E+000
   44        0.7500E+000      0.1000E+001     -0.1184E+001      0.5408E+000
   45        0.1000E+001      0.0000E+000     -0.7484E+000      0.1690E+001
   46        0.1000E+001      0.1000E+000     -0.8086E+000      0.1602E+001
   47        0.1000E+001      0.2000E+000     -0.8658E+000      0.1522E+001
   48        0.1000E+001      0.3000E+000     -0.9259E+000      0.1446E+001
   49        0.1000E+001      0.4000E+000     -0.9902E+000      0.1366E+001
   50        0.1000E+001      0.5000E+000     -0.1057E+001      0.1287E+001
   51        0.1000E+001      0.6000E+000     -0.1129E+001      0.1208E+001
   52        0.1000E+001      0.7000E+000     -0.1203E+001      0.1127E+001
   53        0.1000E+001      0.8000E+000     -0.1285E+001      0.1041E+001
   54        0.1000E+001      0.9000E+000     -0.1366E+001      0.9508E+000
   55        0.1000E+001      0.1000E+001     -0.1445E+001      0.8607E+000
   56        0.1250E+001      0.0000E+000     -0.9569E+000      0.2070E+001
   57        0.1250E+001      0.1000E+000     -0.1021E+001      0.1977E+001
   58        0.1250E+001      0.2000E+000     -0.1084E+001      0.1889E+001
   59        0.1250E+001      0.3000E+000     -0.1152E+001      0.1801E+001
   60        0.1250E+001      0.4000E+000     -0.1222E+001      0.1714E+001
   61        0.1250E+001      0.5000E+000     -0.1294E+001      0.1627E+001
   62        0.1250E+001      0.6000E+000     -0.1369E+001      0.1541E+001
   63        0.1250E+001      0.7000E+000     -0.1447E+001      0.1454E+001
   64        0.1250E+001      0.8000E+000     -0.1527E+001      0.1365E+001
   65        0.1250E+001      0.9000E+000     -0.1607E+001      0.1276E+001
   66        0.1250E+001      0.1000E+001     -0.1689E+001      0.1182E+001
   67        0.1500E+001      0.0000E+000     -0.1176E+001      0.2441E+001
   68        0.1500E+001      0.1000E+000     -0.1248E+001      0.2346E+001
   69        0.1500E+001      0.2000E+000     -0.1320E+001      0.2250E+001
   70        0.1500E+001      0.3000E+000     -0.1392E+001      0.2155E+001
   71        0.1500E+001      0.4000E+000     -0.1465E+001      0.2060E+001
   72        0.1500E+001      0.5000E+000     -0.1538E+001      0.1968E+001
   73        0.1500E+001      0.6000E+000     -0.1613E+001      0.1876E+001
   74        0.1500E+001      0.7000E+000     -0.1688E+001      0.1785E+001
   75        0.1500E+001      0.8000E+000     -0.1764E+001      0.1697E+001
   76        0.1500E+001      0.9000E+000     -0.1841E+001      0.1608E+001
   77        0.1500E+001      0.1000E+001     -0.1918E+001      0.1516E+001
   78        0.1750E+001      0.0000E+000     -0.1410E+001      0.2791E+001
   79        0.1750E+001      0.1000E+000     -0.1487E+001      0.2693E+001
   80        0.1750E+001      0.2000E+000     -0.1562E+001      0.2596E+001
   81        0.1750E+001      0.3000E+000     -0.1638E+001      0.2502E+001
   82        0.1750E+001      0.4000E+000     -0.1712E+001      0.2410E+001
   83        0.1750E+001      0.5000E+000     -0.1783E+001      0.2320E+001
   84        0.1750E+001      0.6000E+000     -0.1854E+001      0.2229E+001
   85        0.1750E+001      0.7000E+000     -0.1928E+001      0.2141E+001
   86        0.1750E+001      0.8000E+000     -0.2001E+001      0.2053E+001
   87        0.1750E+001      0.9000E+000     -0.2072E+001      0.1966E+001
   88        0.1750E+001      0.1000E+001     -0.2141E+001      0.1873E+001
   89        0.2000E+001      0.0000E+000     -0.1663E+001      0.3137E+001
   90        0.2000E+001      0.1000E+000     -0.1735E+001      0.3038E+001
   91        0.2000E+001      0.2000E+000     -0.1807E+001      0.2939E+001
   92        0.2000E+001      0.3000E+000     -0.1879E+001      0.2845E+001
   93        0.2000E+001      0.4000E+000     -0.1950E+001      0.2760E+001
   94        0.2000E+001      0.5000E+000     -0.2019E+001      0.2676E+001
   95        0.2000E+001      0.6000E+000     -0.2089E+001      0.2583E+001
   96        0.2000E+001      0.7000E+000     -0.2160E+001      0.2490E+001
   97        0.2000E+001      0.8000E+000     -0.2231E+001      0.2415E+001
   98        0.2000E+001      0.9000E+000     -0.2303E+001      0.2333E+001
   99        0.2000E+001      0.1000E+001     -0.2378E+001      0.2239E+001
  100        0.2250E+001      0.0000E+000     -0.1918E+001      0.3509E+001
  101        0.2250E+001      0.1000E+000     -0.1986E+001      0.3411E+001
  102        0.2250E+001      0.2000E+000     -0.2054E+001      0.3316E+001
  103        0.2250E+001      0.3000E+000     -0.2122E+001      0.3225E+001
  104        0.2250E+001      0.4000E+000     -0.2189E+001      0.3137E+001
  105        0.2250E+001      0.5000E+000     -0.2257E+001      0.3047E+001
  106        0.2250E+001      0.6000E+000     -0.2326E+001      0.2954E+001
  107        0.2250E+001      0.7000E+000     -0.2392E+001      0.2861E+001
  108        0.2250E+001      0.8000E+000     -0.2462E+001      0.2768E+001
  109        0.2250E+001      0.9000E+000     -0.2539E+001      0.2671E+001
  110        0.2250E+001      0.1000E+001     -0.2621E+001      0.2573E+001
  111        0.2500E+001      0.0000E+000     -0.2163E+001      0.3879E+001
  112        0.2500E+001      0.1000E+000     -0.2230E+001      0.3781E+001
  113        0.2500E+001      0.2000E+000     -0.2295E+001      0.3690E+001
  114        0.2500E+001      0.3000E+000     -0.2362E+001      0.3601E+001
  115        0.2500E+001      0.4000E+000     -0.2430E+001      0.3514E+001
  116        0.2500E+001      0.5000E+000     -0.2499E+001      0.3423E+001
  117        0.2500E+001      0.6000E+000     -0.2570E+001      0.3330E+001
  118        0.2500E+001      0.7000E+000     -0.2642E+001      0.3234E+001
  119        0.2500E+001      0.8000E+000     -0.2716E+001      0.3121E+001
  120        0.2500E+001      0.9000E+000     -0.2789E+001      0.3011E+001
  121        0.2500E+001      0.1000E+001     -0.2864E+001      0.2910E+001
  122        0.2750E+001      0.0000E+000     -0.2408E+001      0.4261E+001
  123        0.2750E+001      0.1000E+000     -0.2472E+001      0.4164E+001
  124        0.2750E+001      0.2000E+000     -0.2537E+001      0.4068E+001
  125        0.2750E+001      0.3000E+000     -0.2602E+001      0.3973E+001
  126        0.2750E+001      0.4000E+000     -0.2672E+001      0.3878E+001
  127        0.2750E+001      0.5000E+000     -0.2745E+001      0.3780E+001
  128        0.2750E+001      0.6000E+000     -0.2820E+001      0.3682E+001
  129        0.2750E+001      0.7000E+000     -0.2897E+001      0.3583E+001
  130        0.2750E+001      0.8000E+000     -0.2972E+001      0.3481E+001
  131        0.2750E+001      0.9000E+000     -0.3043E+001      0.3378E+001
  132        0.2750E+001      0.1000E+001     -0.3112E+001      0.3277E+001
  133        0.3000E+001      0.0000E+000     -0.2646E+001      0.4640E+001
  134        0.3000E+001      0.1000E+000     -0.2714E+001      0.4542E+001
  135        0.3000E+001      0.2000E+000     -0.2781E+001      0.4446E+001
  136        0.3000E+001      0.3000E+000     -0.2851E+001      0.4348E+001
  137        0.3000E+001      0.4000E+000     -0.2923E+001      0.4241E+001
  138        0.3000E+001      0.5000E+000     -0.2996E+001      0.4135E+001
  139        0.3000E+001      0.6000E+000     -0.3071E+001      0.4035E+001
  140        0.3000E+001      0.7000E+000     -0.3146E+001      0.3937E+001
  141        0.3000E+001      0.8000E+000     -0.3221E+001      0.3840E+001
  142        0.3000E+001      0.9000E+000     -0.3296E+001      0.3743E+001
  143        0.3000E+001      0.1000E+001     -0.3370E+001      0.3642E+001
  144        0.3250E+001      0.0000E+000     -0.2894E+001      0.5011E+001
  145        0.3250E+001      0.1000E+000     -0.2960E+001      0.4910E+001
  146        0.3250E+001      0.2000E+000     -0.3029E+001      0.4806E+001
  147        0.3250E+001      0.3000E+000     -0.3103E+001      0.4701E+001
  148        0.3250E+001      0.4000E+000     -0.3178E+001      0.4594E+001
  149        0.3250E+001      0.5000E+000     -0.3251E+001      0.4490E+001
  150        0.3250E+001      0.6000E+000     -0.3324E+001      0.4388E+001
  151        0.3250E+001      0.7000E+000     -0.3397E+001      0.4288E+001
  152        0.3250E+001      0.8000E+000     -0.3472E+001      0.4188E+001
  153        0.3250E+001      0.9000E+000     -0.3548E+001      0.4088E+001
  154        0.3250E+001      0.1000E+001     -0.3625E+001      0.3988E+001
  155        0.3500E+001      0.0000E+000     -0.3140E+001      0.5383E+001
  156        0.3500E+001      0.1000E+000     -0.3215E+001      0.5281E+001
  157        0.3500E+001      0.2000E+000     -0.3289E+001      0.5168E+001
  158        0.3500E+001      0.3000E+000     -0.3361E+001      0.5053E+001
  159        0.3500E+001      0.4000E+000     -0.3434E+001      0.4946E+001
  160        0.3500E+001      0.5000E+000     -0.3507E+001      0.4841E+001
  161        0.3500E+001      0.6000E+000     -0.3580E+001      0.4740E+001
  162        0.3500E+001      0.7000E+000     -0.3652E+001      0.4638E+001
  163        0.3500E+001      0.8000E+000     -0.3725E+001      0.4536E+001
  164        0.3500E+001      0.9000E+000     -0.3798E+001      0.4434E+001
  165        0.3500E+001      0.1000E+001     -0.3871E+001      0.4334E+001
  166        0.3750E+001      0.0000E+000     -0.3389E+001      0.5721E+001
  167        0.3750E+001      0.1000E+000     -0.3469E+001      0.5620E+001
  168        0.3750E+001      0.2000E+000     -0.3547E+001      0.5517E+001
  169        0.3750E+001      0.3000E+000     -0.3620E+001      0.5414E+001
  170        0.3750E+001      0.4000E+000     -0.3691E+001      0.5311E+001
  171        0.3750E+001      0.5000E+000     -0.3762E+001      0.5208E+001
  172        0.3750E+001      0.6000E+000     -0.3833E+001      0.5106E+001
  173        0.3750E+001      0.7000E+000     -0.3906E+001      0.5004E+001
  174        0.3750E+001      0.8000E+000     -0.3979E+001      0.4904E+001
  175        0.3750E+001      0.9000E+000     -0.4049E+001      0.4804E+001
  176        0.3750E+001      0.1000E+001     -0.4117E+001      0.4704E+001
  177        0.4000E+001      0.0000E+000     -0.3640E+001      0.6059E+001
  178        0.4000E+001      0.1000E+000     -0.3716E+001      0.5961E+001
  179        0.4000E+001      0.2000E+000     -0.3791E+001      0.5866E+001
  180        0.4000E+001      0.3000E+000     -0.3866E+001      0.5773E+001
  181        0.4000E+001      0.4000E+000     -0.3940E+001      0.5674E+001
  182        0.4000E+001      0.5000E+000     -0.4013E+001      0.5574E+001
  183        0.4000E+001      0.6000E+000     -0.4086E+001      0.5471E+001
  184        0.4000E+001      0.7000E+000     -0.4159E+001      0.5368E+001
  185        0.4000E+001      0.8000E+000     -0.4232E+001      0.5271E+001
  186        0.4000E+001      0.9000E+000     -0.4304E+001      0.5174E+001
  187        0.4000E+001      0.1000E+001     -0.4377E+001      0.5074E+001
  188        0.4250E+001      0.0000E+000     -0.3886E+001      0.6412E+001
  189        0.4250E+001      0.1000E+000     -0.3960E+001      0.6314E+001
  190        0.4250E+001      0.2000E+000     -0.4035E+001      0.6217E+001
  191        0.4250E+001      0.3000E+000     -0.4109E+001      0.6119E+001
  192        0.4250E+001      0.4000E+000     -0.4185E+001      0.6020E+001
  193        0.4250E+001      0.5000E+000     -0.4261E+001      0.5920E+001
  194        0.4250E+001      0.6000E+000     -0.4337E+001      0.5820E+001
  195        0.4250E+001      0.7000E+000     -0.4411E+001      0.5721E+001
  196        0.4250E+001      0.8000E+000     -0.4484E+001      0.5623E+001
  197        0.4250E+001      0.9000E+000     -0.4558E+001      0.5524E+001
  198        0.4250E+001      0.1000E+001     -0.4633E+001      0.5424E+001
  199        0.4500E+001      0.0000E+000     -0.4135E+001      0.6764E+001
  200        0.4500E+001      0.1000E+000     -0.4209E+001      0.6665E+001
  201        0.4500E+001      0.2000E+000     -0.4283E+001      0.6568E+001
  202        0.4500E+001      0.3000E+000     -0.4358E+001      0.6470E+001
  203        0.4500E+001      0.4000E+000     -0.4433E+001      0.6366E+001
  204        0.4500E+001      0.5000E+000     -0.4508E+001      0.6263E+001
  205        0.4500E+001      0.6000E+000     -0.4583E+001      0.6166E+001
  206        0.4500E+001      0.7000E+000     -0.4658E+001      0.6071E+001
  207        0.4500E+001      0.8000E+000     -0.4734E+001      0.5973E+001
  208        0.4500E+001      0.9000E+000     -0.4810E+001      0.5875E+001
  209        0.4500E+001      0.1000E+001     -0.4886E+001      0.5775E+001
  210        0.4750E+001      0.0000E+000     -0.4388E+001      0.7121E+001
  211        0.4750E+001      0.1000E+000     -0.4461E+001      0.7020E+001
  212        0.4750E+001      0.2000E+000     -0.4535E+001      0.6920E+001
  213        0.4750E+001      0.3000E+000     -0.4609E+001      0.6819E+001
  214        0.4750E+001      0.4000E+000     -0.4684E+001      0.6717E+001
  215        0.4750E+001      0.5000E+000     -0.4756E+001      0.6615E+001
  216        0.4750E+001      0.6000E+000     -0.4829E+001      0.6513E+001
  217        0.4750E+001      0.7000E+000     -0.4904E+001      0.6413E+001
  218        0.4750E+001      0.8000E+000     -0.4981E+001      0.6314E+001
  219        0.4750E+001      0.9000E+000     -0.5058E+001      0.6215E+001
  220        0.4750E+001      0.1000E+001     -0.5137E+001      0.6117E+001
  221        0.5000E+001      0.0000E+000     -0.4645E+001      0.7477E+001
  222        0.5000E+001      0.1000E+000     -0.4718E+001      0.7375E+001
  223        0.5000E+001      0.2000E+000     -0.4792E+001      0.7273E+001
  224        0.5000E+001      0.3000E+000     -0.4865E+001      0.7170E+001
  225        0.5000E+001      0.4000E+000     -0.4937E+001      0.7068E+001
  226        0.5000E+001      0.5000E+000     -0.5010E+001      0.6965E+001
  227        0.5000E+001      0.6000E+000     -0.5082E+001      0.6861E+001
  228        0.5000E+001      0.7000E+000     -0.5154E+001      0.6756E+001
  229        0.5000E+001      0.8000E+000     -0.5227E+001      0.6655E+001
  230        0.5000E+001      0.9000E+000     -0.5301E+001      0.6556E+001
  231        0.5000E+001      0.1000E+001     -0.5375E+001      0.6458E+001
  232        0.5250E+001      0.0000E+000     -0.4903E+001      0.7837E+001
  233        0.5250E+001      0.1000E+000     -0.4974E+001      0.7736E+001
  234        0.5250E+001      0.2000E+000     -0.5047E+001      0.7634E+001
  235        0.5250E+001      0.3000E+000     -0.5121E+001      0.7533E+001
  236        0.5250E+001      0.4000E+000     -0.5194E+001      0.7433E+001
  237        0.5250E+001      0.5000E+000     -0.5265E+001      0.7334E+001
  238        0.5250E+001      0.6000E+000     -0.5335E+001      0.7234E+001
  239        0.5250E+001      0.7000E+000     -0.5403E+001      0.7131E+001
  240        0.5250E+001      0.8000E+000     -0.5472E+001      0.7026E+001
  241        0.5250E+001      0.9000E+000     -0.5542E+001      0.6923E+001
  242        0.5250E+001      0.1000E+001     -0.5613E+001      0.6823E+001
  243        0.5500E+001      0.0000E+000     -0.5152E+001      0.8198E+001
  244        0.5500E+001      0.1000E+000     -0.5226E+001      0.8097E+001
  245        0.5500E+001      0.2000E+000     -0.5299E+001      0.7994E+001
  246        0.5500E+001      0.3000E+000     -0.5372E+001      0.7892E+001
  247        0.5500E+001      0.4000E+000     -0.5444E+001      0.7799E+001
  248        0.5500E+001      0.5000E+000     -0.5515E+001      0.7707E+001
  249        0.5500E+001      0.6000E+000     -0.5586E+001      0.7610E+001
  250        0.5500E+001      0.7000E+000     -0.5657E+001      0.7509E+001
  251        0.5500E+001      0.8000E+000     -0.5725E+001      0.7398E+001
  252        0.5500E+001      0.9000E+000     -0.5793E+001      0.7287E+001
  253        0.5500E+001      0.1000E+001     -0.5862E+001      0.7185E+001
  254        0.5750E+001      0.0000E+000     -0.5398E+001      0.8549E+001
  255        0.5750E+001      0.1000E+000     -0.5474E+001      0.8449E+001
  256        0.5750E+001      0.2000E+000     -0.5548E+001      0.8350E+001
  257        0.5750E+001      0.3000E+000     -0.5619E+001      0.8253E+001
  258        0.5750E+001      0.4000E+000     -0.5690E+001      0.8158E+001
  259        0.5750E+001      0.5000E+000     -0.5763E+001      0.8064E+001
  260        0.5750E+001      0.6000E+000     -0.5837E+001      0.7968E+001
  261        0.5750E+001      0.7000E+000     -0.5909E+001      0.7870E+001
  262        0.5750E+001      0.8000E+000     -0.5979E+001      0.7768E+001
  263        0.5750E+001      0.9000E+000     -0.6046E+001      0.7665E+001
  264        0.5750E+001      0.1000E+001     -0.6111E+001      0.7563E+001
  265        0.6000E+001      0.0000E+000     -0.5646E+001      0.8899E+001
  266        0.6000E+001      0.1000E+000     -0.5719E+001      0.8801E+001
  267        0.6000E+001      0.2000E+000     -0.5792E+001      0.8706E+001
  268        0.6000E+001      0.3000E+000     -0.5864E+001      0.8612E+001
  269        0.6000E+001      0.4000E+000     -0.5936E+001      0.8516E+001
  270        0.6000E+001      0.5000E+000     -0.6009E+001      0.8421E+001
  271        0.6000E+001      0.6000E+000     -0.6082E+001      0.8329E+001
  272        0.6000E+001      0.7000E+000     -0.6154E+001      0.8236E+001
  273        0.6000E+001      0.8000E+000     -0.6226E+001      0.8138E+001
  274        0.6000E+001      0.9000E+000     -0.6297E+001      0.8038E+001
  275        0.6000E+001      0.1000E+001     -0.6369E+001      0.7937E+001
  276        0.6250E+001      0.0000E+000     -0.5892E+001      0.9262E+001
  277        0.6250E+001      0.1000E+000     -0.5963E+001      0.9164E+001
  278        0.6250E+001      0.2000E+000     -0.6035E+001      0.9068E+001
  279        0.6250E+001      0.3000E+000     -0.6108E+001      0.8973E+001
  280        0.6250E+001      0.4000E+000     -0.6181E+001      0.8879E+001
  281        0.6250E+001      0.5000E+000     -0.6252E+001      0.8783E+001
  282        0.6250E+001      0.6000E+000     -0.6324E+001      0.8687E+001
  283        0.6250E+001      0.7000E+000     -0.6399E+001      0.8590E+001
  284        0.6250E+001      0.8000E+000     -0.6475E+001      0.8492E+001
  285        0.6250E+001      0.9000E+000     -0.6548E+001      0.8395E+001
  286        0.6250E+001      0.1000E+001     -0.6621E+001      0.8295E+001
  287        0.6500E+001      0.0000E+000     -0.6131E+001      0.9623E+001
  288        0.6500E+001      0.1000E+000     -0.6205E+001      0.9526E+001
  289        0.6500E+001      0.2000E+000     -0.6278E+001      0.9428E+001
  290        0.6500E+001      0.3000E+000     -0.6351E+001      0.9332E+001
  291        0.6500E+001      0.4000E+000     -0.6425E+001      0.9241E+001
  292        0.6500E+001      0.5000E+000     -0.6499E+001      0.9147E+001
  293        0.6500E+001      0.6000E+000     -0.6574E+001      0.9045E+001
  294        0.6500E+001      0.7000E+000     -0.6648E+001      0.8941E+001
  295        0.6500E+001      0.8000E+000     -0.6723E+001      0.8847E+001
  296        0.6500E+001      0.9000E+000     -0.6798E+001      0.8753E+001
  297        0.6500E+001      0.1000E+001     -0.6874E+001      0.8654E+001
  298        0.6750E+001      0.0000E+000     -0.6372E+001      0.9975E+001
  299        0.6750E+001      0.1000E+000     -0.6447E+001      0.9876E+001
  300        0.6750E+001      0.2000E+000     -0.6522E+001      0.9779E+001
  301        0.6750E+001      0.3000E+000     -0.6595E+001      0.9682E+001
  302        0.6750E+001      0.4000E+000     -0.6670E+001      0.9586E+001
  303        0.6750E+001      0.5000E+000     -0.6747E+001      0.9489E+001
  304        0.6750E+001      0.6000E+000     -0.6824E+001      0.9391E+001
  305        0.6750E+001      0.7000E+000     -0.6897E+001      0.9292E+001
  306        0.6750E+001      0.8000E+000     -0.6971E+001      0.9193E+001
  307        0.6750E+001      0.9000E+000     -0.7048E+001      0.9093E+001
  308        0.6750E+001      0.1000E+001     -0.7127E+001      0.8994E+001
  309        0.7000E+001      0.0000E+000     -0.6620E+001      0.1033E+002
  310        0.7000E+001      0.1000E+000     -0.6694E+001      0.1023E+002
  311        0.7000E+001      0.2000E+000     -0.6768E+001      0.1013E+002
  312        0.7000E+001      0.3000E+000     -0.6843E+001      0.1003E+002
  313        0.7000E+001      0.4000E+000     -0.6918E+001      0.9931E+001
  314        0.7000E+001      0.5000E+000     -0.6994E+001      0.9832E+001
  315        0.7000E+001      0.6000E+000     -0.7070E+001      0.9737E+001
  316        0.7000E+001      0.7000E+000     -0.7146E+001      0.9642E+001
  317        0.7000E+001      0.8000E+000     -0.7222E+001      0.9539E+001
  318        0.7000E+001      0.9000E+000     -0.7298E+001      0.9434E+001
  319        0.7000E+001      0.1000E+001     -0.7373E+001      0.9335E+001
  320        0.7250E+001      0.0000E+000     -0.6870E+001      0.1068E+002
  321        0.7250E+001      0.1000E+000     -0.6944E+001      0.1058E+002
  322        0.7250E+001      0.2000E+000     -0.7018E+001      0.1048E+002
  323        0.7250E+001      0.3000E+000     -0.7092E+001      0.1039E+002
  324        0.7250E+001      0.4000E+000     -0.7167E+001      0.1029E+002
  325        0.7250E+001      0.5000E+000     -0.7241E+001      0.1019E+002
  326        0.7250E+001      0.6000E+000     -0.7316E+001      0.1009E+002
  327        0.7250E+001      0.7000E+000     -0.7395E+001      0.9987E+001
  328        0.7250E+001      0.8000E+000     -0.7473E+001      0.9891E+001
  329        0.7250E+001      0.9000E+000     -0.7546E+001      0.9795E+001
  330        0.7250E+001      0.1000E+001     -0.7615E+001      0.9697E+001
  331        0.7500E+001      0.0000E+000     -0.7113E+001      0.1104E+002
  332        0.7500E+001      0.1000E+000     -0.7190E+001      0.1094E+002
  333        0.7500E+001      0.2000E+000     -0.7266E+001      0.1084E+002
  334        0.7500E+001      0.3000E+000     -0.7342E+001      0.1074E+002
  335        0.7500E+001      0.4000E+000     -0.7418E+001      0.1064E+002
  336        0.7500E+001      0.5000E+000     -0.7493E+001      0.1054E+002
  337        0.7500E+001      0.6000E+000     -0.7567E+001      0.1043E+002
  338        0.7500E+001      0.7000E+000     -0.7641E+001      0.1033E+002
  339        0.7500E+001      0.8000E+000     -0.7714E+001      0.1024E+002
  340        0.7500E+001      0.9000E+000     -0.7787E+001      0.1016E+002
  341        0.7500E+001      0.1000E+001     -0.7862E+001      0.1006E+002
  342        0.7750E+001      0.0000E+000     -0.7353E+001      0.1137E+002
  343        0.7750E+001      0.1000E+000     -0.7434E+001      0.1127E+002
  344        0.7750E+001      0.2000E+000     -0.7514E+001      0.1118E+002
  345        0.7750E+001      0.3000E+000     -0.7591E+001      0.1108E+002
  346        0.7750E+001      0.4000E+000     -0.7667E+001      0.1099E+002
  347        0.7750E+001      0.5000E+000     -0.7743E+001      0.1089E+002
  348        0.7750E+001      0.6000E+000     -0.7818E+001      0.1079E+002
  349        0.7750E+001      0.7000E+000     -0.7886E+001      0.1069E+002
  350        0.7750E+001      0.8000E+000     -0.7954E+001      0.1060E+002
  351        0.7750E+001      0.9000E+000     -0.8029E+001      0.1050E+002
  352        0.7750E+001      0.1000E+001     -0.8106E+001      0.1041E+002
  353        0.8000E+001      0.0000E+000     -0.7599E+001      0.1170E+002
  354        0.8000E+001      0.1000E+000     -0.7678E+001      0.1161E+002
  355        0.8000E+001      0.2000E+000     -0.7757E+001      0.1152E+002
  356        0.8000E+001      0.3000E+000     -0.7834E+001      0.1143E+002
  357        0.8000E+001      0.4000E+000     -0.7911E+001      0.1133E+002
  358        0.8000E+001      0.5000E+000     -0.7986E+001      0.1124E+002
  359        0.8000E+001      0.6000E+000     -0.8060E+001      0.1114E+002
  360        0.8000E+001      0.7000E+000     -0.8131E+001      0.1106E+002
  361        0.8000E+001      0.8000E+000     -0.8203E+001      0.1096E+002
  362        0.8000E+001      0.9000E+000     -0.8274E+001      0.1085E+002
  363        0.8000E+001      0.1000E+001     -0.8347E+001      0.1076E+002
  364        0.8250E+001      0.0000E+000     -0.7846E+001      0.1205E+002
  365        0.8250E+001      0.1000E+000     -0.7921E+001      0.1196E+002
  366        0.8250E+001      0.2000E+000     -0.7997E+001      0.1186E+002
  367        0.8250E+001      0.3000E+000     -0.8076E+001      0.1177E+002
  368        0.8250E+001      0.4000E+000     -0.8154E+001      0.1168E+002
  369        0.8250E+001      0.5000E+000     -0.8230E+001      0.1159E+002
  370        0.8250E+001      0.6000E+000     -0.8303E+001      0.1150E+002
  371        0.8250E+001      0.7000E+000     -0.8374E+001      0.1141E+002
  372        0.8250E+001      0.8000E+000     -0.8444E+001      0.1131E+002
  373        0.8250E+001      0.9000E+000     -0.8515E+001      0.1121E+002
  374        0.8250E+001      0.1000E+001     -0.8588E+001      0.1111E+002
  375        0.8500E+001      0.0000E+000     -0.8081E+001      0.1240E+002
  376        0.8500E+001      0.1000E+000     -0.8162E+001      0.1230E+002
  377        0.8500E+001      0.2000E+000     -0.8242E+001      0.1220E+002
  378        0.8500E+001      0.3000E+000     -0.8320E+001      0.1211E+002
  379        0.8500E+001      0.4000E+000     -0.8397E+001      0.1202E+002
  380        0.8500E+001      0.5000E+000     -0.8471E+001      0.1194E+002
  381        0.8500E+001      0.6000E+000     -0.8544E+001      0.1185E+002
  382        0.8500E+001      0.7000E+000     -0.8614E+001      0.1177E+002
  383        0.8500E+001      0.8000E+000     -0.8683E+001      0.1167E+002
  384        0.8500E+001      0.9000E+000     -0.8751E+001      0.1157E+002
  385        0.8500E+001      0.1000E+001     -0.8819E+001      0.1147E+002
  386        0.8750E+001      0.0000E+000     -0.8314E+001      0.1272E+002
  387        0.8750E+001      0.1000E+000     -0.8400E+001      0.1262E+002
  388        0.8750E+001      0.2000E+000     -0.8483E+001      0.1253E+002
  389        0.8750E+001      0.3000E+000     -0.8562E+001      0.1245E+002
  390        0.8750E+001      0.4000E+000     -0.8636E+001      0.1237E+002
  391        0.8750E+001      0.5000E+000     -0.8708E+001      0.1229E+002
  392        0.8750E+001      0.6000E+000     -0.8779E+001      0.1221E+002
  393        0.8750E+001      0.7000E+000     -0.8849E+001      0.1213E+002
  394        0.8750E+001      0.8000E+000     -0.8916E+001      0.1204E+002
  395        0.8750E+001      0.9000E+000     -0.8976E+001      0.1195E+002
  396        0.8750E+001      0.1000E+001     -0.9033E+001      0.1186E+002
  397        0.9000E+001      0.0000E+000     -0.8547E+001      0.1303E+002
  398        0.9000E+001      0.1000E+000     -0.8633E+001      0.1294E+002
  399        0.9000E+001      0.2000E+000     -0.8716E+001      0.1285E+002
  400        0.9000E+001      0.3000E+000     -0.8795E+001      0.1278E+002
  401        0.9000E+001      0.4000E+000     -0.8869E+001      0.1271E+002
  402        0.9000E+001      0.5000E+000     -0.8940E+001      0.1263E+002
  403        0.9000E+001      0.6000E+000     -0.9007E+001      0.1256E+002
  404        0.9000E+001      0.7000E+000     -0.9070E+001      0.1249E+002
  405        0.9000E+001      0.8000E+000     -0.9130E+001      0.1242E+002
  406        0.9000E+001      0.9000E+000     -0.9187E+001      0.1234E+002
  407        0.9000E+001      0.1000E+001     -0.9249E+001      0.1226E+002
  408        0.9250E+001      0.0000E+000     -0.8769E+001      0.1333E+002
  409        0.9250E+001      0.1000E+000     -0.8858E+001      0.1325E+002
  410        0.9250E+001      0.2000E+000     -0.8943E+001      0.1317E+002
  411        0.9250E+001      0.3000E+000     -0.9023E+001      0.1311E+002
  412        0.9250E+001      0.4000E+000     -0.9097E+001      0.1305E+002
  413        0.9250E+001      0.5000E+000     -0.9168E+001      0.1298E+002
  414        0.9250E+001      0.6000E+000     -0.9232E+001      0.1292E+002
  415        0.9250E+001      0.7000E+000     -0.9287E+001      0.1286E+002
  416        0.9250E+001      0.8000E+000     -0.9335E+001      0.1279E+002
  417        0.9250E+001      0.9000E+000     -0.9391E+001      0.1271E+002
  418        0.9250E+001      0.1000E+001     -0.9450E+001      0.1263E+002
  419        0.9500E+001      0.0000E+000     -0.8969E+001      0.1360E+002
  420        0.9500E+001      0.1000E+000     -0.9062E+001      0.1353E+002
  421        0.9500E+001      0.2000E+000     -0.9150E+001      0.1347E+002
  422        0.9500E+001      0.3000E+000     -0.9234E+001      0.1341E+002
  423        0.9500E+001      0.4000E+000     -0.9312E+001      0.1337E+002
  424        0.9500E+001      0.5000E+000     -0.9386E+001      0.1332E+002
  425        0.9500E+001      0.6000E+000     -0.9451E+001      0.1327E+002
  426        0.9500E+001      0.7000E+000     -0.9506E+001      0.1323E+002
  427        0.9500E+001      0.8000E+000     -0.9549E+001      0.1318E+002
  428        0.9500E+001      0.9000E+000     -0.9582E+001      0.1310E+002
  429        0.9500E+001      0.1000E+001     -0.9625E+001      0.1303E+002
  430        0.9750E+001      0.0000E+000     -0.9137E+001      0.1384E+002
  431        0.9750E+001      0.1000E+000     -0.9228E+001      0.1378E+002
  432        0.9750E+001      0.2000E+000     -0.9317E+001      0.1372E+002
  433        0.9750E+001      0.3000E+000     -0.9404E+001      0.1368E+002
  434        0.9750E+001      0.4000E+000     -0.9487E+001      0.1364E+002
  435        0.9750E+001      0.5000E+000     -0.9567E+001      0.1361E+002
  436        0.9750E+001      0.6000E+000     -0.9641E+001      0.1358E+002
  437        0.9750E+001      0.7000E+000     -0.9703E+001      0.1357E+002
  438        0.9750E+001      0.8000E+000     -0.9755E+001      0.1356E+002
  439        0.9750E+001      0.9000E+000     -0.9783E+001      0.1355E+002
  440        0.9750E+001      0.1000E+001     -0.9783E+001      0.1345E+002
  441        0.1000E+002      0.0000E+000     -0.9275E+001      0.1405E+002
  442        0.1000E+002      0.1000E+000     -0.9363E+001      0.1400E+002
  443        0.1000E+002      0.2000E+000     -0.9450E+001      0.1395E+002
  444        0.1000E+002      0.3000E+000     -0.9534E+001      0.1390E+002
  445        0.1000E+002      0.4000E+000     -0.9615E+001      0.1386E+002
  446        0.1000E+002      0.5000E+000     -0.9695E+001      0.1383E+002
  447        0.1000E+002      0.6000E+000     -0.9773E+001      0.1381E+002
  448        0.1000E+002      0.7000E+000     -0.9846E+001      0.1382E+002
  449        0.1000E+002      0.8000E+000     -0.9911E+001      0.1385E+002
  450        0.1000E+002      0.9000E+000     -0.9964E+001      0.1391E+002
  451        0.1000E+002      0.1000E+001     -0.9999E+001      0.1404E+002
