 slave nodes           0
 loadstep           1    iterata          25
    1      0.00000E+0000    0.00000E+0000    0.00000E+0000    0.75920E+0001    0.36889E+0003    0.52504E+0002
    2      0.00000E+0000    0.10000E+0000    0.00000E+0000   -0.33368E+0000    0.29789E+0002   -0.11146E+0001
    3      0.00000E+0000    0.20000E+0000    0.00000E+0000    0.23196E+0001    0.29344E+0003    0.79561E+0000
    4      0.00000E+0000    0.30000E+0000    0.00000E+0000    0.14162E+0000    0.10634E+0002   -0.36698E+0001
    5      0.00000E+0000    0.40000E+0000    0.00000E+0000    0.76471E+0001    0.57675E+0003   -0.66844E+0002
    6      0.00000E+0000    0.50000E+0000    0.00000E+0000    0.24836E+0001    0.19219E+0002   -0.71980E+0001
    7      0.00000E+0000    0.60000E+0000    0.00000E+0000    0.83718E+0000   -0.28379E+0001    0.15126E+0000
    8      0.00000E+0000    0.70000E+0000    0.00000E+0000   -0.13110E+0001    0.37488E+0000    0.38407E+0000
    9      0.00000E+0000    0.80000E+0000    0.00000E+0000    0.21883E+0001    0.18698E+0001   -0.30039E+0001
   10      0.00000E+0000    0.90000E+0000    0.00000E+0000   -0.11599E+0001   -0.27548E+0000    0.67911E+0000
   11      0.00000E+0000    0.10000E+0001    0.00000E+0000   -0.93198E+0000    0.19337E+0001   -0.76044E+0000
   12      0.25000E+0000    0.00000E+0000    0.48234E+0000    0.69318E-0001    0.51400E+0002    0.24979E+0001
   13      0.25000E+0000    0.10000E+0000    0.39803E+0000    0.65136E-0001    0.28058E+0002    0.22949E+0001
   14      0.25000E+0000    0.20000E+0000    0.34715E+0000    0.14133E+0000    0.82240E+0002   -0.35610E+0001
   15      0.25000E+0000    0.30000E+0000    0.31479E+0000   -0.43028E-0002    0.12047E+0002    0.11489E+0000
   16      0.25000E+0000    0.40000E+0000    0.27990E+0000    0.30750E+0001    0.44680E+0002   -0.12780E+0002
   17      0.25000E+0000    0.50000E+0000    0.25528E+0000   -0.79263E-0001    0.52911E+0001   -0.78774E+0000
   18      0.25000E+0000    0.60000E+0000    0.22885E+0000    0.50394E+0001    0.18601E+0002   -0.99488E+0001
   19      0.25000E+0000    0.70000E+0000    0.17164E+0000    0.51143E+0000    0.45846E+0001   -0.24634E+0001
   20      0.25000E+0000    0.80000E+0000    0.14741E+0000    0.10627E+0000    0.13806E+0001   -0.76033E+0000
   21      0.25000E+0000    0.90000E+0000    0.13232E+0000    0.43285E+0000    0.66072E+0000    0.28445E-0001
   22      0.25000E+0000    0.10000E+0001    0.11558E+0000   -0.21999E+0001   -0.45996E+0001   -0.16910E+0000
   23      0.50000E+0000    0.00000E+0000    0.88126E+0000    0.20548E+0001    0.66969E+0002    0.12026E+0002
   24      0.50000E+0000    0.10000E+0000    0.80186E+0000    0.14746E+0000    0.23135E+0002    0.18597E+0001
   25      0.50000E+0000    0.20000E+0000    0.72689E+0000    0.31816E+0000    0.26077E+0002    0.33252E+0001
   26      0.50000E+0000    0.30000E+0000    0.67081E+0000   -0.12717E+0000    0.13379E+0002   -0.96445E-0001
   27      0.50000E+0000    0.40000E+0000    0.62102E+0000   -0.22813E+0000    0.46792E+0002   -0.14357E+0001
   28      0.50000E+0000    0.50000E+0000    0.57785E+0000    0.97220E-0001    0.77203E+0001   -0.74092E+0000
   29      0.50000E+0000    0.60000E+0000    0.52846E+0000   -0.77987E+0000    0.28924E+0001    0.13063E+0001
   30      0.50000E+0000    0.70000E+0000    0.46790E+0000   -0.41775E+0000    0.49062E+0001    0.17413E+0000
   31      0.50000E+0000    0.80000E+0000    0.39214E+0000    0.59442E+0000    0.24960E+0002    0.27470E+0001
   32      0.50000E+0000    0.90000E+0000    0.34333E+0000   -0.71317E+0000    0.27789E+0000   -0.10001E+0001
   33      0.50000E+0000    0.10000E+0001    0.30132E+0000   -0.52505E+0000    0.11515E+0002    0.97259E+0000
   34      0.75000E+0000    0.00000E+0000    0.12967E+0001    0.18255E+0000    0.19241E+0002    0.20286E+0001
   35      0.75000E+0000    0.10000E+0000    0.12084E+0001    0.45612E-0001    0.13588E+0002    0.77053E+0000
   36      0.75000E+0000    0.20000E+0000    0.11292E+0001   -0.19218E-0001    0.19846E+0002    0.10103E+0001
   37      0.75000E+0000    0.30000E+0000    0.10580E+0001    0.11950E-0001    0.93386E+0001   -0.15423E+0000
   38      0.75000E+0000    0.40000E+0000    0.99093E+0000   -0.87785E-0001    0.10081E+0002   -0.44517E+0000
   39      0.75000E+0000    0.50000E+0000    0.92574E+0000    0.32161E-0001    0.61889E+0001   -0.53984E+0000
   40      0.75000E+0000    0.60000E+0000    0.86069E+0000    0.23426E-0001    0.46679E+0001   -0.37081E+0000
   41      0.75000E+0000    0.70000E+0000    0.78822E+0000   -0.47039E-0001    0.43603E+0001   -0.55071E+0000
   42      0.75000E+0000    0.80000E+0000    0.71457E+0000    0.27970E+0000    0.19272E+0001   -0.48689E+0000
   43      0.75000E+0000    0.90000E+0000    0.64022E+0000    0.50802E+0000    0.36513E+0001    0.66769E+0000
   44      0.75000E+0000    0.10000E+0001    0.54075E+0000    0.12441E+0001    0.30749E+0000   -0.34361E+0001
   45      0.10000E+0001    0.00000E+0000    0.16904E+0001    0.47870E+0000    0.17321E+0002    0.28411E+0001
   46      0.10000E+0001    0.10000E+0000    0.16016E+0001   -0.50094E-0002    0.11693E+0002    0.93572E+0000
   47      0.10000E+0001    0.20000E+0000    0.15215E+0001    0.15221E+0000    0.13836E+0002    0.16702E+0001
   48      0.10000E+0001    0.30000E+0000    0.14456E+0001   -0.74713E-0001    0.10135E+0002    0.99442E-0001
   49      0.10000E+0001    0.40000E+0000    0.13658E+0001   -0.15991E+0000    0.12083E+0002    0.45527E+0000
   50      0.10000E+0001    0.50000E+0000    0.12870E+0001   -0.79385E-0001    0.69392E+0001   -0.36961E+0000
   51      0.10000E+0001    0.60000E+0000    0.12080E+0001   -0.19171E+0000    0.84446E+0001   -0.42685E+0000
   52      0.10000E+0001    0.70000E+0000    0.11268E+0001   -0.26346E-0001    0.54517E+0001   -0.24300E+0000
   53      0.10000E+0001    0.80000E+0000    0.10407E+0001   -0.34486E+0000    0.86773E+0001   -0.18786E+0000
   54      0.10000E+0001    0.90000E+0000    0.95083E+0000   -0.73562E-0001    0.23534E+0001   -0.31730E+0000
   55      0.10000E+0001    0.10000E+0001    0.86070E+0000   -0.38320E+0000    0.54407E+0001    0.50086E+0000
   56      0.12500E+0001    0.00000E+0000    0.20695E+0001   -0.33011E-0001    0.11596E+0002    0.10121E+0001
   57      0.12500E+0001    0.10000E+0000    0.19774E+0001   -0.21872E-0001    0.80287E+0001    0.13171E+0000
   58      0.12500E+0001    0.20000E+0000    0.18888E+0001   -0.17194E+0000    0.11288E+0002    0.59111E+0000
   59      0.12500E+0001    0.30000E+0000    0.18006E+0001   -0.13811E+0000    0.80197E+0001   -0.14957E+0000
   60      0.12500E+0001    0.40000E+0000    0.17135E+0001   -0.26917E+0000    0.80723E+0001   -0.66331E-0001
   61      0.12500E+0001    0.50000E+0000    0.16274E+0001   -0.17524E+0000    0.59034E+0001   -0.24576E+0000
   62      0.12500E+0001    0.60000E+0000    0.15414E+0001   -0.16760E+0000    0.56186E+0001   -0.41835E+0000
   63      0.12500E+0001    0.70000E+0000    0.14540E+0001   -0.14554E+0000    0.59674E+0001   -0.76570E-0001
   64      0.12500E+0001    0.80000E+0000    0.13647E+0001   -0.21743E-0001    0.36293E+0001   -0.35801E+0000
   65      0.12500E+0001    0.90000E+0000    0.12758E+0001    0.30793E-0002    0.43535E+0001    0.29071E+0000
   66      0.12500E+0001    0.10000E+0001    0.11819E+0001   -0.24838E+0000    0.23117E+0001   -0.40404E+0000
   67      0.15000E+0001    0.00000E+0000    0.24412E+0001    0.24672E-0001    0.10506E+0002    0.12802E+0001
   68      0.15000E+0001    0.10000E+0000    0.23464E+0001    0.22982E-0001    0.86006E+0001    0.27154E+0000
   69      0.15000E+0001    0.20000E+0000    0.22503E+0001   -0.48852E-0001    0.96293E+0001    0.57128E+0000
   70      0.15000E+0001    0.30000E+0000    0.21549E+0001   -0.56171E-0001    0.88031E+0001   -0.52738E-0001
   71      0.15000E+0001    0.40000E+0000    0.20602E+0001   -0.10559E+0000    0.83827E+0001   -0.34515E-0001
   72      0.15000E+0001    0.50000E+0000    0.19676E+0001   -0.11109E+0000    0.66068E+0001   -0.19456E+0000
   73      0.15000E+0001    0.60000E+0000    0.18764E+0001   -0.61684E-0001    0.67770E+0001   -0.27392E+0000
   74      0.15000E+0001    0.70000E+0000    0.17854E+0001   -0.10299E+0000    0.56579E+0001   -0.26860E-0001
   75      0.15000E+0001    0.80000E+0000    0.16969E+0001   -0.58737E-0001    0.53518E+0001   -0.31049E+0000
   76      0.15000E+0001    0.90000E+0000    0.16079E+0001   -0.83254E-0001    0.46847E+0001    0.12678E+0000
   77      0.15000E+0001    0.10000E+0001    0.15156E+0001    0.46698E-0001    0.50207E+0001   -0.16651E+0000
   78      0.17500E+0001    0.00000E+0000    0.27906E+0001    0.59725E-0001    0.80892E+0001    0.17035E+0000
   79      0.17500E+0001    0.10000E+0000    0.26927E+0001   -0.20525E+0000    0.75361E+0001   -0.13523E-0001
   80      0.17500E+0001    0.20000E+0000    0.25963E+0001   -0.55951E-0001    0.79649E+0001    0.10805E+0000
   81      0.17500E+0001    0.30000E+0000    0.25021E+0001   -0.16918E+0000    0.88139E+0001   -0.18906E+0000
   82      0.17500E+0001    0.40000E+0000    0.24096E+0001   -0.61349E-0001    0.75300E+0001   -0.27781E+0000
   83      0.17500E+0001    0.50000E+0000    0.23199E+0001   -0.67725E-0001    0.68487E+0001    0.29193E+0000
   84      0.17500E+0001    0.60000E+0000    0.22291E+0001    0.79739E-0002    0.56258E+0001   -0.21065E+0000
   85      0.17500E+0001    0.70000E+0000    0.21406E+0001    0.17175E-0001    0.68805E+0001   -0.18402E+0000
   86      0.17500E+0001    0.80000E+0000    0.20531E+0001    0.10783E-0001    0.52785E+0001    0.50938E-0001
   87      0.17500E+0001    0.90000E+0000    0.19656E+0001    0.11850E+0000    0.60869E+0001    0.16655E+0000
   88      0.17500E+0001    0.10000E+0001    0.18727E+0001   -0.85785E-0002    0.41233E+0001    0.42664E+0000
   89      0.20000E+0001    0.00000E+0000    0.31374E+0001    0.14643E+0000    0.80919E+0001    0.14054E-0001
   90      0.20000E+0001    0.10000E+0000    0.30376E+0001   -0.18470E-0001    0.80767E+0001   -0.87866E-0001
   91      0.20000E+0001    0.20000E+0000    0.29395E+0001    0.72481E-0001    0.76057E+0001   -0.12796E+0000
   92      0.20000E+0001    0.30000E+0000    0.28447E+0001   -0.11689E+0000    0.71744E+0001   -0.45261E-0001
   93      0.20000E+0001    0.40000E+0000    0.27600E+0001   -0.23130E-0001    0.73384E+0001   -0.14712E+0000
   94      0.20000E+0001    0.50000E+0000    0.26764E+0001   -0.23706E-0001    0.78428E+0001    0.29762E-0001
   95      0.20000E+0001    0.60000E+0000    0.25825E+0001    0.42397E-0003    0.67646E+0001   -0.37354E-0001
   96      0.20000E+0001    0.70000E+0000    0.24902E+0001   -0.92488E-0001    0.43646E+0001    0.46657E-0001
   97      0.20000E+0001    0.80000E+0000    0.24151E+0001   -0.47766E-0001    0.69897E+0001    0.11456E+0000
   98      0.20000E+0001    0.90000E+0000    0.23334E+0001    0.13785E+0000    0.61891E+0001    0.11446E+0000
   99      0.20000E+0001    0.10000E+0001    0.22390E+0001   -0.15063E+0000    0.75489E+0001   -0.23983E+0000
  100      0.22500E+0001    0.00000E+0000    0.35094E+0001    0.73818E-0001    0.79092E+0001   -0.73616E-0001
  101      0.22500E+0001    0.10000E+0000    0.34110E+0001   -0.19340E-0001    0.83279E+0001    0.17253E-0001
  102      0.22500E+0001    0.20000E+0000    0.33158E+0001    0.13854E+0000    0.78753E+0001   -0.11376E+0000
  103      0.22500E+0001    0.30000E+0000    0.32252E+0001    0.56691E-0001    0.71146E+0001   -0.13587E+0000
  104      0.22500E+0001    0.40000E+0000    0.31371E+0001    0.64670E-0001    0.78885E+0001   -0.54031E-0001
  105      0.22500E+0001    0.50000E+0000    0.30469E+0001    0.11516E+0000    0.88826E+0001   -0.78225E-0001
  106      0.22500E+0001    0.60000E+0000    0.29542E+0001    0.52910E-0002    0.64039E+0001    0.19372E+0000
  107      0.22500E+0001    0.70000E+0000    0.28612E+0001    0.15670E-0001    0.39802E+0001    0.82277E-0001
  108      0.22500E+0001    0.80000E+0000    0.27675E+0001    0.37551E-0001    0.55430E+0001   -0.49693E-0002
  109      0.22500E+0001    0.90000E+0000    0.26708E+0001   -0.90436E-0001    0.64279E+0001    0.41015E-0001
  110      0.22500E+0001    0.10000E+0001    0.25733E+0001   -0.95189E-0001    0.57778E+0001    0.28195E+0000
  111      0.25000E+0001    0.00000E+0000    0.38789E+0001    0.59845E-0001    0.80281E+0001    0.65660E-0002
  112      0.25000E+0001    0.10000E+0000    0.37815E+0001   -0.15480E-0001    0.75561E+0001    0.82801E-0001
  113      0.25000E+0001    0.20000E+0000    0.36898E+0001    0.41132E-0002    0.77989E+0001    0.12253E+0000
  114      0.25000E+0001    0.30000E+0000    0.36013E+0001   -0.17256E-0003    0.66028E+0001   -0.45828E-0001
  115      0.25000E+0001    0.40000E+0000    0.35142E+0001   -0.20789E-0001    0.89878E+0001    0.19993E-0001
  116      0.25000E+0001    0.50000E+0000    0.34233E+0001    0.81667E-0001    0.85910E+0001   -0.52840E-0001
  117      0.25000E+0001    0.60000E+0000    0.33296E+0001   -0.42217E-0001    0.77444E+0001   -0.18458E+0000
  118      0.25000E+0001    0.70000E+0000    0.32337E+0001    0.66328E-0001    0.57487E+0001   -0.59088E-0001
  119      0.25000E+0001    0.80000E+0000    0.31209E+0001    0.60699E-0001    0.65422E+0001   -0.50734E-0001
  120      0.25000E+0001    0.90000E+0000    0.30108E+0001   -0.67399E-0001    0.70824E+0001    0.53357E-0001
  121      0.25000E+0001    0.10000E+0001    0.29097E+0001    0.14753E+0000    0.87369E+0001    0.38315E-0001
  122      0.27500E+0001    0.00000E+0000    0.42609E+0001   -0.34320E-0002    0.77994E+0001    0.14101E+0000
  123      0.27500E+0001    0.10000E+0000    0.41637E+0001    0.27319E-0001    0.69616E+0001   -0.43291E-0002
  124      0.27500E+0001    0.20000E+0000    0.40684E+0001    0.37794E-0003    0.76000E+0001   -0.15760E-0001
  125      0.27500E+0001    0.30000E+0000    0.39734E+0001    0.53506E-0001    0.61081E+0001    0.85351E-0001
  126      0.27500E+0001    0.40000E+0000    0.38776E+0001   -0.22812E-0001    0.75549E+0001   -0.63702E-0001
  127      0.27500E+0001    0.50000E+0000    0.37800E+0001    0.60955E-0001    0.79759E+0001   -0.12112E+0000
  128      0.27500E+0001    0.60000E+0000    0.36820E+0001   -0.63805E-0001    0.69271E+0001   -0.64038E-0001
  129      0.27500E+0001    0.70000E+0000    0.35826E+0001    0.74933E-0001    0.65146E+0001   -0.48507E-0002
  130      0.27500E+0001    0.80000E+0000    0.34809E+0001   -0.72847E-0003    0.65568E+0001    0.20093E+0000
  131      0.27500E+0001    0.90000E+0000    0.33781E+0001    0.48652E-0001    0.65907E+0001   -0.16321E+0000
  132      0.27500E+0001    0.10000E+0001    0.32766E+0001    0.95500E-0001    0.69930E+0001    0.16427E+0000
  133      0.30000E+0001    0.00000E+0000    0.46401E+0001   -0.11839E-0001    0.79595E+0001    0.14640E+0000
  134      0.30000E+0001    0.10000E+0000    0.45417E+0001   -0.25189E-0001    0.66258E+0001    0.99192E-0001
  135      0.30000E+0001    0.20000E+0000    0.44459E+0001   -0.40116E-0001    0.81089E+0001    0.15909E+0000
  136      0.30000E+0001    0.30000E+0000    0.43478E+0001    0.62442E-0001    0.72926E+0001    0.56008E-0001
  137      0.30000E+0001    0.40000E+0000    0.42407E+0001   -0.67555E-0002    0.88983E+0001    0.10923E+0000
  138      0.30000E+0001    0.50000E+0000    0.41347E+0001   -0.10791E-0001    0.79902E+0001   -0.12696E-0001
  139      0.30000E+0001    0.60000E+0000    0.40348E+0001    0.95980E-0001    0.78428E+0001    0.37175E-0001
  140      0.30000E+0001    0.70000E+0000    0.39373E+0001    0.23446E-0001    0.60382E+0001   -0.50563E-0001
  141      0.30000E+0001    0.80000E+0000    0.38402E+0001   -0.19280E-0001    0.60312E+0001   -0.13354E+0000
  142      0.30000E+0001    0.90000E+0000    0.37429E+0001    0.57615E-0001    0.63168E+0001   -0.36762E-0001
  143      0.30000E+0001    0.10000E+0001    0.36423E+0001   -0.63789E-0001    0.57864E+0001   -0.66432E-0001
  144      0.32500E+0001    0.00000E+0000    0.50113E+0001   -0.83014E-0001    0.71337E+0001    0.23680E-0001
  145      0.32500E+0001    0.10000E+0000    0.49102E+0001    0.74327E-0001    0.63427E+0001    0.10553E+0000
  146      0.32500E+0001    0.20000E+0000    0.48060E+0001   -0.72005E-0001    0.67377E+0001    0.10048E+0000
  147      0.32500E+0001    0.30000E+0000    0.47006E+0001   -0.44483E-0001    0.69019E+0001   -0.38423E-0001
  148      0.32500E+0001    0.40000E+0000    0.45943E+0001    0.58480E-0002    0.76879E+0001    0.19543E+0000
  149      0.32500E+0001    0.50000E+0000    0.44899E+0001   -0.88243E-0001    0.73286E+0001   -0.12452E+0000
  150      0.32500E+0001    0.60000E+0000    0.43878E+0001    0.34909E-0001    0.70664E+0001   -0.92382E-0001
  151      0.32500E+0001    0.70000E+0000    0.42876E+0001   -0.77097E-0001    0.60799E+0001   -0.35581E-0001
  152      0.32500E+0001    0.80000E+0000    0.41878E+0001    0.77669E-0003    0.60448E+0001   -0.12235E+0000
  153      0.32500E+0001    0.90000E+0000    0.40880E+0001   -0.64804E-0001    0.64195E+0001    0.96765E-0001
  154      0.32500E+0001    0.10000E+0001    0.39881E+0001   -0.34505E-0001    0.61921E+0001   -0.23766E+0000
  155      0.35000E+0001    0.00000E+0000    0.53835E+0001   -0.23522E+0000    0.64921E+0001   -0.37837E-0001
  156      0.35000E+0001    0.10000E+0000    0.52810E+0001    0.84817E-0001    0.75418E+0001    0.38777E-0001
  157      0.35000E+0001    0.20000E+0000    0.51679E+0001   -0.29251E-0001    0.66442E+0001    0.66846E-0001
  158      0.35000E+0001    0.30000E+0000    0.50528E+0001   -0.25677E-0001    0.72557E+0001    0.41625E-0001
  159      0.35000E+0001    0.40000E+0000    0.49458E+0001    0.62751E-0001    0.74552E+0001    0.72590E-0001
  160      0.35000E+0001    0.50000E+0000    0.48415E+0001   -0.22763E-0001    0.72493E+0001   -0.39330E-0001
  161      0.35000E+0001    0.60000E+0000    0.47396E+0001   -0.35660E-0002    0.68585E+0001   -0.29462E-0001
  162      0.35000E+0001    0.70000E+0000    0.46384E+0001    0.40708E-0002    0.64063E+0001   -0.66973E-0001
  163      0.35000E+0001    0.80000E+0000    0.45361E+0001    0.42171E-0001    0.64588E+0001   -0.88979E-0001
  164      0.35000E+0001    0.90000E+0000    0.44341E+0001   -0.64341E-0001    0.67190E+0001    0.15806E-0001
  165      0.35000E+0001    0.10000E+0001    0.43344E+0001    0.42948E-0001    0.66877E+0001   -0.25298E-0001
  166      0.37500E+0001    0.00000E+0000    0.57205E+0001    0.26125E-0001    0.67007E+0001    0.73829E-0001
  167      0.37500E+0001    0.10000E+0000    0.56196E+0001   -0.64747E-0002    0.83388E+0001    0.88099E-0001
  168      0.37500E+0001    0.20000E+0000    0.55174E+0001   -0.47018E-0001    0.74099E+0001    0.10273E+0000
  169      0.37500E+0001    0.30000E+0000    0.54137E+0001    0.51533E-0001    0.69165E+0001    0.15350E+0000
  170      0.37500E+0001    0.40000E+0000    0.53105E+0001    0.32031E-0001    0.72658E+0001   -0.15678E+0000
  171      0.37500E+0001    0.50000E+0000    0.52079E+0001    0.68307E-0001    0.70565E+0001    0.41227E-0001
  172      0.37500E+0001    0.60000E+0000    0.51058E+0001    0.67099E-0001    0.67889E+0001   -0.55620E-0001
  173      0.37500E+0001    0.70000E+0000    0.50043E+0001    0.64607E-0001    0.64090E+0001   -0.15675E+0000
  174      0.37500E+0001    0.80000E+0000    0.49038E+0001    0.43274E-0001    0.67112E+0001    0.64627E-0001
  175      0.37500E+0001    0.90000E+0000    0.48038E+0001    0.73292E-0001    0.68894E+0001   -0.24845E+0000
  176      0.37500E+0001    0.10000E+0001    0.47036E+0001    0.47091E-0001    0.66213E+0001    0.34406E+0000
  177      0.40000E+0001    0.00000E+0000    0.60593E+0001    0.15788E+0000    0.70537E+0001    0.90520E-0001
  178      0.40000E+0001    0.10000E+0000    0.59606E+0001   -0.54376E-0001    0.71446E+0001    0.60826E-0001
  179      0.40000E+0001    0.20000E+0000    0.58665E+0001   -0.13492E-0001    0.64093E+0001   -0.47818E-0002
  180      0.40000E+0001    0.30000E+0000    0.57733E+0001   -0.20229E-0002    0.65233E+0001    0.74954E-0001
  181      0.40000E+0001    0.40000E+0000    0.56744E+0001   -0.92676E-0001    0.61996E+0001    0.94527E-0001
  182      0.40000E+0001    0.50000E+0000    0.55737E+0001    0.30070E-0001    0.71033E+0001    0.70701E-0001
  183      0.40000E+0001    0.60000E+0000    0.54708E+0001   -0.23340E-0001    0.62898E+0001    0.13516E+0000
  184      0.40000E+0001    0.70000E+0000    0.53682E+0001   -0.18769E-0001    0.58197E+0001   -0.49672E-0001
  185      0.40000E+0001    0.80000E+0000    0.52713E+0001   -0.70394E-0002    0.62835E+0001   -0.60283E-0001
  186      0.40000E+0001    0.90000E+0000    0.51744E+0001    0.27057E-0001    0.68252E+0001   -0.12717E+0000
  187      0.40000E+0001    0.10000E+0001    0.50737E+0001   -0.19042E-0001    0.65799E+0001   -0.31187E+0000
  188      0.42500E+0001    0.00000E+0000    0.64124E+0001   -0.64180E-0002    0.73772E+0001    0.94169E-0001
  189      0.42500E+0001    0.10000E+0000    0.63140E+0001   -0.31804E-0001    0.70961E+0001   -0.11965E+0000
  190      0.42500E+0001    0.20000E+0000    0.62168E+0001   -0.19839E-0001    0.71131E+0001    0.39331E-0001
  191      0.42500E+0001    0.30000E+0000    0.61193E+0001   -0.28810E-0001    0.70512E+0001    0.14147E+0000
  192      0.42500E+0001    0.40000E+0000    0.60200E+0001   -0.83039E-0001    0.66221E+0001    0.15941E+0000
  193      0.42500E+0001    0.50000E+0000    0.59195E+0001   -0.59593E-0001    0.67608E+0001    0.81942E-0002
  194      0.42500E+0001    0.60000E+0000    0.58195E+0001   -0.74306E-0001    0.66285E+0001    0.22414E-0001
  195      0.42500E+0001    0.70000E+0000    0.57209E+0001   -0.38313E-0002    0.53908E+0001   -0.30394E-0001
  196      0.42500E+0001    0.80000E+0000    0.56230E+0001   -0.74813E-0001    0.63631E+0001   -0.20398E+0000
  197      0.42500E+0001    0.90000E+0000    0.55242E+0001    0.41597E-0001    0.68971E+0001   -0.29436E-0001
  198      0.42500E+0001    0.10000E+0001    0.54240E+0001   -0.12818E+0000    0.67153E+0001   -0.21400E+0000
  199      0.45000E+0001    0.00000E+0000    0.67645E+0001    0.59020E-0001    0.75363E+0001    0.50262E-0001
  200      0.45000E+0001    0.10000E+0000    0.66649E+0001   -0.36962E-0001    0.68530E+0001   -0.41055E-0001
  201      0.45000E+0001    0.20000E+0000    0.65678E+0001   -0.78963E-0002    0.76015E+0001   -0.68691E-0001
  202      0.45000E+0001    0.30000E+0000    0.64697E+0001   -0.34841E-0002    0.78106E+0001   -0.19115E-0001
  203      0.45000E+0001    0.40000E+0000    0.63665E+0001    0.12449E-0002    0.73417E+0001   -0.21433E-0001
  204      0.45000E+0001    0.50000E+0000    0.62630E+0001   -0.81843E-0001    0.62568E+0001    0.96186E-0001
  205      0.45000E+0001    0.60000E+0000    0.61660E+0001   -0.23783E-0001    0.62390E+0001    0.12728E+0000
  206      0.45000E+0001    0.70000E+0000    0.60707E+0001   -0.29547E-0001    0.52323E+0001    0.11693E-0001
  207      0.45000E+0001    0.80000E+0000    0.59735E+0001   -0.11711E+0000    0.60371E+0001   -0.12608E-0001
  208      0.45000E+0001    0.90000E+0000    0.58751E+0001    0.50399E-0001    0.68581E+0001   -0.48584E-0001
  209      0.45000E+0001    0.10000E+0001    0.57751E+0001   -0.78990E-0001    0.67289E+0001    0.20938E-0001
  210      0.47500E+0001    0.00000E+0000    0.71210E+0001   -0.65189E-0002    0.70061E+0001   -0.79505E-0001
  211      0.47500E+0001    0.10000E+0000    0.70202E+0001   -0.20491E-0001    0.67568E+0001   -0.13632E+0000
  212      0.47500E+0001    0.20000E+0000    0.69197E+0001   -0.36828E-0002    0.72247E+0001   -0.27718E-0001
  213      0.47500E+0001    0.30000E+0000    0.68186E+0001   -0.78083E-0001    0.82942E+0001   -0.76407E-0001
  214      0.47500E+0001    0.40000E+0000    0.67168E+0001   -0.17618E-0001    0.70675E+0001    0.13841E+0000
  215      0.47500E+0001    0.50000E+0000    0.66145E+0001   -0.13113E+0000    0.60096E+0001    0.19529E-0001
  216      0.47500E+0001    0.60000E+0000    0.65133E+0001   -0.86297E-0002    0.57150E+0001    0.15118E-0001
  217      0.47500E+0001    0.70000E+0000    0.64133E+0001   -0.12631E+0000    0.52480E+0001    0.39506E-0001
  218      0.47500E+0001    0.80000E+0000    0.63141E+0001   -0.94872E-0003    0.59010E+0001   -0.46262E-0001
  219      0.47500E+0001    0.90000E+0000    0.62153E+0001   -0.95734E-0001    0.70367E+0001    0.32198E+0000
  220      0.47500E+0001    0.10000E+0001    0.61166E+0001   -0.22109E-0001    0.67669E+0001   -0.32564E+0000
  221      0.50000E+0001    0.00000E+0000    0.74770E+0001   -0.38356E-0003    0.70186E+0001   -0.20955E+0000
  222      0.50000E+0001    0.10000E+0000    0.73754E+0001    0.16543E-0001    0.70871E+0001   -0.12342E+0000
  223      0.50000E+0001    0.20000E+0000    0.72726E+0001    0.27196E-0001    0.77131E+0001   -0.16533E+0000
  224      0.50000E+0001    0.30000E+0000    0.71699E+0001    0.23541E-0001    0.83474E+0001   -0.88717E-0001
  225      0.50000E+0001    0.40000E+0000    0.70679E+0001    0.14980E-0001    0.70902E+0001   -0.16569E+0000
  226      0.50000E+0001    0.50000E+0000    0.69651E+0001   -0.22578E-0001    0.66471E+0001   -0.37887E-0001
  227      0.50000E+0001    0.60000E+0000    0.68606E+0001    0.12006E-0001    0.59177E+0001   -0.50297E-0001
  228      0.50000E+0001    0.70000E+0000    0.67559E+0001   -0.51846E-0001    0.54190E+0001    0.63998E-0001
  229      0.50000E+0001    0.80000E+0000    0.66555E+0001    0.34721E-0001    0.68374E+0001    0.89513E-0001
  230      0.50000E+0001    0.90000E+0000    0.65563E+0001   -0.41658E-0001    0.70090E+0001    0.18995E+0000
  231      0.50000E+0001    0.10000E+0001    0.64584E+0001   -0.36737E-0001    0.75442E+0001    0.23431E+0000
  232      0.52500E+0001    0.00000E+0000    0.78368E+0001    0.10819E-0001    0.72276E+0001   -0.14247E+0000
  233      0.52500E+0001    0.10000E+0000    0.77355E+0001    0.44514E-0001    0.71711E+0001    0.10066E+0000
  234      0.52500E+0001    0.20000E+0000    0.76336E+0001    0.59643E-0001    0.74954E+0001   -0.10007E+0000
  235      0.52500E+0001    0.30000E+0000    0.75326E+0001    0.63608E-0001    0.84474E+0001   -0.23500E+0000
  236      0.52500E+0001    0.40000E+0000    0.74330E+0001    0.73312E-0001    0.74540E+0001   -0.10471E+0000
  237      0.52500E+0001    0.50000E+0000    0.73342E+0001    0.93065E-0001    0.73777E+0001   -0.32188E-0001
  238      0.52500E+0001    0.60000E+0000    0.72337E+0001    0.55769E-0001    0.60042E+0001    0.15981E-0001
  239      0.52500E+0001    0.70000E+0000    0.71306E+0001    0.39470E-0001    0.57515E+0001    0.14935E+0000
  240      0.52500E+0001    0.80000E+0000    0.70258E+0001    0.90408E-0001    0.61736E+0001    0.19784E+0000
  241      0.52500E+0001    0.90000E+0000    0.69231E+0001   -0.40869E-0001    0.68551E+0001   -0.55258E-0001
  242      0.52500E+0001    0.10000E+0001    0.68227E+0001    0.19142E+0000    0.72942E+0001    0.49356E+0000
  243      0.55000E+0001    0.00000E+0000    0.81976E+0001   -0.70433E-0001    0.68635E+0001   -0.68301E-0002
  244      0.55000E+0001    0.10000E+0000    0.80975E+0001    0.37699E-0001    0.75667E+0001    0.37186E-0001
  245      0.55000E+0001    0.20000E+0000    0.79938E+0001    0.21477E-0001    0.71128E+0001    0.10356E+0000
  246      0.55000E+0001    0.30000E+0000    0.78916E+0001   -0.20982E-0001    0.71861E+0001   -0.24602E-0001
  247      0.55000E+0001    0.40000E+0000    0.77986E+0001    0.41357E-0001    0.70015E+0001   -0.27477E-0001
  248      0.55000E+0001    0.50000E+0000    0.77072E+0001    0.50217E-0001    0.70519E+0001   -0.88284E-0001
  249      0.55000E+0001    0.60000E+0000    0.76100E+0001   -0.23208E-0001    0.57753E+0001   -0.23322E+0000
  250      0.55000E+0001    0.70000E+0000    0.75091E+0001    0.42074E-0001    0.67108E+0001    0.88913E-0002
  251      0.55000E+0001    0.80000E+0000    0.73979E+0001    0.41685E-0001    0.63125E+0001    0.17835E-0001
  252      0.55000E+0001    0.90000E+0000    0.72872E+0001   -0.37440E-0001    0.71156E+0001    0.10107E+0000
  253      0.55000E+0001    0.10000E+0001    0.71853E+0001    0.44146E-0001    0.77545E+0001    0.11948E+0000
  254      0.57500E+0001    0.00000E+0000    0.85485E+0001    0.27028E-0001    0.71788E+0001    0.86882E-0001
  255      0.57500E+0001    0.10000E+0000    0.84492E+0001   -0.39485E-0001    0.76640E+0001    0.22722E-0001
  256      0.57500E+0001    0.20000E+0000    0.83505E+0001    0.11747E-0001    0.75439E+0001    0.54994E-0001
  257      0.57500E+0001    0.30000E+0000    0.82534E+0001   -0.27909E-0001    0.66713E+0001   -0.19514E-0001
  258      0.57500E+0001    0.40000E+0000    0.81582E+0001   -0.17252E-0003    0.72080E+0001   -0.16405E+0000
  259      0.57500E+0001    0.50000E+0000    0.80636E+0001    0.56143E-0001    0.77705E+0001   -0.10663E+0000
  260      0.57500E+0001    0.60000E+0000    0.79680E+0001   -0.70288E-0001    0.67179E+0001   -0.39355E-0001
  261      0.57500E+0001    0.70000E+0000    0.78696E+0001    0.75906E-0001    0.74975E+0001    0.13744E+0000
  262      0.57500E+0001    0.80000E+0000    0.77681E+0001   -0.35086E-0001    0.70618E+0001    0.15095E+0000
  263      0.57500E+0001    0.90000E+0000    0.76647E+0001    0.38916E-0001    0.62446E+0001   -0.12963E+0000
  264      0.57500E+0001    0.10000E+0001    0.75629E+0001    0.47358E-0001    0.72420E+0001    0.14417E+0000
  265      0.60000E+0001    0.00000E+0000    0.88992E+0001    0.71470E-0001    0.71812E+0001    0.51900E-0001
  266      0.60000E+0001    0.10000E+0000    0.88008E+0001   -0.12078E-0001    0.71683E+0001    0.49734E-0001
  267      0.60000E+0001    0.20000E+0000    0.87055E+0001    0.50705E-0002    0.68114E+0001    0.30558E-0001
  268      0.60000E+0001    0.30000E+0000    0.86116E+0001    0.63444E-0003    0.66488E+0001    0.66852E-0002
  269      0.60000E+0001    0.40000E+0000    0.85162E+0001    0.10302E-0001    0.69404E+0001    0.13135E-0001
  270      0.60000E+0001    0.50000E+0000    0.84209E+0001   -0.15306E-0001    0.71043E+0001   -0.48296E-0001
  271      0.60000E+0001    0.60000E+0000    0.83289E+0001    0.24949E-0001    0.73327E+0001   -0.44526E-0001
  272      0.60000E+0001    0.70000E+0000    0.82361E+0001    0.63248E-0001    0.72041E+0001    0.31251E-0001
  273      0.60000E+0001    0.80000E+0000    0.81379E+0001   -0.77418E-0002    0.60938E+0001   -0.31778E-0001
  274      0.60000E+0001    0.90000E+0000    0.80380E+0001   -0.50784E-0002    0.60807E+0001    0.11875E-0001
  275      0.60000E+0001    0.10000E+0001    0.79374E+0001    0.20703E-0001    0.52757E+0001    0.48501E-0001
  276      0.62500E+0001    0.00000E+0000    0.92621E+0001    0.87521E-0002    0.73783E+0001    0.75213E-0001
  277      0.62500E+0001    0.10000E+0000    0.91643E+0001    0.33938E-0001    0.67920E+0001    0.10485E+0000
  278      0.62500E+0001    0.20000E+0000    0.90679E+0001    0.35963E-0001    0.69865E+0001    0.14822E-0002
  279      0.62500E+0001    0.30000E+0000    0.89729E+0001    0.61611E-0001    0.67280E+0001   -0.11721E+0000
  280      0.62500E+0001    0.40000E+0000    0.88785E+0001    0.56623E-0002    0.71647E+0001    0.19616E-0002
  281      0.62500E+0001    0.50000E+0000    0.87832E+0001    0.65596E-0001    0.69535E+0001    0.79643E-0001
  282      0.62500E+0001    0.60000E+0000    0.86867E+0001   -0.82844E-0002    0.70911E+0001    0.97947E-0002
  283      0.62500E+0001    0.70000E+0000    0.85896E+0001    0.54168E-0001    0.72735E+0001   -0.19931E+0000
  284      0.62500E+0001    0.80000E+0000    0.84923E+0001   -0.64426E-0001    0.67000E+0001    0.59408E-0001
  285      0.62500E+0001    0.90000E+0000    0.83947E+0001    0.64720E-0001    0.60709E+0001   -0.44941E-0001
  286      0.62500E+0001    0.10000E+0001    0.82953E+0001   -0.10305E+0000    0.59533E+0001   -0.18764E-0001
  287      0.65000E+0001    0.00000E+0000    0.96232E+0001   -0.19190E-0001    0.71246E+0001    0.27806E+0000
  288      0.65000E+0001    0.10000E+0000    0.95255E+0001    0.17638E-0002    0.67681E+0001    0.12606E+0000
  289      0.65000E+0001    0.20000E+0000    0.94281E+0001    0.84445E-0002    0.67490E+0001    0.23802E+0000
  290      0.65000E+0001    0.30000E+0000    0.93323E+0001   -0.23877E-0001    0.59454E+0001   -0.16493E-0001
  291      0.65000E+0001    0.40000E+0000    0.92413E+0001   -0.53140E-0001    0.71661E+0001   -0.17961E-0001
  292      0.65000E+0001    0.50000E+0000    0.91474E+0001    0.35885E-0001    0.79426E+0001   -0.12873E-0001
  293      0.65000E+0001    0.60000E+0000    0.90448E+0001   -0.22817E-0001    0.74447E+0001   -0.20634E-0001
  294      0.65000E+0001    0.70000E+0000    0.89414E+0001   -0.62241E-0001    0.66436E+0001   -0.16221E-0001
  295      0.65000E+0001    0.80000E+0000    0.88467E+0001   -0.35478E-0002    0.70001E+0001   -0.14109E-0001
  296      0.65000E+0001    0.90000E+0000    0.87530E+0001    0.75490E-0001    0.60183E+0001   -0.64300E-0001
  297      0.65000E+0001    0.10000E+0001    0.86539E+0001   -0.48997E-0001    0.60498E+0001   -0.18451E+0000
  298      0.67500E+0001    0.00000E+0000    0.99748E+0001   -0.11491E-0002    0.66338E+0001    0.14245E+0000
  299      0.67500E+0001    0.10000E+0000    0.98764E+0001   -0.54373E-0001    0.64022E+0001   -0.36399E-0001
  300      0.67500E+0001    0.20000E+0000    0.97788E+0001   -0.44221E-0001    0.64765E+0001    0.80718E-0001
  301      0.67500E+0001    0.30000E+0000    0.96821E+0001   -0.56187E-0001    0.54646E+0001   -0.91114E-0002
  302      0.67500E+0001    0.40000E+0000    0.95862E+0001   -0.83239E-0001    0.67742E+0001   -0.53704E-0001
  303      0.67500E+0001    0.50000E+0000    0.94889E+0001   -0.79863E-0002    0.84510E+0001   -0.10442E+0000
  304      0.67500E+0001    0.60000E+0000    0.93908E+0001   -0.11376E+0000    0.74096E+0001    0.75173E-0001
  305      0.67500E+0001    0.70000E+0000    0.92920E+0001   -0.41927E-0001    0.62771E+0001    0.10204E+0000
  306      0.67500E+0001    0.80000E+0000    0.91929E+0001   -0.34085E-0001    0.62582E+0001   -0.16755E+0000
  307      0.67500E+0001    0.90000E+0000    0.90935E+0001   -0.56139E-0001    0.61615E+0001    0.56131E-0001
  308      0.67500E+0001    0.10000E+0001    0.89937E+0001   -0.76051E-0001    0.59679E+0001   -0.14089E+0000
  309      0.70000E+0001    0.00000E+0000    0.10325E+0002    0.42609E-0001    0.66671E+0001    0.36931E-0001
  310      0.70000E+0001    0.10000E+0000    0.10226E+0002   -0.16749E-0001    0.63818E+0001   -0.27142E-0002
  311      0.70000E+0001    0.20000E+0000    0.10128E+0002    0.25893E-0003    0.63149E+0001   -0.23428E-0001
  312      0.70000E+0001    0.30000E+0000    0.10030E+0002   -0.12903E-0001    0.59116E+0001   -0.23511E-0001
  313      0.70000E+0001    0.40000E+0000    0.99307E+0001    0.26368E-0001    0.72741E+0001    0.17220E-0001
  314      0.70000E+0001    0.50000E+0000    0.98317E+0001   -0.18857E-0001    0.76271E+0001   -0.74698E-0002
  315      0.70000E+0001    0.60000E+0000    0.97371E+0001   -0.16292E-0001    0.76041E+0001   -0.70353E-0001
  316      0.70000E+0001    0.70000E+0000    0.96423E+0001    0.60424E-0001    0.67753E+0001    0.38050E-0001
  317      0.70000E+0001    0.80000E+0000    0.95393E+0001    0.34916E-0003    0.60491E+0001   -0.88870E-0001
  318      0.70000E+0001    0.90000E+0000    0.94343E+0001   -0.78813E-0001    0.65645E+0001    0.74012E-0001
  319      0.70000E+0001    0.10000E+0001    0.93345E+0001    0.82109E-0001    0.64394E+0001    0.81476E-0001
  320      0.72500E+0001    0.00000E+0000    0.10682E+0002   -0.25916E-0001    0.64169E+0001    0.11445E-0001
  321      0.72500E+0001    0.10000E+0000    0.10583E+0002    0.70368E-0001    0.61623E+0001    0.71264E-0002
  322      0.72500E+0001    0.20000E+0000    0.10484E+0002    0.31538E-0002    0.62147E+0001   -0.43917E-0001
  323      0.72500E+0001    0.30000E+0000    0.10385E+0002    0.47886E-0001    0.60113E+0001   -0.24037E-0001
  324      0.72500E+0001    0.40000E+0000    0.10285E+0002    0.44778E-0001    0.69496E+0001    0.18605E-0002
  325      0.72500E+0001    0.50000E+0000    0.10185E+0002   -0.35683E-0001    0.73283E+0001    0.12691E+0000
  326      0.72500E+0001    0.60000E+0000    0.10085E+0002    0.84471E-0001    0.67255E+0001    0.16774E-0001
  327      0.72500E+0001    0.70000E+0000    0.99873E+0001   -0.36283E-0002    0.78145E+0001   -0.35467E+0000
  328      0.72500E+0001    0.80000E+0000    0.98905E+0001    0.21102E-0001    0.66773E+0001    0.17298E+0000
  329      0.72500E+0001    0.90000E+0000    0.97947E+0001    0.76521E-0001    0.70724E+0001    0.71572E-0001
  330      0.72500E+0001    0.10000E+0001    0.96970E+0001    0.14860E-0001    0.61421E+0001    0.13583E+0000
  331      0.75000E+0001    0.00000E+0000    0.11036E+0002   -0.69694E-0001    0.61313E+0001    0.21539E+0000
  332      0.75000E+0001    0.10000E+0000    0.10938E+0002    0.18330E-0001    0.59313E+0001    0.61705E-0001
  333      0.75000E+0001    0.20000E+0000    0.10839E+0002   -0.37169E-0001    0.56022E+0001    0.89149E-0001
  334      0.75000E+0001    0.30000E+0000    0.10741E+0002    0.31010E-0003    0.62027E+0001   -0.45472E-0001
  335      0.75000E+0001    0.40000E+0000    0.10641E+0002   -0.47832E-0001    0.65210E+0001   -0.74319E-0001
  336      0.75000E+0001    0.50000E+0000    0.10539E+0002    0.28188E-0001    0.85448E+0001   -0.21336E-0002
  337      0.75000E+0001    0.60000E+0000    0.10433E+0002    0.84361E-0001    0.70496E+0001    0.47218E-0001
  338      0.75000E+0001    0.70000E+0000    0.10329E+0002   -0.13431E+0000    0.54658E+0001    0.27482E-0001
  339      0.75000E+0001    0.80000E+0000    0.10244E+0002    0.71048E-0002    0.69954E+0001   -0.39935E-0001
  340      0.75000E+0001    0.90000E+0000    0.10159E+0002    0.73903E-0001    0.70146E+0001    0.16296E-0001
  341      0.75000E+0001    0.10000E+0001    0.10063E+0002   -0.13525E+0000    0.69333E+0001   -0.38496E+0000
  342      0.77500E+0001    0.00000E+0000    0.11371E+0002    0.47428E-0003    0.53849E+0001    0.13274E+0000
  343      0.77500E+0001    0.10000E+0000    0.11274E+0002   -0.37852E-0001    0.57514E+0001   -0.19284E+0000
  344      0.77500E+0001    0.20000E+0000    0.11178E+0002   -0.82928E-0001    0.60055E+0001    0.45476E-0003
  345      0.77500E+0001    0.30000E+0000    0.11083E+0002   -0.27797E-0002    0.65372E+0001    0.50652E-0001
  346      0.77500E+0001    0.40000E+0000    0.10986E+0002   -0.68758E-0001    0.70234E+0001   -0.19204E-0001
  347      0.77500E+0001    0.50000E+0000    0.10888E+0002   -0.48895E-0001    0.91221E+0001    0.22025E-0001
  348      0.77500E+0001    0.60000E+0000    0.10789E+0002    0.69924E-0002    0.74719E+0001    0.50578E-0001
  349      0.77500E+0001    0.70000E+0000    0.10693E+0002   -0.54570E-0001    0.49212E+0001    0.28613E-0001
  350      0.77500E+0001    0.80000E+0000    0.10600E+0002    0.23606E-0001    0.65171E+0001   -0.15897E+0000
  351      0.77500E+0001    0.90000E+0000    0.10504E+0002   -0.43022E-0001    0.80270E+0001    0.16267E+0000
  352      0.77500E+0001    0.10000E+0001    0.10407E+0002   -0.77911E-0001    0.64714E+0001    0.86048E-0001
  353      0.80000E+0001    0.00000E+0000    0.11702E+0002    0.15230E+0000    0.54958E+0001    0.13644E+0000
  354      0.80000E+0001    0.10000E+0000    0.11605E+0002   -0.52644E-0001    0.47434E+0001   -0.21761E-0001
  355      0.80000E+0001    0.20000E+0000    0.11516E+0002    0.40356E-0001    0.55570E+0001    0.11705E-0001
  356      0.80000E+0001    0.30000E+0000    0.11426E+0002    0.34749E-0001    0.63642E+0001   -0.81820E-0001
  357      0.80000E+0001    0.40000E+0000    0.11332E+0002    0.22264E-0001    0.63876E+0001   -0.72088E-0001
  358      0.80000E+0001    0.50000E+0000    0.11237E+0002   -0.62855E-0001    0.81171E+0001    0.98330E-0002
  359      0.80000E+0001    0.60000E+0000    0.11144E+0002   -0.59591E-0001    0.59269E+0001   -0.12539E+0000
  360      0.80000E+0001    0.70000E+0000    0.11055E+0002   -0.46336E-0001    0.58783E+0001   -0.20521E-0001
  361      0.80000E+0001    0.80000E+0000    0.10955E+0002   -0.98864E-0001    0.67745E+0001   -0.73685E-0001
  362      0.80000E+0001    0.90000E+0000    0.10854E+0002   -0.39394E-0002    0.82281E+0001    0.15218E+0000
  363      0.80000E+0001    0.10000E+0001    0.10756E+0002   -0.64618E-0001    0.93438E+0001    0.84034E-0001
  364      0.82500E+0001    0.00000E+0000    0.12052E+0002   -0.36956E-0002    0.50742E+0001    0.14592E-0001
  365      0.82500E+0001    0.10000E+0000    0.11956E+0002    0.36282E-0001    0.41376E+0001    0.25774E-0001
  366      0.82500E+0001    0.20000E+0000    0.11862E+0002    0.73938E-0001    0.57085E+0001   -0.67994E-0001
  367      0.82500E+0001    0.30000E+0000    0.11769E+0002   -0.33714E-0001    0.65226E+0001   -0.31829E+0000
  368      0.82500E+0001    0.40000E+0000    0.11678E+0002    0.99168E-0002    0.71163E+0001    0.61729E-0001
  369      0.82500E+0001    0.50000E+0000    0.11587E+0002   -0.23949E-0001    0.90112E+0001   -0.35470E+0000
  370      0.82500E+0001    0.60000E+0000    0.11497E+0002   -0.99930E-0001    0.69012E+0001   -0.82925E-0001
  371      0.82500E+0001    0.70000E+0000    0.11407E+0002   -0.21187E-0001    0.73269E+0001    0.27238E+0000
  372      0.82500E+0001    0.80000E+0000    0.11311E+0002   -0.48101E-0001    0.65844E+0001    0.13868E+0000
  373      0.82500E+0001    0.90000E+0000    0.11213E+0002   -0.57689E-0001    0.84735E+0001    0.42984E+0000
  374      0.82500E+0001    0.10000E+0001    0.11115E+0002    0.72430E-0001    0.81090E+0001   -0.22334E-0001
  375      0.85000E+0001    0.00000E+0000    0.12397E+0002   -0.80611E-0001    0.43522E+0001    0.29800E+0000
  376      0.85000E+0001    0.10000E+0000    0.12302E+0002    0.41377E-0001    0.43972E+0001    0.34910E-0001
  377      0.85000E+0001    0.20000E+0000    0.12204E+0002    0.30720E-0001    0.44779E+0001    0.24201E+0000
  378      0.85000E+0001    0.30000E+0000    0.12109E+0002   -0.62836E-0001    0.58072E+0001   -0.16977E+0000
  379      0.85000E+0001    0.40000E+0000    0.12021E+0002    0.64236E-0001    0.58303E+0001   -0.12687E+0000
  380      0.85000E+0001    0.50000E+0000    0.11936E+0002   -0.82853E-0001    0.77200E+0001   -0.25429E+0000
  381      0.85000E+0001    0.60000E+0000    0.11853E+0002   -0.55187E-0001    0.64856E+0001   -0.54831E+0000
  382      0.85000E+0001    0.70000E+0000    0.11769E+0002   -0.12011E-0001    0.84277E+0001    0.49585E-0001
  383      0.85000E+0001    0.80000E+0000    0.11672E+0002   -0.88491E-0001    0.64409E+0001   -0.44731E+0000
  384      0.85000E+0001    0.90000E+0000    0.11570E+0002   -0.57088E-0001    0.93630E+0001    0.66440E+0000
  385      0.85000E+0001    0.10000E+0001    0.11475E+0002   -0.41920E-0001    0.79668E+0001    0.24522E+0000
  386      0.87500E+0001    0.00000E+0000    0.12717E+0002    0.26006E-0001    0.38055E+0001    0.16037E+0000
  387      0.87500E+0001    0.10000E+0000    0.12623E+0002   -0.78104E-0001    0.37366E+0001   -0.19283E+0000
  388      0.87500E+0001    0.20000E+0000    0.12534E+0002   -0.19052E-0001    0.49990E+0001    0.17913E-0001
  389      0.87500E+0001    0.30000E+0000    0.12448E+0002   -0.15306E+0000    0.56962E+0001   -0.39959E+0000
  390      0.87500E+0001    0.40000E+0000    0.12367E+0002   -0.88879E-0002    0.68244E+0001   -0.29123E+0000
  391      0.87500E+0001    0.50000E+0000    0.12286E+0002   -0.17969E+0000    0.88500E+0001   -0.21131E+0000
  392      0.87500E+0001    0.60000E+0000    0.12206E+0002   -0.56165E-0001    0.73004E+0001   -0.26442E+0000
  393      0.87500E+0001    0.70000E+0000    0.12125E+0002    0.62403E-0003    0.13154E+0002    0.44736E+0000
  394      0.87500E+0001    0.80000E+0000    0.12040E+0002   -0.73465E-0001    0.80751E+0001    0.33580E+0000
  395      0.87500E+0001    0.90000E+0000    0.11953E+0002    0.15325E+0000    0.11363E+0002    0.95289E+0000
  396      0.87500E+0001    0.10000E+0001    0.11860E+0002    0.51178E-0001    0.78227E+0001    0.59883E+0000
  397      0.90000E+0001    0.00000E+0000    0.13027E+0002    0.16055E+0000    0.29283E+0001    0.37360E+0000
  398      0.90000E+0001    0.10000E+0000    0.12937E+0002   -0.54467E-0001    0.28662E+0001   -0.82170E-0001
  399      0.90000E+0001    0.20000E+0000    0.12854E+0002    0.69005E-0001    0.23341E+0001    0.42994E-0001
  400      0.90000E+0001    0.30000E+0000    0.12778E+0002   -0.12724E+0000    0.43964E+0001   -0.35659E+0000
  401      0.90000E+0001    0.40000E+0000    0.12707E+0002    0.88282E-0002    0.39971E+0001   -0.35025E+0000
  402      0.90000E+0001    0.50000E+0000    0.12633E+0002   -0.17904E+0000    0.80509E+0001   -0.31395E+0000
  403      0.90000E+0001    0.60000E+0000    0.12559E+0002   -0.39103E-0001    0.65629E+0001   -0.66678E+0000
  404      0.90000E+0001    0.70000E+0000    0.12486E+0002   -0.18409E+0000    0.10224E+0002    0.33540E+0000
  405      0.90000E+0001    0.80000E+0000    0.12416E+0002   -0.20064E+0000    0.99117E+0001   -0.57467E+0000
  406      0.90000E+0001    0.90000E+0000    0.12342E+0002    0.98628E-0001    0.10749E+0002    0.12300E+0001
  407      0.90000E+0001    0.10000E+0001    0.12255E+0002   -0.21325E+0000    0.13363E+0002    0.16067E+0000
  408      0.92500E+0001    0.00000E+0000    0.13329E+0002   -0.39901E-0001    0.21485E+0001    0.27339E-0001
  409      0.92500E+0001    0.10000E+0000    0.13246E+0002   -0.22699E-0001    0.18965E+0001   -0.26701E+0000
  410      0.92500E+0001    0.20000E+0000    0.13172E+0002   -0.30260E-0001    0.39159E+0001   -0.28122E+0000
  411      0.92500E+0001    0.30000E+0000    0.13107E+0002   -0.25606E-0001    0.39822E+0001   -0.60562E+0000
  412      0.92500E+0001    0.40000E+0000    0.13047E+0002   -0.10397E+0000    0.61626E+0001   -0.34028E+0000
  413      0.92500E+0001    0.50000E+0000    0.12983E+0002   -0.71547E-0001    0.98489E+0001   -0.80778E+0000
  414      0.92500E+0001    0.60000E+0000    0.12921E+0002   -0.16274E+0000    0.83182E+0001    0.13184E-0001
  415      0.92500E+0001    0.70000E+0000    0.12857E+0002   -0.12487E+0000    0.20583E+0002    0.32233E+0000
  416      0.92500E+0001    0.80000E+0000    0.12789E+0002   -0.22800E+0000    0.66895E+0001    0.43382E+0000
  417      0.92500E+0001    0.90000E+0000    0.12714E+0002    0.61332E+0000    0.22833E+0002    0.32158E+0001
  418      0.92500E+0001    0.10000E+0001    0.12629E+0002   -0.41211E+0000    0.38949E+0001   -0.64214E-0001
  419      0.95000E+0001    0.00000E+0000    0.13601E+0002   -0.16740E-0001    0.32521E+0000    0.28168E+0000
  420      0.95000E+0001    0.10000E+0000    0.13530E+0002   -0.23275E-0002    0.93218E+0000   -0.89442E-0001
  421      0.95000E+0001    0.20000E+0000    0.13468E+0002   -0.50177E-0001    0.29695E+0000    0.70419E-0001
  422      0.95000E+0001    0.30000E+0000    0.13414E+0002    0.14893E-0001    0.24431E+0001   -0.44858E+0000
  423      0.95000E+0001    0.40000E+0000    0.13367E+0002   -0.58959E-0001    0.17096E+0001   -0.29035E+0000
  424      0.95000E+0001    0.50000E+0000    0.13318E+0002   -0.10423E+0000    0.58850E+0001   -0.69621E+0000
  425      0.95000E+0001    0.60000E+0000    0.13274E+0002    0.32553E-0001    0.50383E+0001   -0.98279E+0000
  426      0.95000E+0001    0.70000E+0000    0.13229E+0002   -0.25637E+0000    0.13113E+0002   -0.18279E+0000
  427      0.95000E+0001    0.80000E+0000    0.13177E+0002   -0.66104E+0000    0.21767E+0002   -0.65142E+0001
  428      0.95000E+0001    0.90000E+0000    0.13095E+0002    0.17046E+0001    0.16961E+0002    0.15002E+0002
  429      0.95000E+0001    0.10000E+0001    0.13033E+0002   -0.14147E+0001    0.65811E+0002   -0.78282E+0001
  430      0.97500E+0001    0.00000E+0000    0.13837E+0002   -0.22829E-0002    0.69652E+0000   -0.12916E+0000
  431      0.97500E+0001    0.10000E+0000    0.13779E+0002    0.17736E-0001   -0.71968E-0001    0.52109E-0001
  432      0.97500E+0001    0.20000E+0000    0.13724E+0002   -0.33495E-0001    0.19324E+0001   -0.33874E+0000
  433      0.97500E+0001    0.30000E+0000    0.13677E+0002    0.26233E-0001    0.36415E+0000   -0.18108E+0000
  434      0.97500E+0001    0.40000E+0000    0.13639E+0002   -0.13657E+0000    0.47177E+0001   -0.66712E+0000
  435      0.97500E+0001    0.50000E+0000    0.13607E+0002    0.33209E+0000    0.24496E+0001   -0.80468E+0000
  436      0.97500E+0001    0.60000E+0000    0.13584E+0002   -0.38692E+0000    0.11045E+0002   -0.36566E+0000
  437      0.97500E+0001    0.70000E+0000    0.13572E+0002    0.71472E+0000    0.13322E+0002   -0.19451E+0001
  438      0.97500E+0001    0.80000E+0000    0.13562E+0002    0.23913E+0000   -0.67256E+0002    0.41443E+0001
  439      0.97500E+0001    0.90000E+0000    0.13545E+0002    0.59192E+0000    0.37705E+0003    0.44469E+0001
  440      0.97500E+0001    0.10000E+0001    0.13447E+0002    0.22135E+0001   -0.18983E+0003    0.98567E+0001
  441      0.10000E+0002    0.00000E+0000    0.14053E+0002   -0.11025E+0000   -0.49273E+0000    0.54259E-0002
  442      0.10000E+0002    0.10000E+0000    0.14001E+0002    0.37026E-0001    0.22714E-0001   -0.18070E-0001
  443      0.10000E+0002    0.20000E+0000    0.13949E+0002    0.18824E-0001   -0.54368E+0000    0.32995E-0001
  444      0.10000E+0002    0.30000E+0000    0.13900E+0002   -0.91104E-0002    0.28976E+0000   -0.71134E-0001
  445      0.10000E+0002    0.40000E+0000    0.13860E+0002    0.59437E-0001   -0.76162E+0000    0.46311E-0001
  446      0.10000E+0002    0.50000E+0000    0.13829E+0002    0.62401E-0001    0.12153E+0001   -0.37287E+0000
  447      0.10000E+0002    0.60000E+0000    0.13813E+0002    0.86734E-0001   -0.12813E+0001   -0.41126E+0000
  448      0.10000E+0002    0.70000E+0000    0.13817E+0002    0.31843E+0000    0.40772E+0001   -0.10157E+0001
  449      0.10000E+0002    0.80000E+0000    0.13845E+0002   -0.86038E-0001    0.51554E+0002   -0.44455E+0001
  450      0.10000E+0002    0.90000E+0000    0.13911E+0002    0.94084E+0000   -0.13922E+0003   -0.60262E+0000
  451      0.10000E+0002    0.10000E+0001    0.14040E+0002   -0.32209E+0000    0.12491E+0003   -0.12370E+0002
