           1          101
   7.2003074433239185
   6.217167097921076
   8.283424449308134
   7.397670628782475
   10.250395728058912
   7.24790344837098
   5.210180408771899
   7.458403619337442
   5.591206995238334
   8.601470992260445
   10.968305238979468
   10.277153408558448
   8.079754900492459
   7.783735281739173
   6.466106662097776
   4.251910893595113
   4.745488450569472
   9.202265325869659
   7.888155439982287
   6.524061203044721
   7.500053485674318
   3.5880658191574897
   8.032310331217936
   6.86638934836591
   7.107033675682147
   7.9715219127665
   6.404845495781277
   7.0354338010308535
   6.319486341680621
   6.388665796783613
   5.566491869812504
   6.211891821943555
   7.052602793614224
   7.227566191528974
   7.5987569401257495
   4.161402124595114
   7.365328074902508
   7.6037601232822984
   7.574038360708858
   6.394381841149858
   7.96683289743386
   7.9943521549533845
   8.392601829771706
   8.932993711872243
   6.6778329175376205
   8.701960622547533
   5.81477191139627
   6.758023983685748
   7.137784992037006
   5.372772096164221
   7.634921177154856
   9.06002663690596
   9.472302957923834
   6.940945810187415
   9.205533993590034
   7.134522003811885
   8.719690785342468
   6.746833186427646
   6.076420074474343
   5.95954285982679
   7.129091927157431
   7.138542528230656
   7.219872050826099
   5.382087910004968
   4.862852337460309
   3.0867444919088958
   7.168141262180233
   5.632542992685711
   7.650743827342085
   10.899660103479748
   4.4665900188254355
   10.874830965796672
   8.357707378485735
   6.315071726894032
   5.8370208541655195
   7.431150356620428
   6.348961376033413
   8.762315430691727
   6.2935461431447655
   6.546426078348826
   5.1716520354335085
   8.396435890931555
   10.089726151042921
   8.632263908131732
   6.085063213897541
   6.415122643363775
   4.078906153149801
   5.999262889701982
   7.188554226038366
   6.870830958086081
   4.813628036611879
   5.904353022437414
   6.976741613754211
   5.775023631230077
   7.046245541831883
   9.85984343742729
   7.330081804855236
   6.363425266027842
   8.133275506166315
   5.912343997070145
  0.45
           0           0           0           0           0           0           0           0           0           0           0           0           0