 gaussX,gaussY,sigX,sigY,sigXY
      0.5635E-001      0.2254E-001      0.1247E+002      0.3724E+001      0.3358E+001
      0.2500E+000      0.2254E-001      0.8418E+001      0.3369E+000      0.6512E-001
      0.4436E+000      0.2254E-001      0.5791E+001     -0.4350E+000     -0.1269E-001
      0.5635E-001      0.1000E+000      0.7305E+001      0.1983E+001      0.3237E+001
      0.2500E+000      0.1000E+000      0.6569E+001     -0.5425E-001      0.1170E+001
      0.4436E+000      0.1000E+000      0.6829E+001      0.1179E+000      0.5209E+000
      0.5635E-001      0.1775E+000      0.4780E+001      0.1517E+001      0.3247E+001
      0.2500E+000      0.1775E+000      0.5224E+001      0.3257E+000      0.2123E+001
      0.4436E+000      0.1775E+000      0.6112E+001     -0.3130E-001      0.9652E+000
      0.5635E-001      0.2225E+000      0.3385E+001      0.1049E+001      0.2723E+001
      0.2500E+000      0.2225E+000      0.3879E+001      0.3074E+000      0.1971E+001
      0.4436E+000      0.2225E+000      0.4700E+001      0.8388E-001      0.1232E+001
      0.5635E-001      0.3000E+000      0.2360E+001      0.6635E+000      0.2581E+001
      0.2500E+000      0.3000E+000      0.2916E+001      0.8391E-001      0.2049E+001
      0.4436E+000      0.3000E+000      0.3921E+001      0.7565E-001      0.1393E+001
      0.5635E-001      0.3775E+000      0.1705E+001      0.4454E+000      0.2463E+001
      0.2500E+000      0.3775E+000      0.2196E+001     -0.1317E-001      0.2132E+001
      0.4436E+000      0.3775E+000      0.3256E+001      0.1681E+000      0.1571E+001
      0.5635E-001      0.4225E+000      0.1530E+001     -0.1067E+000      0.3009E+001
      0.2500E+000      0.4225E+000      0.2290E+001     -0.3739E+000      0.2219E+001
      0.4436E+000      0.4225E+000      0.4028E+001      0.2880E+000      0.1429E+001
      0.5635E-001      0.5000E+000      0.7884E+000     -0.4735E+000      0.2719E+001
      0.2500E+000      0.5000E+000      0.1303E+001     -0.7410E+000      0.2176E+001
      0.4436E+000      0.5000E+000      0.3790E+001      0.5096E+000      0.1175E+001
      0.5635E-001      0.5775E+000      0.8522E+000     -0.4772E+000      0.2431E+001
      0.2500E+000      0.5775E+000      0.5045E+000     -0.1005E+001      0.2187E+001
      0.4436E+000      0.5775E+000      0.3497E+001      0.7719E+000      0.9576E+000
      0.5635E-001      0.6225E+000      0.1184E+001     -0.5450E+000      0.2061E+001
      0.2500E+000      0.6225E+000      0.5270E+000     -0.1942E+000      0.1784E+001
      0.4436E+000      0.6225E+000      0.3645E+001      0.1260E+001      0.8028E+000
      0.5635E-001      0.7000E+000      0.2358E+001      0.5629E+000      0.1193E+001
      0.2500E+000      0.7000E+000     -0.5149E+000     -0.2032E+001      0.1882E+001
      0.4436E+000      0.7000E+000      0.3110E+001      0.5169E+000      0.1223E+001
      0.5635E-001      0.7775E+000      0.1576E+001      0.1501E+001      0.6111E+000
      0.2500E+000      0.7775E+000      0.9739E+000      0.1139E+001      0.1303E+001
      0.4436E+000      0.7775E+000      0.1188E+001     -0.7304E+000      0.2012E+001
      0.5635E-001      0.8225E+000     -0.6946E+000     -0.7977E+000      0.1087E+001
      0.2500E+000      0.8225E+000      0.5293E+000      0.3766E+000      0.5638E+000
      0.4436E+000      0.8225E+000      0.3640E+001      0.3512E+001      0.1048E+001
      0.5635E-001      0.9000E+000     -0.2862E+001     -0.9872E+000      0.1061E+001
      0.2500E+000      0.9000E+000     -0.6246E+000      0.1269E+000      0.7567E+000
      0.4436E+000      0.9000E+000      0.7999E-001     -0.3684E+001      0.9036E+000
      0.5635E-001      0.9775E+000     -0.3951E+001     -0.6071E+000      0.1450E+001
      0.2500E+000      0.9775E+000     -0.1069E+001      0.2476E+000      0.3869E+000
      0.4436E+000      0.9775E+000      0.1580E+001     -0.3612E+001      0.1767E+001
      0.5564E+000      0.2254E-001      0.6220E+001      0.7190E-001      0.3792E+000
      0.7500E+000      0.2254E-001      0.5529E+001     -0.4972E-002      0.8521E-001
      0.9436E+000      0.2254E-001      0.4979E+001      0.1840E+000      0.3018E-001
      0.5564E+000      0.1000E+000      0.5708E+001     -0.2186E+000      0.4932E+000
      0.7500E+000      0.1000E+000      0.5340E+001     -0.4782E-001      0.3141E+000
      0.9436E+000      0.1000E+000      0.5033E+001      0.2330E+000      0.2631E+000
      0.5564E+000      0.1775E+000      0.5446E+001     -0.3899E+000      0.6253E+000
      0.7500E+000      0.1775E+000      0.5239E+001     -0.3619E-001      0.5492E+000
      0.9436E+000      0.1775E+000      0.5015E+001      0.2628E+000      0.4829E+000
      0.5564E+000      0.2225E+000      0.3864E+001     -0.1351E+000      0.8217E+000
      0.7500E+000      0.2225E+000      0.3648E+001     -0.1612E+000      0.5786E+000
      0.9436E+000      0.2225E+000      0.3571E+001      0.1128E+000      0.5093E+000
      0.5564E+000      0.3000E+000      0.3511E+001     -0.6691E-002      0.9970E+000
      0.7500E+000      0.3000E+000      0.3421E+001     -0.1083E+000      0.6773E+000
      0.9436E+000      0.3000E+000      0.3465E+001      0.8497E-001      0.4626E+000
      0.5564E+000      0.3775E+000      0.3099E+001      0.1441E+000      0.1146E+001
      0.7500E+000      0.3775E+000      0.3009E+001     -0.1238E+000      0.7561E+000
      0.9436E+000      0.3775E+000      0.3072E+001     -0.6398E-001      0.3997E+000
      0.5564E+000      0.4225E+000      0.4017E+001      0.1787E+000      0.1209E+001
      0.7500E+000      0.4225E+000      0.4032E+001      0.4410E-002      0.7950E+000
      0.9436E+000      0.4225E+000      0.4079E+001     -0.1180E+000      0.4934E+000
      0.5564E+000      0.5000E+000      0.3522E+001      0.2405E+000      0.1028E+001
      0.7500E+000      0.5000E+000      0.3603E+001     -0.5112E-001      0.7797E+000
      0.9436E+000      0.5000E+000      0.3782E+001     -0.1517E+000      0.6186E+000
      0.5564E+000      0.5775E+000      0.3296E+001      0.4708E+000      0.8163E+000
      0.7500E+000      0.5775E+000      0.3385E+001     -0.7088E-002      0.7495E+000
      0.9436E+000      0.5775E+000      0.3674E+001     -0.8740E-001      0.7468E+000
      0.5564E+000      0.6225E+000      0.2221E+001      0.2846E+000      0.7978E+000
      0.7500E+000      0.6225E+000      0.2498E+001      0.9188E-001      0.5839E+000
      0.9436E+000      0.6225E+000      0.2817E+001     -0.5572E-001      0.6423E+000
      0.5564E+000      0.7000E+000      0.2229E+001      0.7176E+000      0.5422E+000
      0.7500E+000      0.7000E+000      0.2162E+001     -0.2626E+000      0.6751E+000
      0.9436E+000      0.7000E+000      0.2659E+001     -0.9762E-001      0.5425E+000
      0.5564E+000      0.7775E+000      0.3232E+001      0.1674E+001      0.6257E-001
      0.7500E+000      0.7775E+000      0.1880E+001     -0.5501E+000      0.7484E+000
      0.9436E+000      0.7775E+000      0.1857E+001     -0.4191E+000      0.5483E+000
      0.5564E+000      0.8225E+000      0.2869E+001     -0.5938E+000      0.2751E+001
      0.7500E+000      0.8225E+000      0.2701E+001     -0.2722E-001      0.8828E+000
      0.9436E+000      0.8225E+000      0.2631E+001      0.3258E+000      0.4086E+000
      0.5564E+000      0.9000E+000      0.2505E+000     -0.3688E+001      0.1012E+001
      0.7500E+000      0.9000E+000      0.1731E+001     -0.4221E+000      0.5820E+000
      0.9436E+000      0.9000E+000      0.2219E+001      0.1869E-001      0.1778E-001
      0.5564E+000      0.9775E+000      0.2268E+001      0.1560E+000      0.5840E+000
      0.7500E+000      0.9775E+000      0.2121E+001      0.1487E+000      0.6144E-001
      0.9436E+000      0.9775E+000      0.2798E+001      0.1605E+000     -0.1581E+000
      0.1056E+001      0.2254E-001      0.5286E+001     -0.2396E+000      0.1162E-001
      0.1250E+001      0.2254E-001      0.4975E+001      0.5262E-001      0.7146E-001
      0.1444E+001      0.2254E-001      0.4400E+001     -0.4448E+000      0.7723E-001
      0.1056E+001      0.1000E+000      0.5013E+001     -0.3985E+000      0.2953E+000
      0.1250E+001      0.1000E+000      0.4690E+001     -0.1394E+000      0.2892E+000
      0.1444E+001      0.1000E+000      0.4078E+001     -0.6154E+000      0.3130E+000
      0.1056E+001      0.1775E+000      0.4737E+001     -0.5446E+000      0.5673E+000
      0.1250E+001      0.1775E+000      0.4515E+001     -0.2636E+000      0.5071E+000
      0.1444E+001      0.1775E+000      0.4016E+001     -0.6281E+000      0.5578E+000
      0.1056E+001      0.2225E+000      0.4264E+001     -0.5623E+000      0.8352E+000
      0.1250E+001      0.2225E+000      0.4150E+001     -0.2293E+000      0.6445E+000
      0.1444E+001      0.2225E+000      0.3750E+001     -0.5440E+000      0.5271E+000
      0.1056E+001      0.3000E+000      0.4024E+001     -0.7371E+000      0.6875E+000
      0.1250E+001      0.3000E+000      0.4046E+001     -0.3441E+000      0.6625E+000
      0.1444E+001      0.3000E+000      0.3853E+001     -0.4378E+000      0.7521E+000
      0.1056E+001      0.3775E+000      0.4095E+001     -0.7494E+000      0.5313E+000
      0.1250E+001      0.3775E+000      0.4306E+001     -0.2941E+000      0.6879E+000
      0.1444E+001      0.3775E+000      0.4416E+001     -0.9080E-001      0.1013E+001
      0.1056E+001      0.4225E+000      0.3331E+001     -0.6616E+000      0.4599E+000
      0.1250E+001      0.4225E+000      0.3451E+001     -0.4857E+000      0.6201E+000
      0.1444E+001      0.4225E+000      0.3676E+001     -0.1019E+000      0.7484E+000
      0.1056E+001      0.5000E+000      0.3583E+001     -0.4538E+000      0.5832E+000
      0.1250E+001      0.5000E+000      0.3633E+001     -0.3860E+000      0.5604E+000
      0.1444E+001      0.5000E+000      0.3807E+001     -0.5443E-001      0.5240E+000
      0.1056E+001      0.5775E+000      0.3527E+001     -0.3755E+000      0.6913E+000
      0.1250E+001      0.5775E+000      0.3532E+001     -0.4097E+000      0.4943E+000
      0.1444E+001      0.5775E+000      0.3705E+001     -0.7004E-001      0.3046E+000
      0.1056E+001      0.6225E+000      0.3109E+001     -0.4957E+000      0.8022E+000
      0.1250E+001      0.6225E+000      0.3339E+001     -0.1940E+000      0.4548E+000
      0.1444E+001      0.6225E+000      0.3501E+001     -0.4451E-001      0.2961E+000
      0.1056E+001      0.7000E+000      0.2834E+001     -0.3213E+000      0.5370E+000
      0.1250E+001      0.7000E+000      0.3129E+001     -0.1966E+000      0.3587E+000
      0.1444E+001      0.7000E+000      0.3448E+001     -0.2974E-001      0.2420E+000
      0.1056E+001      0.7775E+000      0.2954E+001      0.1194E+000      0.2321E+000
      0.1250E+001      0.7775E+000      0.3093E+001     -0.1103E+000      0.2419E+000
      0.1444E+001      0.7775E+000      0.3383E+001     -0.1803E-001      0.1951E+000
      0.1056E+001      0.8225E+000      0.2315E+001     -0.4104E+000      0.9080E-001
      0.1250E+001      0.8225E+000      0.2606E+001     -0.5566E-001      0.1845E+000
      0.1444E+001      0.8225E+000      0.2771E+001      0.1816E-001      0.1499E+000
      0.1056E+001      0.9000E+000      0.2520E+001     -0.1054E+000      0.1634E+000
      0.1250E+001      0.9000E+000      0.2623E+001     -0.4678E-001      0.9863E-001
      0.1444E+001      0.9000E+000      0.2718E+001     -0.1095E-001      0.6986E-001
      0.1056E+001      0.9775E+000      0.2408E+001      0.7028E-001      0.1914E+000
      0.1250E+001      0.9775E+000      0.2559E+001     -0.6846E-001     -0.2266E-002
      0.1444E+001      0.9775E+000      0.2822E+001      0.3430E-001      0.2786E-002
      0.1556E+001      0.2254E-001      0.3467E+001      0.3355E+000      0.7141E-001
      0.1750E+001      0.2254E-001      0.3249E+001     -0.5976E-001      0.4523E-004
      0.1944E+001      0.2254E-001      0.3338E+001      0.1900E+000     -0.2019E-001
      0.1556E+001      0.1000E+000      0.3379E+001      0.3569E+000      0.1420E+000
      0.1750E+001      0.1000E+000      0.3244E+001      0.6336E-001      0.2913E-001
      0.1944E+001      0.1000E+000      0.3308E+001      0.2089E+000     -0.8245E-001
      0.1556E+001      0.1775E+000      0.3200E+001      0.3545E+000      0.2323E+000
      0.1750E+001      0.1775E+000      0.3064E+001      0.1196E+000      0.5442E-001
      0.1944E+001      0.1775E+000      0.3047E+001      0.1349E+000     -0.1678E+000
      0.1556E+001      0.2225E+000      0.3456E+001      0.4028E+000      0.2632E+000
      0.1750E+001      0.2225E+000      0.3228E+001      0.1454E+000      0.9965E-001
      0.1944E+001      0.2225E+000      0.3085E+001      0.5237E-001     -0.2122E+000
      0.1556E+001      0.3000E+000      0.3226E+001      0.3736E+000      0.3938E+000
      0.1750E+001      0.3000E+000      0.2908E+001      0.1184E+000      0.2086E+000
      0.1944E+001      0.3000E+000      0.2638E+001     -0.6370E-001      0.2150E-001
      0.1556E+001      0.3775E+000      0.2867E+001      0.3050E+000      0.5268E+000
      0.1750E+001      0.3775E+000      0.2664E+001      0.1425E+000      0.3175E+000
      0.1944E+001      0.3775E+000      0.2483E+001     -0.5238E-003      0.2387E+000
      0.1556E+001      0.4225E+000      0.4956E+001      0.3123E+000      0.8177E+000
      0.1750E+001      0.4225E+000      0.4856E+001      0.1685E+000      0.3777E+000
      0.1944E+001      0.4225E+000      0.4745E+001     -0.3817E-001      0.2473E+000
      0.1556E+001      0.5000E+000      0.4248E+001      0.4263E-001      0.5518E+000
      0.1750E+001      0.5000E+000      0.4475E+001      0.1107E+000      0.3609E+000
      0.1944E+001      0.5000E+000      0.4641E+001      0.1604E-001      0.2551E+000
      0.1556E+001      0.5775E+000      0.4090E+001      0.5485E-001      0.3074E+000
      0.1750E+001      0.5775E+000      0.4315E+001      0.1547E+000      0.3445E+000
      0.1944E+001      0.5775E+000      0.4446E+001      0.3193E-001      0.2594E+000
      0.1556E+001      0.6225E+000      0.3487E+001     -0.3404E-001      0.2830E+000
      0.1750E+001      0.6225E+000      0.3647E+001      0.1119E+000      0.2749E+000
      0.1944E+001      0.6225E+000      0.3721E+001      0.5863E-001      0.2227E+000
      0.1556E+001      0.7000E+000      0.3470E+001     -0.6329E-002      0.2315E+000
      0.1750E+001      0.7000E+000      0.3575E+001      0.6632E-001      0.2257E+000
      0.1944E+001      0.7000E+000      0.3631E+001      0.3087E-001      0.2219E+000
      0.1556E+001      0.7775E+000      0.3451E+001      0.2328E-001      0.1683E+000
      0.1750E+001      0.7775E+000      0.3564E+001      0.5004E-001      0.1748E+000
      0.1944E+001      0.7775E+000      0.3671E+001      0.6153E-001      0.2294E+000
      0.1556E+001      0.8225E+000      0.2833E+001     -0.1316E-001      0.1230E+000
      0.1750E+001      0.8225E+000      0.2956E+001      0.2464E-001      0.1456E+000
      0.1944E+001      0.8225E+000      0.3078E+001      0.5790E-001      0.1890E+000
      0.1556E+001      0.9000E+000      0.2836E+001      0.5056E-002      0.8007E-001
      0.1750E+001      0.9000E+000      0.2962E+001      0.1192E-001      0.8364E-001
      0.1944E+001      0.9000E+000      0.3107E+001      0.5517E-001      0.9741E-001
      0.1556E+001      0.9775E+000      0.2817E+001      0.1482E-001      0.3035E-001
      0.1750E+001      0.9775E+000      0.2933E+001     -0.1450E-001      0.1959E-001
      0.1944E+001      0.9775E+000      0.3088E+001      0.3575E-001      0.8174E-002
      0.2056E+001      0.2254E-001      0.3803E+001     -0.1911E+000      0.3423E-001
      0.2250E+001      0.2254E-001      0.3906E+001      0.7301E-001     -0.1195E-001
      0.2444E+001      0.2254E-001      0.3874E+001      0.3802E-001     -0.2593E-002
      0.2056E+001      0.1000E+000      0.3800E+001     -0.2673E+000     -0.1259E+000
      0.2250E+001      0.1000E+000      0.3933E+001      0.8178E-002     -0.2577E-001
      0.2444E+001      0.1000E+000      0.3959E+001      0.4102E-001      0.6270E-001
      0.2056E+001      0.1775E+000      0.4122E+001     -0.1731E+000     -0.2955E+000
      0.2250E+001      0.1775E+000      0.4173E+001      0.4051E-001     -0.3780E-001
      0.2444E+001      0.1775E+000      0.4161E+001      0.1006E+000      0.1378E+000
      0.2056E+001      0.2225E+000      0.2107E+001     -0.6142E-001     -0.1982E+000
      0.2250E+001      0.2225E+000      0.2065E+001     -0.8433E-001     -0.4744E-001
      0.2444E+001      0.2225E+000      0.2099E+001      0.5365E-001      0.1152E+000
      0.2056E+001      0.3000E+000      0.2246E+001      0.2921E-001     -0.3460E-001
      0.2250E+001      0.3000E+000      0.2206E+001     -0.1794E-001     -0.3695E-001
      0.2444E+001      0.3000E+000      0.2230E+001      0.7634E-001     -0.3397E-001
      0.2056E+001      0.3775E+000      0.2168E+001      0.5517E-001      0.1212E+000
      0.2250E+001      0.3775E+000      0.2096E+001     -0.6407E-001     -0.3068E-001
      0.2444E+001      0.3775E+000      0.2117E+001      0.2137E-001     -0.1861E+000
      0.2056E+001      0.4225E+000      0.4664E+001      0.1265E+000      0.1480E+000
      0.2250E+001      0.4225E+000      0.4558E+001      0.4229E-001     -0.8237E-002
      0.2444E+001      0.4225E+000      0.4469E+001     -0.1077E-001     -0.2226E+000
      0.2056E+001      0.5000E+000      0.4493E+001      0.1360E+000      0.1534E+000
      0.2250E+001      0.5000E+000      0.4348E+001      0.2531E-001      0.4433E-001
      0.2444E+001      0.5000E+000      0.4196E+001     -0.1045E+000     -0.5477E-001
      0.2056E+001      0.5775E+000      0.4344E+001      0.1571E+000      0.1593E+000
      0.2250E+001      0.5775E+000      0.4258E+001      0.6584E-001      0.9303E-001
      0.2444E+001      0.5775E+000      0.4147E+001     -0.8160E-001      0.1028E+000
      0.2056E+001      0.6225E+000      0.3659E+001      0.1549E+000      0.1735E+000
      0.2250E+001      0.6225E+000      0.3593E+001      0.1991E-001      0.1254E+000
      0.2444E+001      0.6225E+000      0.3549E+001     -0.6794E-001      0.1034E+000
      0.2056E+001      0.7000E+000      0.3543E+001      0.1331E+000      0.1916E+000
      0.2250E+001      0.7000E+000      0.3519E+001      0.2065E-001      0.1303E+000
      0.2444E+001      0.7000E+000      0.3515E+001     -0.5152E-001      0.9696E-001
      0.2056E+001      0.7775E+000      0.3401E+001      0.1006E+000      0.2100E+000
      0.2250E+001      0.7775E+000      0.3421E+001      0.1119E-001      0.1352E+000
      0.2444E+001      0.7775E+000      0.3459E+001     -0.4427E-001      0.8977E-001
      0.2056E+001      0.8225E+000      0.3412E+001      0.6642E-001      0.2033E+000
      0.2250E+001      0.8225E+000      0.3485E+001      0.3118E-001      0.1196E+000
      0.2444E+001      0.8225E+000      0.3545E+001     -0.3522E-001      0.7585E-001
      0.2056E+001      0.9000E+000      0.3265E+001      0.2273E-002      0.1089E+000
      0.2250E+001      0.9000E+000      0.3392E+001      0.1544E-001      0.7047E-001
      0.2444E+001      0.9000E+000      0.3492E+001     -0.3653E-001      0.4637E-001
      0.2056E+001      0.9775E+000      0.3214E+001     -0.1396E-001      0.2007E-001
      0.2250E+001      0.9775E+000      0.3356E+001      0.2627E-001      0.2262E-001
      0.2444E+001      0.9775E+000      0.3457E+001     -0.2915E-001      0.1480E-001
      0.2556E+001      0.2254E-001      0.3889E+001     -0.4657E-001     -0.1704E-001
      0.2750E+001      0.2254E-001      0.3781E+001      0.2313E-001      0.3815E-001
      0.2944E+001      0.2254E-001      0.3567E+001     -0.1540E+000      0.2981E-001
      0.2556E+001      0.1000E+000      0.3871E+001     -0.8056E-001      0.8876E-001
      0.2750E+001      0.1000E+000      0.3743E+001     -0.2982E-001      0.9241E-001
      0.2944E+001      0.1000E+000      0.3524E+001     -0.1857E+000      0.1380E+000
      0.2556E+001      0.1775E+000      0.3741E+001     -0.1613E+000      0.1900E+000
      0.2750E+001      0.1775E+000      0.3745E+001     -0.6261E-001      0.1477E+000
      0.2944E+001      0.1775E+000      0.3681E+001     -0.1181E+000      0.2533E+000
      0.2556E+001      0.2225E+000      0.2870E+001     -0.1578E+000      0.2454E+000
      0.2750E+001      0.2225E+000      0.3009E+001     -0.4405E-001      0.1229E+000
      0.2944E+001      0.2225E+000      0.3093E+001     -0.5641E-001      0.1973E+000
      0.2556E+001      0.3000E+000      0.2735E+001     -0.2977E+000     -0.1464E-001
      0.2750E+001      0.3000E+000      0.3029E+001     -0.8871E-001      0.5159E-001
      0.2944E+001      0.3000E+000      0.3267E+001     -0.1320E-001      0.1171E+000
      0.2556E+001      0.3775E+000      0.3077E+001     -0.1692E+000     -0.2801E+000
      0.2750E+001      0.3775E+000      0.3208E+001     -0.5742E-001     -0.1815E-001
      0.2944E+001      0.3775E+000      0.3306E+001     -0.2796E-001      0.3836E-001
      0.2556E+001      0.4225E+000      0.3666E+001     -0.1250E+000     -0.1984E+000
      0.2750E+001      0.4225E+000      0.3629E+001     -0.1243E+000     -0.4349E-001
      0.2944E+001      0.4225E+000      0.3622E+001     -0.7079E-001      0.1378E-001
      0.2556E+001      0.5000E+000      0.3912E+001     -0.1552E-001     -0.5884E-001
      0.2750E+001      0.5000E+000      0.3784E+001     -0.7644E-001     -0.1106E-001
      0.2944E+001      0.5000E+000      0.3695E+001     -0.6078E-001      0.2226E-001
      0.2556E+001      0.5775E+000      0.3937E+001      0.6014E-002      0.7710E-001
      0.2750E+001      0.5775E+000      0.3834E+001     -0.7484E-001      0.1936E-001
      0.2944E+001      0.5775E+000      0.3785E+001     -0.4282E-001      0.3275E-001
      0.2556E+001      0.6225E+000      0.3501E+001      0.1301E-001      0.7848E-001
      0.2750E+001      0.6225E+000      0.3461E+001     -0.2950E-001      0.4335E-001
      0.2944E+001      0.6225E+000      0.3454E+001     -0.1994E-002      0.4352E-001
      0.2556E+001      0.7000E+000      0.3475E+001      0.2699E-001      0.7106E-001
      0.2750E+001      0.7000E+000      0.3470E+001     -0.3388E-002      0.4277E-001
      0.2944E+001      0.7000E+000      0.3500E+001      0.4149E-001      0.3053E-001
      0.2556E+001      0.7775E+000      0.3461E+001      0.4699E-001      0.6272E-001
      0.2750E+001      0.7775E+000      0.3464E+001      0.1596E-001      0.4198E-001
      0.2944E+001      0.7775E+000      0.3504E+001      0.6606E-001      0.1800E-001
      0.2556E+001      0.8225E+000      0.3489E+001      0.5306E-001      0.4898E-001
      0.2750E+001      0.8225E+000      0.3494E+001      0.2321E-001      0.3249E-001
      0.2944E+001      0.8225E+000      0.3536E+001      0.7671E-001      0.2401E-001
      0.2556E+001      0.9000E+000      0.3462E+001      0.4923E-001      0.2800E-001
      0.2750E+001      0.9000E+000      0.3468E+001      0.8314E-002      0.1893E-001
      0.2944E+001      0.9000E+000      0.3524E+001      0.7666E-001      0.1369E-001
      0.2556E+001      0.9775E+000      0.3434E+001      0.4504E-001      0.3923E-002
      0.2750E+001      0.9775E+000      0.3435E+001     -0.9876E-002      0.5183E-002
      0.2944E+001      0.9775E+000      0.3499E+001      0.7106E-001      0.6088E-002
      0.3056E+001      0.2254E-001      0.3226E+001      0.1502E+000      0.2089E-001
      0.3250E+001      0.2254E-001      0.3047E+001      0.1634E-002      0.3528E-001
      0.3444E+001      0.2254E-001      0.2902E+001     -0.7519E-001     -0.8944E-002
      0.3056E+001      0.1000E+000      0.3255E+001      0.1648E+000      0.1084E+000
      0.3250E+001      0.1000E+000      0.3057E+001      0.8004E-002      0.9429E-001
      0.3444E+001      0.1000E+000      0.2891E+001     -0.8362E-001      0.1128E+000
      0.3056E+001      0.1775E+000      0.3171E+001      0.1353E+000      0.1955E+000
      0.3250E+001      0.1775E+000      0.3086E+001      0.2540E-001      0.1531E+000
      0.3444E+001      0.1775E+000      0.3034E+001     -0.1178E-001      0.2353E+000
      0.3056E+001      0.2225E+000      0.3415E+001      0.7085E-001      0.2225E+000
      0.3250E+001      0.2225E+000      0.3445E+001      0.2006E-001      0.1563E+000
      0.3444E+001      0.2225E+000      0.3510E+001      0.4428E-001      0.1964E+000
      0.3056E+001      0.3000E+000      0.3289E+001     -0.3700E-002      0.1371E+000
      0.3250E+001      0.3000E+000      0.3424E+001      0.2754E-001      0.1111E+000
      0.3444E+001      0.3000E+000      0.3583E+001      0.1110E+000      0.9576E-001
      0.3056E+001      0.3775E+000      0.3283E+001     -0.2079E-001      0.5803E-001
      0.3250E+001      0.3775E+000      0.3383E+001      0.2755E-001      0.6965E-001
      0.3444E+001      0.3775E+000      0.3502E+001      0.1154E+000     -0.2694E-002
      0.3056E+001      0.4225E+000      0.3757E+001     -0.2912E-002      0.4294E-001
      0.3250E+001      0.4225E+000      0.3804E+001      0.1921E-001      0.3500E-001
      0.3444E+001      0.4225E+000      0.3884E+001      0.1149E+000     -0.1402E-001
      0.3056E+001      0.5000E+000      0.3725E+001     -0.2251E-001      0.3611E-001
      0.3250E+001      0.5000E+000      0.3743E+001      0.1113E-001      0.1547E-001
      0.3444E+001      0.5000E+000      0.3782E+001      0.8878E-001     -0.2153E-001
      0.3056E+001      0.5775E+000      0.3648E+001     -0.6230E-001      0.3425E-001
      0.3250E+001      0.5775E+000      0.3674E+001     -0.6273E-003     -0.2148E-002
      0.3444E+001      0.5775E+000      0.3707E+001      0.7466E-001     -0.3062E-001
      0.3056E+001      0.6225E+000      0.3674E+001     -0.8882E-001      0.3136E-001
      0.3250E+001      0.6225E+000      0.3719E+001     -0.1242E-001     -0.1330E-001
      0.3444E+001      0.6225E+000      0.3768E+001      0.6939E-001     -0.3439E-001
      0.3056E+001      0.7000E+000      0.3584E+001     -0.9875E-001      0.1129E-001
      0.3250E+001      0.7000E+000      0.3642E+001     -0.1580E-001     -0.2983E-001
      0.3444E+001      0.7000E+000      0.3695E+001      0.5200E-001     -0.7637E-001
      0.3056E+001      0.7775E+000      0.3522E+001     -0.9563E-001     -0.7252E-002
      0.3250E+001      0.7775E+000      0.3551E+001     -0.2496E-001     -0.4727E-001
      0.3444E+001      0.7775E+000      0.3567E+001      0.1106E-001     -0.1211E+000
      0.3056E+001      0.8225E+000      0.3675E+001     -0.8342E-001      0.4401E-002
      0.3250E+001      0.8225E+000      0.3683E+001     -0.1647E-002     -0.4925E-001
      0.3444E+001      0.8225E+000      0.3649E+001     -0.1510E-001     -0.1385E+000
      0.3056E+001      0.9000E+000      0.3625E+001     -0.8182E-001      0.6746E-003
      0.3250E+001      0.9000E+000      0.3606E+001     -0.2427E-003     -0.3018E-001
      0.3444E+001      0.9000E+000      0.3522E+001     -0.6354E-001     -0.7186E-001
      0.3056E+001      0.9775E+000      0.3611E+001     -0.6389E-001      0.1193E-002
      0.3250E+001      0.9775E+000      0.3600E+001      0.3343E-001     -0.1202E-001
      0.3444E+001      0.9775E+000      0.3504E+001     -0.5982E-001     -0.1184E-001
      0.3556E+001      0.2254E-001      0.2677E+001      0.7850E-001      0.1411E-001
      0.3750E+001      0.2254E-001      0.2621E+001     -0.6374E-001     -0.4004E-002
      0.3944E+001      0.2254E-001      0.2752E+001      0.2003E+000     -0.2701E-001
      0.3556E+001      0.1000E+000      0.2637E+001      0.9865E-001      0.7258E-001
      0.3750E+001      0.1000E+000      0.2612E+001      0.2841E-001     -0.1846E-001
      0.3944E+001      0.1000E+000      0.2703E+001      0.2176E+000     -0.1126E+000
      0.3556E+001      0.1775E+000      0.2449E+001      0.5967E-001      0.1456E+000
      0.3750E+001      0.1775E+000      0.2449E+001      0.5734E-001     -0.3181E-001
      0.3944E+001      0.1775E+000      0.2511E+001      0.1863E+000     -0.2120E+000
      0.3556E+001      0.2225E+000      0.4092E+001      0.5563E-001      0.1772E+000
      0.3750E+001      0.2225E+000      0.4123E+001      0.1389E+000     -0.4108E-001
      0.3944E+001      0.2225E+000      0.4156E+001      0.2160E+000     -0.2763E+000
      0.3556E+001      0.3000E+000      0.3839E+001      0.1768E-002      0.5962E-001
      0.3750E+001      0.3000E+000      0.3867E+001      0.1108E+000     -0.4691E-001
      0.3944E+001      0.3000E+000      0.3858E+001      0.1283E+000     -0.1611E+000
      0.3556E+001      0.3775E+000      0.3757E+001      0.3586E-001     -0.4931E-001
      0.3750E+001      0.3775E+000      0.3791E+001      0.1653E+000     -0.5333E-001
      0.3944E+001      0.3775E+000      0.3755E+001      0.1364E+000     -0.5677E-001
      0.3556E+001      0.4225E+000      0.3870E+001      0.4233E-001     -0.3623E-001
      0.3750E+001      0.4225E+000      0.3876E+001      0.1178E+000     -0.4724E-001
      0.3944E+001      0.4225E+000      0.3855E+001      0.1317E+000     -0.6572E-001
      0.3556E+001      0.5000E+000      0.3843E+001      0.4026E-001     -0.3812E-001
      0.3750E+001      0.5000E+000      0.3843E+001      0.9956E-001     -0.4454E-001
      0.3944E+001      0.5000E+000      0.3822E+001      0.1139E+000     -0.4276E-001
      0.3556E+001      0.5775E+000      0.3821E+001      0.4006E-001     -0.4267E-001
      0.3750E+001      0.5775E+000      0.3837E+001      0.9338E-001     -0.4271E-001
      0.3944E+001      0.5775E+000      0.3840E+001      0.1190E+000     -0.1879E-001
      0.3556E+001      0.6225E+000      0.3782E+001      0.3056E-001     -0.4652E-001
      0.3750E+001      0.6225E+000      0.3824E+001      0.8574E-001     -0.5317E-001
      0.3944E+001      0.6225E+000      0.3856E+001      0.1162E+000     -0.1678E-001
      0.3556E+001      0.7000E+000      0.3775E+001      0.2558E-001     -0.8801E-001
      0.3750E+001      0.7000E+000      0.3832E+001      0.6746E-001     -0.6532E-001
      0.3944E+001      0.7000E+000      0.3892E+001      0.1137E+000     -0.4892E-001
      0.3556E+001      0.7775E+000      0.3848E+001      0.5824E-001     -0.1341E+000
      0.3750E+001      0.7775E+000      0.3849E+001      0.5337E-001     -0.7868E-001
      0.3944E+001      0.7775E+000      0.3865E+001      0.8358E-001     -0.7905E-001
      0.3556E+001      0.8225E+000      0.3310E+001      0.7294E-001     -0.1256E+000
      0.3750E+001      0.8225E+000      0.3260E+001      0.3805E-001     -0.7467E-001
      0.3944E+001      0.8225E+000      0.3232E+001      0.5258E-001     -0.7323E-001
      0.3556E+001      0.9000E+000      0.3364E+001      0.8592E-001     -0.6553E-001
      0.3750E+001      0.9000E+000      0.3264E+001      0.1999E-001     -0.4513E-001
      0.3944E+001      0.9000E+000      0.3196E+001      0.2207E-001     -0.3568E-001
      0.3556E+001      0.9775E+000      0.3338E+001      0.6575E-001     -0.7779E-002
      0.3750E+001      0.9775E+000      0.3244E+001     -0.8705E-002     -0.1589E-001
      0.3944E+001      0.9775E+000      0.3191E+001      0.6178E-002      0.3701E-002
      0.4056E+001      0.2254E-001      0.3244E+001     -0.2094E+000     -0.1237E-001
      0.4250E+001      0.2254E-001      0.3517E+001      0.3541E-001     -0.5113E-001
      0.4444E+001      0.2254E-001      0.3691E+001      0.4918E-001      0.1119E-001
      0.4056E+001      0.1000E+000      0.3177E+001     -0.2666E+000     -0.2017E+000
      0.4250E+001      0.1000E+000      0.3478E+001     -0.3974E-001     -0.1362E+000
      0.4444E+001      0.1000E+000      0.3711E+001      0.2690E-001     -0.1105E+000
      0.4056E+001      0.1775E+000      0.3416E+001     -0.1594E+000     -0.4034E+000
      0.4250E+001      0.1775E+000      0.3527E+001     -0.7019E-001     -0.2223E+000
      0.4444E+001      0.1775E+000      0.3611E+001     -0.4280E-001     -0.2238E+000
      0.4056E+001      0.2225E+000      0.3599E+001     -0.1391E+000     -0.3246E+000
      0.4250E+001      0.2225E+000      0.3562E+001     -0.1021E+000     -0.2307E+000
      0.4444E+001      0.2225E+000      0.3512E+001     -0.9560E-001     -0.2827E+000
      0.4056E+001      0.3000E+000      0.3754E+001     -0.5251E-001     -0.2021E+000
      0.4250E+001      0.3000E+000      0.3579E+001     -0.1088E+000     -0.1753E+000
      0.4444E+001      0.3000E+000      0.3391E+001     -0.1970E+000     -0.1684E+000
      0.4056E+001      0.3775E+000      0.3729E+001     -0.3969E-001     -0.8384E-001
      0.4250E+001      0.3775E+000      0.3597E+001     -0.1134E+000     -0.1242E+000
      0.4444E+001      0.3775E+000      0.3457E+001     -0.2066E+000     -0.5777E-001
      0.4056E+001      0.4225E+000      0.3872E+001     -0.4105E-001     -0.7128E-001
      0.4250E+001      0.4225E+000      0.3789E+001     -0.1202E+000     -0.7427E-001
      0.4444E+001      0.4225E+000      0.3704E+001     -0.2081E+000     -0.4163E-001
      0.4056E+001      0.5000E+000      0.3846E+001     -0.5399E-001     -0.4079E-001
      0.4250E+001      0.5000E+000      0.3807E+001     -0.1110E+000     -0.5386E-001
      0.4444E+001      0.5000E+000      0.3770E+001     -0.1645E+000     -0.4523E-001
      0.4056E+001      0.5775E+000      0.3818E+001     -0.6780E-001     -0.1071E-001
      0.4250E+001      0.5775E+000      0.3802E+001     -0.1123E+000     -0.3241E-001
      0.4444E+001      0.5775E+000      0.3792E+001     -0.1409E+000     -0.4651E-001
      0.4056E+001      0.6225E+000      0.4038E+001     -0.8215E-001     -0.5770E-002
      0.4250E+001      0.6225E+000      0.4051E+001     -0.8147E-001     -0.3654E-001
      0.4444E+001      0.6225E+000      0.4034E+001     -0.1469E+000     -0.5032E-001
      0.4056E+001      0.7000E+000      0.4025E+001     -0.9673E-001     -0.4106E-001
      0.4250E+001      0.7000E+000      0.4055E+001     -0.7488E-001     -0.3717E-001
      0.4444E+001      0.7000E+000      0.4045E+001     -0.1446E+000     -0.3559E-001
      0.4056E+001      0.7775E+000      0.4089E+001     -0.7542E-001     -0.7333E-001
      0.4250E+001      0.7775E+000      0.4109E+001     -0.4620E-001     -0.3741E-001
      0.4444E+001      0.7775E+000      0.4078E+001     -0.1322E+000     -0.2317E-001
      0.4056E+001      0.8225E+000      0.3103E+001     -0.4983E-001     -0.6107E-001
      0.4250E+001      0.8225E+000      0.3087E+001     -0.6094E-001     -0.3441E-001
      0.4444E+001      0.8225E+000      0.3063E+001     -0.9591E-001     -0.3059E-001
      0.4056E+001      0.9000E+000      0.3173E+001     -0.2227E-001     -0.2787E-001
      0.4250E+001      0.9000E+000      0.3142E+001     -0.3030E-001     -0.2070E-001
      0.4444E+001      0.9000E+000      0.3094E+001     -0.8185E-001     -0.1911E-001
      0.4056E+001      0.9775E+000      0.3208E+001     -0.9765E-002      0.7906E-002
      0.4250E+001      0.9775E+000      0.3187E+001     -0.4013E-002     -0.6716E-002
      0.4444E+001      0.9775E+000      0.3140E+001     -0.6063E-001     -0.9422E-002
      0.4556E+001      0.2254E-001      0.3788E+001     -0.5085E-001      0.6157E-002
      0.4750E+001      0.2254E-001      0.3859E+001      0.7504E-001      0.4064E-003
      0.4944E+001      0.2254E-001      0.3822E+001     -0.4510E-001     -0.2409E-001
      0.4556E+001      0.1000E+000      0.3904E+001     -0.3456E-001     -0.8942E-001
      0.4750E+001      0.1000E+000      0.3942E+001      0.4168E-001     -0.7906E-002
      0.4944E+001      0.1000E+000      0.3913E+001     -0.4390E-001      0.7680E-001
      0.4556E+001      0.1775E+000      0.4170E+001      0.5669E-001     -0.1962E+000
      0.4750E+001      0.1775E+000      0.4203E+001      0.8980E-001     -0.1664E-001
      0.4944E+001      0.1775E+000      0.4219E+001      0.6237E-001      0.1890E+000
      0.4556E+001      0.2225E+000      0.2928E+001      0.6477E-001     -0.1740E+000
      0.4750E+001      0.2225E+000      0.2925E+001      0.5999E-002     -0.2246E-001
      0.4944E+001      0.2225E+000      0.2993E+001      0.8962E-001      0.1434E+000
      0.4556E+001      0.3000E+000      0.3114E+001      0.1047E+000     -0.1002E+000
      0.4750E+001      0.3000E+000      0.3124E+001      0.5429E-001     -0.3998E-001
      0.4944E+001      0.3000E+000      0.3207E+001      0.1557E+000      0.1995E-001
      0.4556E+001      0.3775E+000      0.3159E+001      0.8710E-001     -0.2677E-001
      0.4750E+001      0.3775E+000      0.3158E+001      0.2880E-001     -0.5642E-001
      0.4944E+001      0.3775E+000      0.3241E+001      0.1551E+000     -0.1011E+000
      0.4556E+001      0.4225E+000      0.3653E+001      0.9740E-001     -0.4826E-001
      0.4750E+001      0.4225E+000      0.3673E+001      0.7794E-001     -0.7590E-001
      0.4944E+001      0.4225E+000      0.3742E+001      0.1670E+000     -0.9368E-001
      0.4556E+001      0.5000E+000      0.3643E+001      0.1176E+000     -0.5766E-001
      0.4750E+001      0.5000E+000      0.3659E+001      0.1074E+000     -0.8126E-001
      0.4944E+001      0.5000E+000      0.3705E+001      0.1631E+000     -0.1279E+000
      0.4556E+001      0.5775E+000      0.3648E+001      0.1453E+000     -0.6317E-001
      0.4750E+001      0.5775E+000      0.3614E+001      0.1231E+000     -0.8746E-001
      0.4944E+001      0.5775E+000      0.3590E+001      0.1251E+000     -0.1672E+000
      0.4556E+001      0.6225E+000      0.3883E+001      0.1798E+000     -0.4346E-001
      0.4750E+001      0.6225E+000      0.3787E+001      0.1764E+000     -0.5519E-001
      0.4944E+001      0.6225E+000      0.3663E+001      0.1106E+000     -0.1858E+000
      0.4556E+001      0.7000E+000      0.3924E+001      0.1843E+000     -0.2285E-001
      0.4750E+001      0.7000E+000      0.3740E+001      0.1303E+000     -0.1758E-002
      0.4944E+001      0.7000E+000      0.3540E+001      0.3611E-001      0.2677E-001
      0.4556E+001      0.7775E+000      0.3929E+001      0.1727E+000     -0.5344E-002
      0.4750E+001      0.7775E+000      0.3845E+001      0.1539E+000      0.5221E-001
      0.4944E+001      0.7775E+000      0.3766E+001      0.1466E+000      0.2451E+000
      0.4556E+001      0.8225E+000      0.2963E+001      0.1143E+000     -0.8707E-003
      0.4750E+001      0.8225E+000      0.2956E+001      0.8272E-001      0.6891E-001
      0.4944E+001      0.8225E+000      0.3001E+001      0.1678E+000      0.2054E+000
      0.4556E+001      0.9000E+000      0.2989E+001      0.9349E-001     -0.2334E-002
      0.4750E+001      0.9000E+000      0.3022E+001      0.4047E-001      0.4312E-001
      0.4944E+001      0.9000E+000      0.3154E+001      0.2052E+000      0.1085E+000
      0.4556E+001      0.9775E+000      0.2991E+001      0.6239E-001     -0.1511E-001
      0.4750E+001      0.9775E+000      0.2993E+001     -0.4198E-001      0.1769E-001
      0.4944E+001      0.9775E+000      0.3150E+001      0.1827E+000      0.2285E-001
      0.5056E+001      0.2254E-001      0.3731E+001      0.5077E-001     -0.1909E-001
      0.5250E+001      0.2254E-001      0.3612E+001     -0.3444E-001      0.2349E-001
      0.5444E+001      0.2254E-001      0.3532E+001     -0.3607E-001      0.2334E-001
      0.5056E+001      0.1000E+000      0.3689E+001      0.2166E-001      0.8703E-001
      0.5250E+001      0.1000E+000      0.3564E+001     -0.5019E-001      0.5774E-001
      0.5444E+001      0.1000E+000      0.3475E+001     -0.4851E-001      0.5214E-001
      0.5056E+001      0.1775E+000      0.3489E+001     -0.7177E-001      0.1942E+000
      0.5250E+001      0.1775E+000      0.3449E+001     -0.9543E-001      0.9340E-001
      0.5444E+001      0.1775E+000      0.3446E+001     -0.4820E-001      0.8121E-001
      0.5056E+001      0.2225E+000      0.3926E+001     -0.1295E+000      0.2350E+000
      0.5250E+001      0.2225E+000      0.4021E+001     -0.6762E-001      0.7591E-001
      0.5444E+001      0.2225E+000      0.4105E+001     -0.4239E-001      0.7910E-001
      0.5056E+001      0.3000E+000      0.3637E+001     -0.2714E+000      0.4634E-001
      0.5250E+001      0.3000E+000      0.3881E+001     -0.1062E+000      0.1153E-001
      0.5444E+001      0.3000E+000      0.4081E+001     -0.5293E-001     -0.8699E-002
      0.5056E+001      0.3775E+000      0.3657E+001     -0.2548E+000     -0.1329E+000
      0.5250E+001      0.3775E+000      0.3831E+001     -0.1025E+000     -0.5264E-001
      0.5444E+001      0.3775E+000      0.3932E+001     -0.1165E+000     -0.1021E+000
      0.5056E+001      0.4225E+000      0.3884E+001     -0.2648E+000     -0.1196E+000
      0.5250E+001      0.4225E+000      0.3990E+001     -0.9950E-001     -0.9880E-001
      0.5444E+001      0.4225E+000      0.3996E+001     -0.1544E+000     -0.1520E+000
      0.5056E+001      0.5000E+000      0.3973E+001     -0.2424E+000     -0.1628E+000
      0.5250E+001      0.5000E+000      0.3976E+001     -0.1588E+000     -0.8802E-001
      0.5444E+001      0.5000E+000      0.3898E+001     -0.2560E+000     -0.5223E-001
      0.5056E+001      0.5775E+000      0.4150E+001     -0.1782E+000     -0.2140E+000
      0.5250E+001      0.5775E+000      0.4100E+001     -0.1559E+000     -0.7979E-001
      0.5444E+001      0.5775E+000      0.3993E+001     -0.2635E+000      0.5015E-001
      0.5056E+001      0.6225E+000      0.3140E+001     -0.1433E+000     -0.1777E+000
      0.5250E+001      0.6225E+000      0.3021E+001     -0.2846E+000     -0.4365E-001
      0.5444E+001      0.6225E+000      0.2976E+001     -0.2602E+000      0.5745E-001
      0.5056E+001      0.7000E+000      0.3235E+001     -0.1012E+000      0.2214E-001
      0.5250E+001      0.7000E+000      0.3111E+001     -0.2178E+000     -0.6567E-002
      0.5444E+001      0.7000E+000      0.3041E+001     -0.2172E+000     -0.2861E-001
      0.5056E+001      0.7775E+000      0.3060E+001     -0.1505E+000      0.2244E+000
      0.5250E+001      0.7775E+000      0.2974E+001     -0.2526E+000      0.3067E-001
      0.5444E+001      0.7775E+000      0.2937E+001     -0.2437E+000     -0.1175E+000
      0.5056E+001      0.8225E+000      0.3840E+001     -0.1785E+000      0.2999E+000
      0.5250E+001      0.8225E+000      0.3877E+001     -0.8772E-001      0.4202E-001
      0.5444E+001      0.8225E+000      0.3806E+001     -0.2392E+000     -0.1393E+000
      0.5056E+001      0.9000E+000      0.3563E+001     -0.2616E+000      0.1488E+000
      0.5250E+001      0.9000E+000      0.3715E+001     -0.4583E-001      0.2892E-001
      0.5444E+001      0.9000E+000      0.3680E+001     -0.2492E+000     -0.6624E-001
      0.5056E+001      0.9775E+000      0.3591E+001     -0.1902E+000      0.1790E-001
      0.5250E+001      0.9775E+000      0.3770E+001      0.9626E-001      0.1552E-001
      0.5444E+001      0.9775E+000      0.3705E+001     -0.1843E+000     -0.1118E-001
      0.5556E+001      0.2254E-001      0.3424E+001      0.3588E-001      0.1091E-001
      0.5750E+001      0.2254E-001      0.3381E+001     -0.3811E-002      0.3433E-002
      0.5944E+001      0.2254E-001      0.3341E+001     -0.3691E-001      0.1648E-001
      0.5556E+001      0.1000E+000      0.3412E+001      0.4474E-001      0.3380E-001
      0.5750E+001      0.1000E+000      0.3390E+001      0.1366E-001      0.1755E-001
      0.5944E+001      0.1000E+000      0.3365E+001     -0.2475E-001      0.9674E-002
      0.5556E+001      0.1775E+000      0.3397E+001      0.5249E-001      0.5731E-001
      0.5750E+001      0.1775E+000      0.3377E+001      0.2175E-001      0.3078E-001
      0.5944E+001      0.1775E+000      0.3349E+001     -0.3018E-001      0.4710E-003
      0.5556E+001      0.2225E+000      0.4129E+001      0.5245E-001      0.7046E-001
      0.5750E+001      0.2225E+000      0.4128E+001      0.7691E-001      0.3795E-001
      0.5944E+001      0.2225E+000      0.4075E+001     -0.1598E-001     -0.1551E-003
      0.5556E+001      0.3000E+000      0.4156E+001      0.4035E-001     -0.5250E-002
      0.5750E+001      0.3000E+000      0.4146E+001      0.3997E-001      0.4550E-001
      0.5944E+001      0.3000E+000      0.4097E+001     -0.5345E-001      0.1078E+000
      0.5556E+001      0.3775E+000      0.4311E+001      0.8967E-001     -0.8600E-001
      0.5750E+001      0.3775E+000      0.4317E+001      0.7186E-001      0.5161E-001
      0.5944E+001      0.3775E+000      0.4300E+001     -0.1101E-002      0.2189E+000
      0.5556E+001      0.4225E+000      0.3443E+001      0.8497E-001     -0.7660E-001
      0.5750E+001      0.4225E+000      0.3422E+001     -0.8929E-002      0.5344E-001
      0.5944E+001      0.4225E+000      0.3446E+001     -0.7450E-002      0.1916E+000
      0.5556E+001      0.5000E+000      0.3572E+001      0.1035E+000     -0.4582E-002
      0.5750E+001      0.5000E+000      0.3566E+001      0.1688E-001      0.4046E-001
      0.5944E+001      0.5000E+000      0.3607E+001      0.3158E-001      0.9804E-001
      0.5556E+001      0.5775E+000      0.3562E+001      0.6454E-001      0.6694E-001
      0.5750E+001      0.5775E+000      0.3575E+001     -0.1787E-001      0.2799E-001
      0.5944E+001      0.5775E+000      0.3643E+001      0.2015E-001      0.5633E-002
      0.5556E+001      0.6225E+000      0.3156E+001      0.4488E-001      0.5686E-001
      0.5750E+001      0.6225E+000      0.3222E+001      0.4394E-001      0.5199E-002
      0.5944E+001      0.6225E+000      0.3282E+001      0.3102E-001     -0.7421E-002
      0.5556E+001      0.7000E+000      0.3123E+001      0.3322E-001     -0.3727E-001
      0.5750E+001      0.7000E+000      0.3207E+001      0.2784E-001     -0.2043E-001
      0.5944E+001      0.7000E+000      0.3278E+001     -0.8229E-002     -0.6762E-002
      0.5556E+001      0.7775E+000      0.3228E+001      0.8920E-001     -0.1329E+000
      0.5750E+001      0.7775E+000      0.3266E+001      0.4503E-001     -0.4904E-001
      0.5944E+001      0.7775E+000      0.3285E+001     -0.4187E-001     -0.1065E-001
      0.5556E+001      0.8225E+000      0.3263E+001      0.1237E+000     -0.1190E+000
      0.5750E+001      0.8225E+000      0.3233E+001      0.1187E-001     -0.4948E-001
      0.5944E+001      0.8225E+000      0.3215E+001     -0.7388E-001     -0.3113E-001
      0.5556E+001      0.9000E+000      0.3363E+001      0.1588E+000     -0.6167E-001
      0.5750E+001      0.9000E+000      0.3276E+001      0.2477E-002     -0.3110E-001
      0.5944E+001      0.9000E+000      0.3225E+001     -0.7236E-001     -0.1363E-001
      0.5556E+001      0.9775E+000      0.3373E+001      0.1570E+000     -0.1006E-001
      0.5750E+001      0.9775E+000      0.3282E+001     -0.2250E-001     -0.1216E-001
      0.5944E+001      0.9775E+000      0.3254E+001     -0.6188E-001      0.1054E-001
      0.6056E+001      0.2254E-001      0.3315E+001      0.3261E-001      0.1348E-001
      0.6250E+001      0.2254E-001      0.3185E+001      0.8704E-001      0.4895E-001
      0.6444E+001      0.2254E-001      0.2899E+001     -0.2111E+000      0.4240E-002
      0.6056E+001      0.1000E+000      0.3411E+001      0.3564E-001      0.2831E-001
      0.6250E+001      0.1000E+000      0.3217E+001     -0.1329E-001      0.1188E+000
      0.6444E+001      0.1000E+000      0.2924E+001     -0.2896E+000      0.2593E+000
      0.6056E+001      0.1775E+000      0.3540E+001      0.5387E-001      0.2706E-001
      0.6250E+001      0.1775E+000      0.3480E+001     -0.2313E-002      0.1872E+000
      0.6444E+001      0.1775E+000      0.3406E+001     -0.1045E+000      0.5383E+000
      0.6056E+001      0.2225E+000      0.3630E+001      0.2377E-001      0.4409E-001
      0.6250E+001      0.2225E+000      0.3623E+001     -0.1227E+000      0.1879E+000
      0.6444E+001      0.2225E+000      0.3697E+001     -0.1031E+000      0.3901E+000
      0.6056E+001      0.3000E+000      0.3784E+001      0.6512E-001      0.1261E+000
      0.6250E+001      0.3000E+000      0.3827E+001     -0.3957E-001      0.1607E+000
      0.6444E+001      0.3000E+000      0.3933E+001     -0.1463E-001      0.1923E+000
      0.6056E+001      0.3775E+000      0.3804E+001      0.5374E-001      0.2117E+000
      0.6250E+001      0.3775E+000      0.3806E+001     -0.5772E-001      0.1349E+000
      0.6444E+001      0.3775E+000      0.3867E+001     -0.3829E-001     -0.7089E-002
      0.6056E+001      0.4225E+000      0.3830E+001      0.8639E-001      0.2284E+000
      0.6250E+001      0.4225E+000      0.3835E+001      0.8735E-001      0.1357E+000
      0.6444E+001      0.4225E+000      0.3790E+001     -0.2393E-001     -0.1613E-001
      0.6056E+001      0.5000E+000      0.3820E+001      0.5862E-001      0.1286E+000
      0.6250E+001      0.5000E+000      0.3796E+001      0.7644E-001      0.1391E+000
      0.6444E+001      0.5000E+000      0.3716E+001     -0.3410E-001      0.1471E+000
      0.6056E+001      0.5775E+000      0.3944E+001      0.9793E-001      0.3217E-001
      0.6250E+001      0.5775E+000      0.3968E+001      0.1609E+000      0.1460E+000
      0.6444E+001      0.5775E+000      0.3948E+001      0.1120E+000      0.3144E+000
      0.6056E+001      0.6225E+000      0.3035E+001      0.8004E-001      0.3942E-001
      0.6250E+001      0.6225E+000      0.3057E+001      0.1150E+000      0.1462E+000
      0.6444E+001      0.6225E+000      0.3084E+001      0.1491E+000      0.2383E+000
      0.6056E+001      0.7000E+000      0.3203E+001      0.9883E-001      0.3746E-001
      0.6250E+001      0.7000E+000      0.3212E+001      0.1183E+000      0.1234E+000
      0.6444E+001      0.7000E+000      0.3263E+001      0.2222E+000      0.2115E+000
      0.6056E+001      0.7775E+000      0.3323E+001      0.9673E-001      0.2997E-001
      0.6250E+001      0.7775E+000      0.3346E+001      0.1138E+000      0.1034E+000
      0.6444E+001      0.7775E+000      0.3445E+001      0.2974E+000      0.1975E+000
      0.6056E+001      0.8225E+000      0.3057E+001      0.8908E-001      0.5716E-002
      0.6250E+001      0.8225E+000      0.3092E+001      0.1048E+000      0.8164E-001
      0.6444E+001      0.8225E+000      0.3221E+001      0.3268E+000      0.1754E+000
      0.6056E+001      0.9000E+000      0.3123E+001      0.9428E-001     -0.2361E-003
      0.6250E+001      0.9000E+000      0.3141E+001      0.4929E-001      0.4738E-001
      0.6444E+001      0.9000E+000      0.3308E+001      0.3330E+000      0.9484E-001
      0.6056E+001      0.9775E+000      0.3127E+001      0.7140E-001     -0.2010E-001
      0.6250E+001      0.9775E+000      0.3095E+001     -0.4476E-001      0.1221E-001
      0.6444E+001      0.9775E+000      0.3285E+001      0.3013E+000      0.2836E-001
      0.6556E+001      0.2254E-001      0.2325E+001      0.2306E+000      0.3580E-001
      0.6750E+001      0.2254E-001      0.2101E+001     -0.3608E-001      0.2508E-001
      0.6944E+001      0.2254E-001      0.2066E+001      0.8487E-001     -0.1846E-001
      0.6556E+001      0.1000E+000      0.2320E+001      0.2498E+000      0.1510E+000
      0.6750E+001      0.1000E+000      0.2130E+001      0.6426E-001      0.7636E-001
      0.6944E+001      0.1000E+000      0.2049E+001      0.1174E+000      0.1934E-001
      0.6556E+001      0.1775E+000      0.2161E+001      0.2249E+000      0.2806E+000
      0.6750E+001      0.1775E+000      0.2060E+001      0.1290E+000      0.1279E+000
      0.6944E+001      0.1775E+000      0.2007E+001      0.1401E+000      0.4191E-001
      0.6556E+001      0.2225E+000      0.4601E+001      0.2598E+000      0.4104E+000
      0.6750E+001      0.2225E+000      0.4554E+001      0.1731E+000      0.1388E+000
      0.6944E+001      0.2225E+000      0.4597E+001      0.2858E+000      0.5062E-001
      0.6556E+001      0.3000E+000      0.4234E+001      0.9839E-001      0.1924E+000
      0.6750E+001      0.3000E+000      0.4367E+001      0.1338E+000      0.1070E+000
      0.6944E+001      0.3000E+000      0.4561E+001      0.2977E+000      0.5761E-001
      0.6556E+001      0.3775E+000      0.4226E+001      0.1209E+000     -0.1456E-001
      0.6750E+001      0.3775E+000      0.4320E+001      0.1585E+000      0.7580E-001
      0.6944E+001      0.3775E+000      0.4454E+001      0.2774E+000      0.6008E-001
      0.6556E+001      0.4225E+000      0.3384E+001      0.9423E-001     -0.3304E-001
      0.6750E+001      0.4225E+000      0.3367E+001      0.3885E-001      0.3721E-001
      0.6944E+001      0.4225E+000      0.3455E+001      0.2052E+000      0.6226E-001
      0.6556E+001      0.5000E+000      0.3356E+001      0.1034E+000      0.9509E-001
      0.6750E+001      0.5000E+000      0.3291E+001      0.2508E-001      0.3773E-001
      0.6944E+001      0.5000E+000      0.3331E+001      0.1511E+000     -0.3160E-001
      0.6556E+001      0.5775E+000      0.3097E+001      0.2386E-001      0.2205E+000
      0.6750E+001      0.5775E+000      0.3024E+001     -0.7459E-001      0.3697E-001
      0.6944E+001      0.5775E+000      0.3068E+001      0.4532E-001     -0.1264E+000
      0.6556E+001      0.6225E+000      0.3936E+001     -0.1658E-003      0.2715E+000
      0.6750E+001      0.6225E+000      0.3892E+001     -0.4641E-001      0.4804E-001
      0.6944E+001      0.6225E+000      0.3911E+001     -0.1712E-001     -0.1553E+000
      0.6556E+001      0.7000E+000      0.3501E+001     -0.1172E+000      0.2364E+000
      0.6750E+001      0.7000E+000      0.3519E+001     -0.6564E-001      0.5002E-001
      0.6944E+001      0.7000E+000      0.3521E+001     -0.1053E+000     -0.1280E+000
      0.6556E+001      0.7775E+000      0.3134E+001     -0.2010E+000      0.2216E+000
      0.6750E+001      0.7775E+000      0.3204E+001     -0.5367E-001      0.5248E-001
      0.6944E+001      0.7775E+000      0.3168E+001     -0.1746E+000     -0.1190E+000
      0.6556E+001      0.8225E+000      0.4210E+001     -0.2831E+000      0.3014E+000
      0.6750E+001      0.8225E+000      0.4369E+001      0.3719E-001      0.4360E-001
      0.6944E+001      0.8225E+000      0.4276E+001     -0.2257E+000     -0.1967E+000
      0.6556E+001      0.9000E+000      0.3871E+001     -0.3867E+000      0.1456E+000
      0.6750E+001      0.9000E+000      0.4091E+001      0.2851E-001      0.2567E-001
      0.6944E+001      0.9000E+000      0.3969E+001     -0.3150E+000     -0.9059E-001
      0.6556E+001      0.9775E+000      0.3873E+001     -0.3135E+000      0.8467E-002
      0.6750E+001      0.9775E+000      0.4110E+001      0.1558E+000      0.7526E-002
      0.6944E+001      0.9775E+000      0.3957E+001     -0.2569E+000     -0.2545E-002
      0.7056E+001      0.2254E-001      0.2237E+001     -0.8643E-001     -0.5653E-002
      0.7250E+001      0.2254E-001      0.2293E+001     -0.5328E-001     -0.2043E-001
      0.7444E+001      0.2254E-001      0.2424E+001      0.1428E+000      0.1477E-001
      0.7056E+001      0.1000E+000      0.2151E+001     -0.1043E+000     -0.9416E-002
      0.7250E+001      0.1000E+000      0.2242E+001     -0.2969E-001     -0.5579E-001
      0.7444E+001      0.1000E+000      0.2375E+001      0.1277E+000     -0.1201E+000
      0.7056E+001      0.1775E+000      0.2049E+001     -0.1289E+000     -0.4862E-002
      0.7250E+001      0.1775E+000      0.2081E+001     -0.5285E-001     -0.9100E-001
      0.7444E+001      0.1775E+000      0.2129E+001      0.4650E-001     -0.2602E+000
      0.7056E+001      0.2225E+000      0.4940E+001     -0.2346E+000      0.3134E-001
      0.7250E+001      0.2225E+000      0.4912E+001      0.9685E-001     -0.5836E-001
      0.7444E+001      0.2225E+000      0.4701E+001     -0.6613E-003     -0.3924E+000
      0.7056E+001      0.3000E+000      0.4878E+001     -0.2400E+000      0.3924E-001
      0.7250E+001      0.3000E+000      0.4679E+001      0.8179E-003      0.1689E-001
      0.7444E+001      0.3000E+000      0.4259E+001     -0.2601E+000      0.1340E-001
      0.7056E+001      0.3775E+000      0.4802E+001     -0.2501E+000      0.4650E-001
      0.7250E+001      0.3775E+000      0.4815E+001      0.7216E-001      0.8913E-001
      0.7444E+001      0.3775E+000      0.4617E+001     -0.7894E-001      0.4136E+000
      0.7056E+001      0.4225E+000      0.3650E+001     -0.1966E+000      0.9066E-001
      0.7250E+001      0.4225E+000      0.3771E+001     -0.4478E-001      0.1014E+000
      0.7444E+001      0.4225E+000      0.3820E+001     -0.5916E-001      0.2996E+000
      0.7056E+001      0.5000E+000      0.3696E+001     -0.2103E+000     -0.4423E-001
      0.7250E+001      0.5000E+000      0.3946E+001     -0.4276E-001      0.3539E-001
      0.7444E+001      0.5000E+000      0.4161E+001      0.2591E-001      0.1446E+000
      0.7056E+001      0.5775E+000      0.3992E+001     -0.9855E-001     -0.1928E+000
      0.7250E+001      0.5775E+000      0.4135E+001     -0.3151E-001     -0.3296E-001
      0.7444E+001      0.5775E+000      0.4281E+001      0.2290E-001     -0.8284E-002
      0.7056E+001      0.6225E+000      0.3174E+001     -0.2910E-001     -0.1656E+000
      0.7250E+001      0.6225E+000      0.3213E+001     -0.1284E-001     -0.7675E-001
      0.7444E+001      0.6225E+000      0.3260E+001      0.5874E-002     -0.2205E-001
      0.7056E+001      0.7000E+000      0.3396E+001      0.8124E-001     -0.1512E+000
      0.7250E+001      0.7000E+000      0.3364E+001      0.4434E-002     -0.7233E-001
      0.7444E+001      0.7000E+000      0.3370E+001     -0.2277E-002     -0.7974E-002
      0.7056E+001      0.7775E+000      0.3584E+001      0.1770E+000     -0.1488E+000
      0.7250E+001      0.7775E+000      0.3512E+001      0.2091E-001     -0.7251E-001
      0.7444E+001      0.7775E+000      0.3505E+001      0.1481E-002      0.9072E-002
      0.7056E+001      0.8225E+000      0.3422E+001      0.2272E+000     -0.1394E+000
      0.7250E+001      0.8225E+000      0.3320E+001      0.1215E-001     -0.5106E-001
      0.7444E+001      0.8225E+000      0.3307E+001     -0.8358E-002      0.2131E-001
      0.7056E+001      0.9000E+000      0.3530E+001      0.2572E+000     -0.6835E-001
      0.7250E+001      0.9000E+000      0.3403E+001      0.1235E-002     -0.2969E-001
      0.7444E+001      0.9000E+000      0.3399E+001      0.2009E-001      0.1229E-001
      0.7056E+001      0.9775E+000      0.3522E+001      0.2431E+000     -0.6630E-002
      0.7250E+001      0.9775E+000      0.3391E+001     -0.5074E-001     -0.7737E-002
      0.7444E+001      0.9775E+000      0.3428E+001      0.2036E-001      0.1269E-001
      0.7556E+001      0.2254E-001      0.2705E+001     -0.1289E+000      0.2192E-001
      0.7750E+001      0.2254E-001      0.2846E+001      0.1233E+000     -0.1657E-001
      0.7944E+001      0.2254E-001      0.2781E+001     -0.8677E-001     -0.1919E-001
      0.7556E+001      0.1000E+000      0.2825E+001     -0.1511E+000     -0.1676E+000
      0.7750E+001      0.1000E+000      0.2924E+001      0.1893E-001     -0.1125E-001
      0.7944E+001      0.1000E+000      0.2907E+001     -0.8748E-001      0.1061E+000
      0.7556E+001      0.1775E+000      0.3375E+001      0.5600E-001     -0.3872E+000
      0.7750E+001      0.1775E+000      0.3299E+001      0.5248E-001     -0.4209E-002
      0.7944E+001      0.1775E+000      0.3227E+001      0.1714E-001      0.2557E+000
      0.7556E+001      0.2225E+000      0.3210E+001      0.1017E+000     -0.2267E+000
      0.7750E+001      0.2225E+000      0.2993E+001     -0.9863E-001      0.2859E-001
      0.7944E+001      0.2225E+000      0.2922E+001     -0.9222E-002      0.2154E+000
      0.7556E+001      0.3000E+000      0.3522E+001      0.1878E+000      0.3510E-001
      0.7750E+001      0.3000E+000      0.3271E+001     -0.1874E-001      0.9600E-001
      0.7944E+001      0.3000E+000      0.3153E+001      0.5539E-001      0.1608E+000
      0.7556E+001      0.3775E+000      0.3488E+001      0.1732E+000      0.2965E+000
      0.7750E+001      0.3775E+000      0.3277E+001     -0.5722E-001      0.1631E+000
      0.7944E+001      0.3775E+000      0.3220E+001      0.5148E-001      0.1082E+000
      0.7556E+001      0.4225E+000      0.4604E+001      0.1522E+000      0.3601E+000
      0.7750E+001      0.4225E+000      0.4508E+001      0.7758E-001      0.1989E+000
      0.7944E+001      0.4225E+000      0.4458E+001      0.1069E+000      0.1554E+000
      0.7556E+001      0.5000E+000      0.4400E+001      0.1906E-001      0.1980E+000
      0.7750E+001      0.5000E+000      0.4452E+001      0.4781E-001      0.1884E+000
      0.7944E+001      0.5000E+000      0.4514E+001      0.9740E-001      0.2380E+000
      0.7556E+001      0.5775E+000      0.4454E+001      0.1410E-001      0.4500E-001
      0.7750E+001      0.5775E+000      0.4565E+001      0.9385E-001      0.1777E+000
      0.7944E+001      0.5775E+000      0.4656E+001      0.1299E+000      0.3132E+000
      0.7556E+001      0.6225E+000      0.3258E+001     -0.9005E-002      0.3398E-001
      0.7750E+001      0.6225E+000      0.3331E+001      0.1449E-002      0.1327E+000
      0.7944E+001      0.6225E+000      0.3439E+001      0.9116E-001      0.2729E+000
      0.7556E+001      0.7000E+000      0.3325E+001     -0.2465E-001      0.3785E-001
      0.7750E+001      0.7000E+000      0.3428E+001      0.3439E-002      0.8813E-001
      0.7944E+001      0.7000E+000      0.3557E+001      0.8609E-001      0.1374E+000
      0.7556E+001      0.7775E+000      0.3342E+001     -0.6172E-001      0.4328E-001
      0.7750E+001      0.7775E+000      0.3415E+001     -0.4234E-001      0.4306E-001
      0.7944E+001      0.7775E+000      0.3509E+001      0.2011E-001     -0.1158E-002
      0.7556E+001      0.8225E+000      0.3477E+001     -0.6246E-001      0.4263E-001
      0.7750E+001      0.8225E+000      0.3542E+001      0.3355E-002      0.2400E-001
      0.7944E+001      0.8225E+000      0.3563E+001     -0.2849E-001     -0.3329E-001
      0.7556E+001      0.9000E+000      0.3478E+001     -0.4999E-001      0.1675E-001
      0.7750E+001      0.9000E+000      0.3509E+001     -0.1533E-002      0.1128E-001
      0.7944E+001      0.9000E+000      0.3494E+001     -0.5652E-001     -0.1114E-002
      0.7556E+001      0.9775E+000      0.3494E+001     -0.3065E-001     -0.9193E-002
      0.7750E+001      0.9775E+000      0.3536E+001      0.1993E-001     -0.2013E-002
      0.7944E+001      0.9775E+000      0.3530E+001     -0.3602E-001      0.2989E-001
      0.8056E+001      0.2254E-001      0.2612E+001      0.8705E-001     -0.1439E-001
      0.8250E+001      0.2254E-001      0.2492E+001     -0.7518E-001      0.2455E-002
      0.8444E+001      0.2254E-001      0.2499E+001      0.3986E-001      0.3568E-001
      0.8056E+001      0.1000E+000      0.2547E+001      0.7521E-001      0.8435E-001
      0.8250E+001      0.1000E+000      0.2445E+001     -0.5222E-001      0.3969E-001
      0.8444E+001      0.1000E+000      0.2428E+001     -0.7752E-002     -0.1227E-001
      0.8056E+001      0.1775E+000      0.2382E+001      0.3141E-001      0.1908E+000
      0.8250E+001      0.1775E+000      0.2259E+001     -0.8979E-001      0.7374E-001
      0.8444E+001      0.1775E+000      0.2184E+001     -0.1286E+000     -0.7296E-001
      0.8056E+001      0.2225E+000      0.3678E+001      0.5101E-001      0.2866E+000
      0.8250E+001      0.2225E+000      0.3530E+001      0.2771E-001      0.1195E+000
      0.8444E+001      0.2225E+000      0.3293E+001     -0.2263E+000     -0.6946E-001
      0.8056E+001      0.3000E+000      0.3438E+001     -0.7917E-001      0.2112E+000
      0.8250E+001      0.3000E+000      0.3297E+001     -0.7991E-001      0.2130E+000
      0.8444E+001      0.3000E+000      0.3006E+001     -0.4303E+000      0.2267E+000
      0.8056E+001      0.3775E+000      0.3471E+001     -0.8097E-001      0.1433E+000
      0.8250E+001      0.3775E+000      0.3389E+001     -0.3571E-001      0.3044E+000
      0.8444E+001      0.3775E+000      0.3132E+001     -0.3829E+000      0.5134E+000
      0.8056E+001      0.4225E+000      0.4273E+001     -0.1604E+000      0.2040E+000
      0.8250E+001      0.4225E+000      0.4166E+001     -0.1317E+000      0.3659E+000
      0.8444E+001      0.4225E+000      0.3912E+001     -0.4316E+000      0.4824E+000
      0.8056E+001      0.5000E+000      0.4456E+001     -0.1639E+000      0.3003E+000
      0.8250E+001      0.5000E+000      0.4334E+001     -0.1768E+000      0.4046E+000
      0.8444E+001      0.5000E+000      0.4120E+001     -0.4010E+000      0.5605E+000
      0.8056E+001      0.5775E+000      0.4533E+001     -0.2116E+000      0.3866E+000
      0.8250E+001      0.5775E+000      0.4538E+001     -0.2022E+000      0.4453E+000
      0.8444E+001      0.5775E+000      0.4507E+001     -0.2821E+000      0.6564E+000
      0.8056E+001      0.6225E+000      0.3881E+001     -0.2004E+000      0.4157E+000
      0.8250E+001      0.6225E+000      0.3981E+001     -0.1702E+000      0.4308E+000
      0.8444E+001      0.6225E+000      0.4037E+001     -0.2540E+000      0.5566E+000
      0.8056E+001      0.7000E+000      0.3961E+001     -0.2565E+000      0.2276E+000
      0.8250E+001      0.7000E+000      0.4177E+001     -0.1638E+000      0.3328E+000
      0.8444E+001      0.7000E+000      0.4361E+001     -0.1710E+000      0.4884E+000
      0.8056E+001      0.7775E+000      0.4254E+001     -0.1971E+000      0.3608E-001
      0.8250E+001      0.7775E+000      0.4486E+001     -0.1014E+000      0.2355E+000
      0.8444E+001      0.7775E+000      0.4704E+001     -0.7731E-001      0.4221E+000
      0.8056E+001      0.8225E+000      0.3155E+001     -0.1487E+000     -0.6384E-003
      0.8250E+001      0.8225E+000      0.3278E+001     -0.1473E+000      0.1662E+000
      0.8444E+001      0.8225E+000      0.3451E+001     -0.6487E-001      0.3265E+000
      0.8056E+001      0.9000E+000      0.3417E+001     -0.4347E-001      0.1502E-001
      0.8250E+001      0.9000E+000      0.3520E+001     -0.7727E-001      0.9240E-001
      0.8444E+001      0.9000E+000      0.3684E+001      0.7806E-003      0.1724E+000
      0.8056E+001      0.9775E+000      0.3527E+001     -0.5565E-002      0.2558E-001
      0.8250E+001      0.9775E+000      0.3628E+001     -0.6369E-001      0.1654E-001
      0.8444E+001      0.9775E+000      0.3805E+001      0.3230E-001      0.1959E-001
      0.8556E+001      0.2254E-001      0.2520E+001     -0.2574E-001      0.6753E-001
      0.8750E+001      0.2254E-001      0.2277E+001      0.8004E-001      0.4192E-001
      0.8944E+001      0.2254E-001      0.1962E+001     -0.9971E-002      0.6111E-001
      0.8556E+001      0.1000E+000      0.2628E+001     -0.6328E-001      0.2303E-001
      0.8750E+001      0.1000E+000      0.2416E+001      0.1307E-001      0.1423E+000
      0.8944E+001      0.1000E+000      0.2179E+001     -0.1462E-001      0.2882E+000
      0.8556E+001      0.1775E+000      0.2994E+001      0.2195E-001     -0.3484E-001
      0.8750E+001      0.1775E+000      0.2795E+001      0.6305E-001      0.2441E+000
      0.8944E+001      0.1775E+000      0.2635E+001      0.1334E+000      0.5345E+000
      0.8556E+001      0.2225E+000      0.2114E+001      0.4528E-001      0.3356E-001
      0.8750E+001      0.2225E+000      0.1929E+001     -0.4479E-001      0.2670E+000
      0.8944E+001      0.2225E+000      0.1869E+001      0.1048E+000      0.4715E+000
      0.8556E+001      0.3000E+000      0.2420E+001      0.1182E+000      0.1890E+000
      0.8750E+001      0.3000E+000      0.2208E+001     -0.2400E-001      0.3167E+000
      0.8944E+001      0.3000E+000      0.2113E+001      0.7390E-001      0.4529E+000
      0.8556E+001      0.3775E+000      0.2531E+001      0.1355E+000      0.3409E+000
      0.8750E+001      0.3775E+000      0.2330E+001     -0.6530E-001      0.3612E+000
      0.8944E+001      0.3775E+000      0.2254E+001      0.5376E-002      0.4286E+000
      0.8556E+001      0.4225E+000      0.3726E+001      0.2214E+000      0.3640E+000
      0.8750E+001      0.4225E+000      0.3501E+001     -0.5299E-001      0.3968E+000
      0.8944E+001      0.4225E+000      0.3394E+001     -0.6915E-001      0.5223E+000
      0.8556E+001      0.5000E+000      0.3708E+001      0.2056E+000      0.4253E+000
      0.8750E+001      0.5000E+000      0.3573E+001     -0.4922E-001      0.4532E+000
      0.8944E+001      0.5000E+000      0.3512E+001     -0.1428E+000      0.5266E+000
      0.8556E+001      0.5775E+000      0.3690E+001      0.1966E+000      0.4890E+000
      0.8750E+001      0.5775E+000      0.3574E+001     -0.7324E-001      0.5020E+000
      0.8944E+001      0.5775E+000      0.3492E+001     -0.2721E+000      0.5120E+000
      0.8556E+001      0.6225E+000      0.4379E+001      0.1824E+000      0.5484E+000
      0.8750E+001      0.6225E+000      0.4287E+001     -0.2926E-001      0.5459E+000
      0.8944E+001      0.6225E+000      0.4139E+001     -0.3721E+000      0.5532E+000
      0.8556E+001      0.7000E+000      0.4300E+001      0.9160E-001      0.4879E+000
      0.8750E+001      0.7000E+000      0.4284E+001     -0.8591E-001      0.5207E+000
      0.8944E+001      0.7000E+000      0.4235E+001     -0.3385E+000      0.6429E+000
      0.8556E+001      0.7775E+000      0.4241E+001      0.1064E-001      0.4248E+000
      0.8750E+001      0.7775E+000      0.4412E+001     -0.8264E-001      0.4992E+000
      0.8944E+001      0.7775E+000      0.4583E+001     -0.1812E+000      0.7461E+000
      0.8556E+001      0.8225E+000      0.4012E+001     -0.3523E-001      0.4345E+000
      0.8750E+001      0.8225E+000      0.4282E+001     -0.7642E-001      0.4291E+000
      0.8944E+001      0.8225E+000      0.4509E+001     -0.2273E+000      0.5023E+000
      0.8556E+001      0.9000E+000      0.3973E+001     -0.8669E-001      0.2320E+000
      0.8750E+001      0.9000E+000      0.4345E+001     -0.5224E-001      0.2465E+000
      0.8944E+001      0.9000E+000      0.4689E+001     -0.1032E+000      0.3071E+000
      0.8556E+001      0.9775E+000      0.4025E+001     -0.7696E-001      0.3087E-001
      0.8750E+001      0.9775E+000      0.4445E+001      0.2053E-002      0.6859E-001
      0.8944E+001      0.9775E+000      0.4856E+001      0.3072E-001      0.1171E+000
      0.9056E+001      0.2254E-001      0.1655E+001      0.8707E-001      0.4957E-001
      0.9250E+001      0.2254E-001      0.1068E+001     -0.2413E-001      0.6835E-001
      0.9444E+001      0.2254E-001      0.6428E+000      0.7972E-001      0.1205E+000
      0.9056E+001      0.1000E+000      0.1761E+001      0.7278E-001      0.2678E+000
      0.9250E+001      0.1000E+000      0.1236E+001     -0.1178E-001      0.2742E+000
      0.9444E+001      0.1000E+000      0.8523E+000      0.1082E+000      0.2898E+000
      0.9056E+001      0.1775E+000      0.1892E+001      0.1163E+000      0.4878E+000
      0.9250E+001      0.1775E+000      0.1377E+001      0.2789E-001      0.4821E+000
      0.9444E+001      0.1775E+000      0.9851E+000      0.1228E+000      0.4579E+000
      0.9056E+001      0.2225E+000      0.2321E+001      0.1369E+000      0.7016E+000
      0.9250E+001      0.2225E+000      0.1765E+001      0.7069E-001      0.5943E+000
      0.9444E+001      0.2225E+000      0.1322E+001      0.1620E+000      0.6346E+000
      0.9056E+001      0.3000E+000      0.2269E+001     -0.6090E-001      0.6958E+000
      0.9250E+001      0.3000E+000      0.1906E+001      0.4690E-001      0.7475E+000
      0.9444E+001      0.3000E+000      0.1603E+001      0.2195E+000      0.8201E+000
      0.9056E+001      0.3775E+000      0.2546E+001     -0.1028E+000      0.7041E+000
      0.9250E+001      0.3775E+000      0.2188E+001      0.1052E+000      0.9112E+000
      0.9444E+001      0.3775E+000      0.1853E+001      0.2875E+000      0.1004E+001
      0.9056E+001      0.4225E+000      0.3281E+001     -0.1883E+000      0.7205E+000
      0.9250E+001      0.4225E+000      0.2802E+001      0.6712E-001      0.9924E+000
      0.9444E+001      0.4225E+000      0.2387E+001      0.3629E+000      0.1229E+001
      0.9056E+001      0.5000E+000      0.3715E+001     -0.2440E+000      0.7146E+000
      0.9250E+001      0.5000E+000      0.3257E+001     -0.8256E-001      0.1027E+001
      0.9444E+001      0.5000E+000      0.2976E+001      0.3714E+000      0.1441E+001
      0.9056E+001      0.5775E+000      0.4101E+001     -0.3026E+000      0.6845E+000
      0.9250E+001      0.5775E+000      0.3891E+001     -0.1196E+000      0.1056E+001
      0.9444E+001      0.5775E+000      0.3957E+001      0.6032E+000      0.1696E+001
      0.9056E+001      0.6225E+000      0.3615E+001     -0.3021E+000      0.5795E+000
      0.9250E+001      0.6225E+000      0.3524E+001     -0.2326E+000      0.9905E+000
      0.9444E+001      0.6225E+000      0.3748E+001      0.5000E+000      0.1496E+001
      0.9056E+001      0.7000E+000      0.4003E+001     -0.1700E+000      0.6131E+000
      0.9250E+001      0.7000E+000      0.4017E+001     -0.2644E+000      0.8493E+000
      0.9444E+001      0.7000E+000      0.4279E+001      0.1872E+000      0.1284E+001
      0.9056E+001      0.7775E+000      0.4003E+001     -0.2069E+000      0.6230E+000
      0.9250E+001      0.7775E+000      0.4260E+001     -0.3725E+000      0.6744E+000
      0.9444E+001      0.7775E+000      0.4752E+001     -0.4213E-001      0.1010E+001
      0.9056E+001      0.8225E+000      0.5012E+001     -0.6768E-001      0.6276E+000
      0.9250E+001      0.8225E+000      0.5339E+001     -0.1152E+000      0.7343E+000
      0.9444E+001      0.8225E+000      0.5398E+001     -0.7759E+000      0.4021E+000
      0.9056E+001      0.9000E+000      0.5183E+001     -0.3021E-001      0.3426E+000
      0.9250E+001      0.9000E+000      0.5353E+001     -0.1771E+000      0.3999E+000
      0.9444E+001      0.9000E+000      0.5471E+001     -0.4594E+000      0.6994E+000
      0.9056E+001      0.9775E+000      0.4946E+001     -0.1353E+000      0.2502E-001
      0.9250E+001      0.9775E+000      0.5887E+001      0.3155E-001      0.8545E-001
      0.9444E+001      0.9775E+000      0.7091E+001      0.6642E+000      0.1079E+001
      0.9556E+001      0.2254E-001      0.1251E+000     -0.6142E-001      0.6095E-001
      0.9750E+001      0.2254E-001     -0.8712E-001      0.1341E-002      0.2234E-001
      0.9944E+001      0.2254E-001     -0.2482E+000     -0.3710E-001     -0.8886E-001
      0.9556E+001      0.1000E+000      0.5049E+000      0.1262E-001      0.2675E+000
      0.9750E+001      0.1000E+000      0.2208E+000      0.1194E+000      0.1338E+000
      0.9944E+001      0.1000E+000     -0.6288E-001     -0.3768E-001     -0.8244E-001
      0.9556E+001      0.1775E+000      0.8179E+000      0.8062E-001      0.4973E+000
      0.9750E+001      0.1775E+000      0.4301E+000      0.2011E+000      0.2473E+000
      0.9944E+001      0.1775E+000      0.1437E-001     -0.8580E-001     -0.9354E-001
      0.9556E+001      0.2225E+000      0.7741E+000      0.1387E+000      0.5396E+000
      0.9750E+001      0.2225E+000      0.4450E+000      0.3299E+000      0.3368E+000
      0.9944E+001      0.2225E+000     -0.6676E-002     -0.7203E-001     -0.2116E-001
      0.9556E+001      0.3000E+000      0.1110E+001      0.2330E+000      0.7849E+000
      0.9750E+001      0.3000E+000      0.5878E+000      0.4668E+000      0.5222E+000
      0.9944E+001      0.3000E+000      0.3908E-002      0.6762E-001      0.9821E-001
      0.9556E+001      0.3775E+000      0.1511E+001      0.3822E+000      0.1055E+001
      0.9750E+001      0.3775E+000      0.7811E+000      0.6561E+000      0.7239E+000
      0.9944E+001      0.3775E+000      0.8606E-001      0.2799E+000      0.2195E+000
      0.9556E+001      0.4225E+000      0.1627E+001      0.4875E+000      0.1103E+001
      0.9750E+001      0.4225E+000      0.8458E+000      0.7867E+000      0.8613E+000
      0.9944E+001      0.4225E+000      0.1413E+000      0.4688E+000      0.3095E+000
      0.9556E+001      0.5000E+000      0.2248E+001      0.6332E+000      0.1414E+001
      0.9750E+001      0.5000E+000      0.1082E+001      0.9364E+000      0.1135E+001
      0.9944E+001      0.5000E+000      0.2581E+000      0.9193E+000      0.5268E+000
      0.9556E+001      0.5775E+000      0.2955E+001      0.8712E+000      0.1742E+001
      0.9750E+001      0.5775E+000      0.1431E+001      0.1191E+001      0.1450E+001
      0.9944E+001      0.5775E+000      0.5060E+000      0.1516E+001      0.8056E+000
      0.9556E+001      0.6225E+000      0.4172E+001      0.1043E+001      0.2270E+001
      0.9750E+001      0.6225E+000      0.1984E+001      0.1420E+001      0.1882E+001
      0.9944E+001      0.6225E+000      0.7128E+000      0.2002E+001      0.1099E+001
      0.9556E+001      0.7000E+000      0.4988E+001      0.5595E+000      0.2186E+001
      0.9750E+001      0.7000E+000      0.2600E+001      0.1434E+001      0.2282E+001
      0.9944E+001      0.7000E+000      0.1489E+001      0.3104E+001      0.1746E+001
      0.9556E+001      0.7775E+000      0.6716E+001      0.6174E+000      0.2100E+001
      0.9750E+001      0.7775E+000      0.3898E+001      0.1821E+001      0.2796E+001
      0.9944E+001      0.7775E+000      0.2813E+001      0.4648E+001      0.2600E+001
      0.9556E+001      0.8225E+000      0.6706E+001      0.5577E+000      0.1272E+001
      0.9750E+001      0.8225E+000      0.4415E+001      0.3019E+001      0.3066E+001
      0.9944E+001      0.8225E+000      0.3384E+001      0.6074E+001      0.2752E+001
      0.9556E+001      0.9000E+000      0.8752E+001      0.1183E+001      0.6154E+000
      0.9750E+001      0.9000E+000      0.5349E+001      0.5295E-001      0.1458E+001
      0.9944E+001      0.9000E+000      0.6336E+001      0.7587E+001      0.4280E+001
      0.9556E+001      0.9775E+000      0.5165E+001     -0.5126E+000     -0.1961E+000
      0.9750E+001      0.9775E+000      0.9273E+001      0.1424E+001     -0.9155E+000
      0.9944E+001      0.9775E+000      0.1861E+002      0.1353E+002      0.7671E+001
