mflg 0 1.0 1.0 1  1.0 0.0 ipress 0 igrav 0 icont  1
..........................enter the pressure data......................
.......................enter the gravity data.................
.......................enter the contact data................. 
51,60,1,3
0,0,0,0
5,50,5,3
0,0,0,0
.......................enter the prescribed displacement.................
232   234   1   0.0d0    -7.0000e+01   0.0d0 
295   296   1   0.0d0    -7.0000e+01   0.0d0 
292   294   1   0.0d0    -7.0000e+01   0.0d0 
335   336   1   0.0d0    -7.0000e+01   0.0d0 
    0        0      0 0
    0        0      0 0
srfnd_dispy


