mflg 0 1.0 1.0 1  1.0 0.0 ipress 0 igrav 0 icont  1
..........................enter the pressure data......................
.......................enter the gravity data.................
.......................enter the contact data................. 
5,100,5,3
0,0,0,0
101,110,1,3
0,0,0,0
.......................enter the prescribed displacement.................
452   454   1   0.0d0    -7.0000e+01   0.0d0 
515   516   1   0.0d0    -7.0000e+01   0.0d0 
512   514   1   0.0d0    -7.0000e+01   0.0d0 
555   556   1   0.0d0    -7.0000e+01   0.0d0 
    0        0      0 0
    0        0      0 0
