mflg 0 1.0 1.0 1  1.0 0.0 ipress 0 igrav 0 icont  1
..........................enter the pressure data......................
.......................enter the gravity data.................
.......................enter the contact data................. 
5,100,5,3
0,0,0,0
101,120,1,3
0,0,0,0
.......................enter the prescribed displacement.................
452   454   1   0.0d0    -7.0000e+01   0.0d0 
575   576   1   0.0d0    -7.0000e+01   0.0d0 
572   574   1   0.0d0    -7.0000e+01   0.0d0 
655   656   1   0.0d0    -7.0000e+01   0.0d0 
    0        0      0 0
    0        0      0 0
