mflg 0 1.0 1.0 1  1.0 0.0 ipress 0 igrav 0 icont  1
..........................enter the pressure data......................
.......................enter the gravity data.................
.......................enter the contact data................. 
5,75,5,3
0,0,0,0
76,90,1,3
0,0,0,0
.......................enter the prescribed displacement.................
342   344   1   0.0d0    -7.0000e+01   0.0d0 
435   436   1   0.0d0    -7.0000e+01   0.0d0 
432   434   1   0.0d0    -7.0000e+01   0.0d0 
495   496   1   0.0d0    -7.0000e+01   0.0d0 
    0        0      0 0
    0        0      0 0
