Analysis for,q9 combined geometry  336   nodes   70    elements

1.00000E-06
  336    2
    1  -1.250000000000000E+02   0.000000000000000E+00
    2  -1.250000000000000E+02   5.000000000000000E+00
    3  -1.250000000000000E+02   1.000000000000000E+01
    4  -1.250000000000000E+02   1.500000000000000E+01
    5  -1.250000000000000E+02   2.000000000000000E+01
    6  -1.250000000000000E+02   2.500000000000000E+01
    7  -1.250000000000000E+02   3.000000000000000E+01
    8  -1.250000000000000E+02   3.500000000000000E+01
    9  -1.250000000000000E+02   4.000000000000000E+01
   10  -1.250000000000000E+02   4.500000000000000E+01
   11  -1.250000000000000E+02   5.000000000000000E+01
   12  -1.125000000000000E+02   0.000000000000000E+00
   13  -1.125000000000000E+02   5.000000000000000E+00
   14  -1.125000000000000E+02   1.000000000000000E+01
   15  -1.125000000000000E+02   1.500000000000000E+01
   16  -1.125000000000000E+02   2.000000000000000E+01
   17  -1.125000000000000E+02   2.500000000000000E+01
   18  -1.125000000000000E+02   3.000000000000000E+01
   19  -1.125000000000000E+02   3.500000000000000E+01
   20  -1.125000000000000E+02   4.000000000000000E+01
   21  -1.125000000000000E+02   4.500000000000000E+01
   22  -1.125000000000000E+02   5.000000000000000E+01
   23  -1.000000000000000E+02   0.000000000000000E+00
   24  -1.000000000000000E+02   5.000000000000000E+00
   25  -1.000000000000000E+02   1.000000000000000E+01
   26  -1.000000000000000E+02   1.500000000000000E+01
   27  -1.000000000000000E+02   2.000000000000000E+01
   28  -1.000000000000000E+02   2.500000000000000E+01
   29  -1.000000000000000E+02   3.000000000000000E+01
   30  -1.000000000000000E+02   3.500000000000000E+01
   31  -1.000000000000000E+02   4.000000000000000E+01
   32  -1.000000000000000E+02   4.500000000000000E+01
   33  -1.000000000000000E+02   5.000000000000000E+01
   34  -8.750000000000000E+01   0.000000000000000E+00
   35  -8.750000000000000E+01   5.000000000000000E+00
   36  -8.750000000000000E+01   1.000000000000000E+01
   37  -8.750000000000000E+01   1.500000000000000E+01
   38  -8.750000000000000E+01   2.000000000000000E+01
   39  -8.750000000000000E+01   2.500000000000000E+01
   40  -8.750000000000000E+01   3.000000000000000E+01
   41  -8.750000000000000E+01   3.500000000000000E+01
   42  -8.750000000000000E+01   4.000000000000000E+01
   43  -8.750000000000000E+01   4.500000000000000E+01
   44  -8.750000000000000E+01   5.000000000000000E+01
   45  -7.500000000000000E+01   0.000000000000000E+00
   46  -7.500000000000000E+01   5.000000000000000E+00
   47  -7.500000000000000E+01   1.000000000000000E+01
   48  -7.500000000000000E+01   1.500000000000000E+01
   49  -7.500000000000000E+01   2.000000000000000E+01
   50  -7.500000000000000E+01   2.500000000000000E+01
   51  -7.500000000000000E+01   3.000000000000000E+01
   52  -7.500000000000000E+01   3.500000000000000E+01
   53  -7.500000000000000E+01   4.000000000000000E+01
   54  -7.500000000000000E+01   4.500000000000000E+01
   55  -7.500000000000000E+01   5.000000000000000E+01
   56  -6.250000000000000E+01   0.000000000000000E+00
   57  -6.250000000000000E+01   5.000000000000000E+00
   58  -6.250000000000000E+01   1.000000000000000E+01
   59  -6.250000000000000E+01   1.500000000000000E+01
   60  -6.250000000000000E+01   2.000000000000000E+01
   61  -6.250000000000000E+01   2.500000000000000E+01
   62  -6.250000000000000E+01   3.000000000000000E+01
   63  -6.250000000000000E+01   3.500000000000000E+01
   64  -6.250000000000000E+01   4.000000000000000E+01
   65  -6.250000000000000E+01   4.500000000000000E+01
   66  -6.250000000000000E+01   5.000000000000000E+01
   67  -5.000000000000000E+01   0.000000000000000E+00
   68  -5.000000000000000E+01   5.000000000000000E+00
   69  -5.000000000000000E+01   1.000000000000000E+01
   70  -5.000000000000000E+01   1.500000000000000E+01
   71  -5.000000000000000E+01   2.000000000000000E+01
   72  -5.000000000000000E+01   2.500000000000000E+01
   73  -5.000000000000000E+01   3.000000000000000E+01
   74  -5.000000000000000E+01   3.500000000000000E+01
   75  -5.000000000000000E+01   4.000000000000000E+01
   76  -5.000000000000000E+01   4.500000000000000E+01
   77  -5.000000000000000E+01   5.000000000000000E+01
   78  -3.750000000000000E+01   0.000000000000000E+00
   79  -3.750000000000000E+01   5.000000000000000E+00
   80  -3.750000000000000E+01   1.000000000000000E+01
   81  -3.750000000000000E+01   1.500000000000000E+01
   82  -3.750000000000000E+01   2.000000000000000E+01
   83  -3.750000000000000E+01   2.500000000000000E+01
   84  -3.750000000000000E+01   3.000000000000000E+01
   85  -3.750000000000000E+01   3.500000000000000E+01
   86  -3.750000000000000E+01   4.000000000000000E+01
   87  -3.750000000000000E+01   4.500000000000000E+01
   88  -3.750000000000000E+01   5.000000000000000E+01
   89  -2.500000000000000E+01   0.000000000000000E+00
   90  -2.500000000000000E+01   5.000000000000000E+00
   91  -2.500000000000000E+01   1.000000000000000E+01
   92  -2.500000000000000E+01   1.500000000000000E+01
   93  -2.500000000000000E+01   2.000000000000000E+01
   94  -2.500000000000000E+01   2.500000000000000E+01
   95  -2.500000000000000E+01   3.000000000000000E+01
   96  -2.500000000000000E+01   3.500000000000000E+01
   97  -2.500000000000000E+01   4.000000000000000E+01
   98  -2.500000000000000E+01   4.500000000000000E+01
   99  -2.500000000000000E+01   5.000000000000000E+01
  100  -1.250000000000000E+01   0.000000000000000E+00
  101  -1.250000000000000E+01   5.000000000000000E+00
  102  -1.250000000000000E+01   1.000000000000000E+01
  103  -1.250000000000000E+01   1.500000000000000E+01
  104  -1.250000000000000E+01   2.000000000000000E+01
  105  -1.250000000000000E+01   2.500000000000000E+01
  106  -1.250000000000000E+01   3.000000000000000E+01
  107  -1.250000000000000E+01   3.500000000000000E+01
  108  -1.250000000000000E+01   4.000000000000000E+01
  109  -1.250000000000000E+01   4.500000000000000E+01
  110  -1.250000000000000E+01   5.000000000000000E+01
  111   0.000000000000000E+00   0.000000000000000E+00
  112   0.000000000000000E+00   5.000000000000000E+00
  113   0.000000000000000E+00   1.000000000000000E+01
  114   0.000000000000000E+00   1.500000000000000E+01
  115   0.000000000000000E+00   2.000000000000000E+01
  116   0.000000000000000E+00   2.500000000000000E+01
  117   0.000000000000000E+00   3.000000000000000E+01
  118   0.000000000000000E+00   3.500000000000000E+01
  119   0.000000000000000E+00   4.000000000000000E+01
  120   0.000000000000000E+00   4.500000000000000E+01
  121   0.000000000000000E+00   5.000000000000000E+01
  122   1.250000000000000E+01   0.000000000000000E+00
  123   1.250000000000000E+01   5.000000000000000E+00
  124   1.250000000000000E+01   1.000000000000000E+01
  125   1.250000000000000E+01   1.500000000000000E+01
  126   1.250000000000000E+01   2.000000000000000E+01
  127   1.250000000000000E+01   2.500000000000000E+01
  128   1.250000000000000E+01   3.000000000000000E+01
  129   1.250000000000000E+01   3.500000000000000E+01
  130   1.250000000000000E+01   4.000000000000000E+01
  131   1.250000000000000E+01   4.500000000000000E+01
  132   1.250000000000000E+01   5.000000000000000E+01
  133   2.500000000000000E+01   0.000000000000000E+00
  134   2.500000000000000E+01   5.000000000000000E+00
  135   2.500000000000000E+01   1.000000000000000E+01
  136   2.500000000000000E+01   1.500000000000000E+01
  137   2.500000000000000E+01   2.000000000000000E+01
  138   2.500000000000000E+01   2.500000000000000E+01
  139   2.500000000000000E+01   3.000000000000000E+01
  140   2.500000000000000E+01   3.500000000000000E+01
  141   2.500000000000000E+01   4.000000000000000E+01
  142   2.500000000000000E+01   4.500000000000000E+01
  143   2.500000000000000E+01   5.000000000000000E+01
  144   3.750000000000000E+01   0.000000000000000E+00
  145   3.750000000000000E+01   5.000000000000000E+00
  146   3.750000000000000E+01   1.000000000000000E+01
  147   3.750000000000000E+01   1.500000000000000E+01
  148   3.750000000000000E+01   2.000000000000000E+01
  149   3.750000000000000E+01   2.500000000000000E+01
  150   3.750000000000000E+01   3.000000000000000E+01
  151   3.750000000000000E+01   3.500000000000000E+01
  152   3.750000000000000E+01   4.000000000000000E+01
  153   3.750000000000000E+01   4.500000000000000E+01
  154   3.750000000000000E+01   5.000000000000000E+01
  155   5.000000000000000E+01   0.000000000000000E+00
  156   5.000000000000000E+01   5.000000000000000E+00
  157   5.000000000000000E+01   1.000000000000000E+01
  158   5.000000000000000E+01   1.500000000000000E+01
  159   5.000000000000000E+01   2.000000000000000E+01
  160   5.000000000000000E+01   2.500000000000000E+01
  161   5.000000000000000E+01   3.000000000000000E+01
  162   5.000000000000000E+01   3.500000000000000E+01
  163   5.000000000000000E+01   4.000000000000000E+01
  164   5.000000000000000E+01   4.500000000000000E+01
  165   5.000000000000000E+01   5.000000000000000E+01
  166   6.250000000000000E+01   0.000000000000000E+00
  167   6.250000000000000E+01   5.000000000000000E+00
  168   6.250000000000000E+01   1.000000000000000E+01
  169   6.250000000000000E+01   1.500000000000000E+01
  170   6.250000000000000E+01   2.000000000000000E+01
  171   6.250000000000000E+01   2.500000000000000E+01
  172   6.250000000000000E+01   3.000000000000000E+01
  173   6.250000000000000E+01   3.500000000000000E+01
  174   6.250000000000000E+01   4.000000000000000E+01
  175   6.250000000000000E+01   4.500000000000000E+01
  176   6.250000000000000E+01   5.000000000000000E+01
  177   7.500000000000000E+01   0.000000000000000E+00
  178   7.500000000000000E+01   5.000000000000000E+00
  179   7.500000000000000E+01   1.000000000000000E+01
  180   7.500000000000000E+01   1.500000000000000E+01
  181   7.500000000000000E+01   2.000000000000000E+01
  182   7.500000000000000E+01   2.500000000000000E+01
  183   7.500000000000000E+01   3.000000000000000E+01
  184   7.500000000000000E+01   3.500000000000000E+01
  185   7.500000000000000E+01   4.000000000000000E+01
  186   7.500000000000000E+01   4.500000000000000E+01
  187   7.500000000000000E+01   5.000000000000000E+01
  188   8.750000000000000E+01   0.000000000000000E+00
  189   8.750000000000000E+01   5.000000000000000E+00
  190   8.750000000000000E+01   1.000000000000000E+01
  191   8.750000000000000E+01   1.500000000000000E+01
  192   8.750000000000000E+01   2.000000000000000E+01
  193   8.750000000000000E+01   2.500000000000000E+01
  194   8.750000000000000E+01   3.000000000000000E+01
  195   8.750000000000000E+01   3.500000000000000E+01
  196   8.750000000000000E+01   4.000000000000000E+01
  197   8.750000000000000E+01   4.500000000000000E+01
  198   8.750000000000000E+01   5.000000000000000E+01
  199   1.000000000000000E+02   0.000000000000000E+00
  200   1.000000000000000E+02   5.000000000000000E+00
  201   1.000000000000000E+02   1.000000000000000E+01
  202   1.000000000000000E+02   1.500000000000000E+01
  203   1.000000000000000E+02   2.000000000000000E+01
  204   1.000000000000000E+02   2.500000000000000E+01
  205   1.000000000000000E+02   3.000000000000000E+01
  206   1.000000000000000E+02   3.500000000000000E+01
  207   1.000000000000000E+02   4.000000000000000E+01
  208   1.000000000000000E+02   4.500000000000000E+01
  209   1.000000000000000E+02   5.000000000000000E+01
  210   1.125000000000000E+02   0.000000000000000E+00
  211   1.125000000000000E+02   5.000000000000000E+00
  212   1.125000000000000E+02   1.000000000000000E+01
  213   1.125000000000000E+02   1.500000000000000E+01
  214   1.125000000000000E+02   2.000000000000000E+01
  215   1.125000000000000E+02   2.500000000000000E+01
  216   1.125000000000000E+02   3.000000000000000E+01
  217   1.125000000000000E+02   3.500000000000000E+01
  218   1.125000000000000E+02   4.000000000000000E+01
  219   1.125000000000000E+02   4.500000000000000E+01
  220   1.125000000000000E+02   5.000000000000000E+01
  221   1.250000000000000E+02   0.000000000000000E+00
  222   1.250000000000000E+02   5.000000000000000E+00
  223   1.250000000000000E+02   1.000000000000000E+01
  224   1.250000000000000E+02   1.500000000000000E+01
  225   1.250000000000000E+02   2.000000000000000E+01
  226   1.250000000000000E+02   2.500000000000000E+01
  227   1.250000000000000E+02   3.000000000000000E+01
  228   1.250000000000000E+02   3.500000000000000E+01
  229   1.250000000000000E+02   4.000000000000000E+01
  230   1.250000000000000E+02   4.500000000000000E+01
  231   1.250000000000000E+02   5.000000000000000E+01
  232   9.499999999999493E+01   1.500000310455152E+02
  233   9.749999999999480E+01   1.500000318625024E+02
  234   9.999999999999466E+01   1.500000326794897E+02
  235   9.383039725658354E+01   1.351387564632942E+02
  236   9.629961818438836E+01   1.347476711702230E+02
  237   9.876883921219321E+01   1.343565857771518E+02
  238   9.035037859358697E+01   1.206434150260411E+02
  239   9.272802014604979E+01   1.198708733030421E+02
  240   9.510566169851259E+01   1.190983316800432E+02
  241   8.464563389436444E+01   1.068709301617589E+02
  242   8.687315056526874E+01   1.057359546896999E+02
  243   8.910066723617309E+01   1.046009791176409E+02
  244   7.685663274809188E+01   9.416042611635237E+01
  245   7.887917572830482E+01   9.269096367730901E+01
  246   8.090171860851774E+01   9.122150123826563E+01
  247   6.717516615249072E+01   8.282487775249787E+01
  248   6.894293373018785E+01   8.105711133019521E+01
  249   7.071070120788495E+01   7.928934500789252E+01
  250   5.583962411634640E+01   7.314340374810008E+01
  251   5.730908787730289E+01   7.112086172831322E+01
  252   5.877855163825934E+01   6.909831980852638E+01
  253   4.312912516175426E+01   6.535439429437346E+01
  254   4.426410208969516E+01   6.312687836527802E+01
  255   4.539907911763606E+01   6.089936243618261E+01
  256   2.935664402603792E+01   5.964964059359663E+01
  257   3.012918730303892E+01   5.727199954605969E+01
  258   3.090173048003992E+01   5.489435849852273E+01
  259   1.486130486329258E+01   5.616961245659358E+01
  260   1.525239177022132E+01   5.370039178439866E+01
  261   1.564347877715008E+01   5.123117101220375E+01
  262   3.104551517694022E-05   5.500000000000507E+01
  263   3.186250241843864E-05   5.250000000000520E+01
  264   3.267948965993707E-05   5.000000000000534E+01
  265  -1.486124353670583E+01   5.616960274341646E+01
  266  -1.525232882977705E+01   5.370038181561164E+01
  267  -1.564341422284824E+01   5.123116078780679E+01
  268  -2.935658497395894E+01   5.964962140641303E+01
  269  -3.012912669695786E+01   5.727197985395021E+01
  270  -3.090166831995678E+01   5.489433830148741E+01
  271  -4.312906983824114E+01   6.535436610563556E+01
  272  -4.426404531030011E+01   6.312684943473126E+01
  273  -4.539902088235910E+01   6.089933276382691E+01
  274  -5.583957388364763E+01   7.314336725190812E+01
  275  -5.730903632269099E+01   7.112082427169518E+01
  276  -5.877849876173437E+01   6.909828139148226E+01
  277  -6.717512224750213E+01   8.282483384750928E+01
  278  -6.894288866980479E+01   8.105706626981215E+01
  279  -7.071065499210748E+01   7.928929879211505E+01
  280  -7.685659625189992E+01   9.416037588365360E+01
  281  -7.887913827168678E+01   9.269091212269711E+01
  282  -8.090168019147362E+01   9.122144836174066E+01
  283  -8.464560570562654E+01   1.068708748382457E+02
  284  -8.687312163472198E+01   1.057358979103048E+02
  285  -8.910063756381739E+01   1.046009208823639E+02
  286  -9.035035940640337E+01   1.206433559739621E+02
  287  -9.272800045394031E+01   1.198708126969611E+02
  288  -9.510564150147727E+01   1.190982695199601E+02
  289  -9.383038754340642E+01   1.351386951367074E+02
  290  -9.629960821560134E+01   1.347476082297787E+02
  291  -9.876882898779625E+01   1.343565212228499E+02
  292  -9.499999999999493E+01   1.499999689544848E+02
  293  -9.749999999999480E+01   1.499999681374976E+02
  294  -9.999999999999466E+01   1.499999673205103E+02
  295   8.999999999999520E+01   1.500000294115407E+02
  296   9.249999999999505E+01   1.500000302285279E+02
  297   8.889195530097390E+01   1.359209271494366E+02
  298   9.136117622877872E+01   1.355298418563654E+02
  299   8.559509558866132E+01   1.221884984720389E+02
  300   8.797273714112416E+01   1.214159567490400E+02
  301   8.019060055255578E+01   1.091408812058768E+02
  302   8.241811722346009E+01   1.080059057338179E+02
  303   7.281154678766597E+01   9.709935109443907E+01
  304   7.483408976787892E+01   9.562988865539572E+01
  305   6.363963109709647E+01   8.636041049710326E+01
  306   6.540739867479360E+01   8.459264407480060E+01
  307   5.290069649443343E+01   7.718848778767375E+01
  308   5.437016025538991E+01   7.516594576788690E+01
  309   4.085917120587246E+01   6.980942615256434E+01
  310   4.199414813381336E+01   6.758191022346890E+01
  311   2.781155747203595E+01   6.440492258867049E+01
  312   2.858410074903695E+01   6.202728154113356E+01
  313   1.407913094943508E+01   6.110805390098341E+01
  314   1.447021785636382E+01   5.863883322878847E+01
  315   2.941154069394336E-05   6.000000000000480E+01
  316   3.022852793544179E-05   5.750000000000495E+01
  317  -1.407907285056342E+01   6.110804469902610E+01
  318  -1.447015814363464E+01   5.863882377122128E+01
  319  -2.781150152796108E+01   6.440490441133868E+01
  320  -2.858404325095999E+01   6.202726285887584E+01
  321  -4.085911879412317E+01   6.980939944744422E+01
  322  -4.199409426618215E+01   6.758188277653991E+01
  323  -5.290064890556092E+01   7.718845321233403E+01
  324  -5.437011134460428E+01   7.516591023212108E+01
  325  -6.363958950289674E+01   8.636036890290353E+01
  326  -6.540735592519940E+01   8.459260132520640E+01
  327  -7.281151221232625E+01   9.709930350556658E+01
  328  -7.483405423211310E+01   9.562983974461008E+01
  329  -8.019057384743566E+01   1.091408287941275E+02
  330  -8.241808977653110E+01   1.080058518661866E+02
  331  -8.559507741132951E+01   1.221884425279640E+02
  332  -8.797271845886644E+01   1.214158992509631E+02
  333  -8.889194609901659E+01   1.359208690505649E+02
  334  -9.136116677121153E+01   1.355297821436362E+02
  335  -8.999999999999520E+01   1.499999705884593E+02
  336  -9.249999999999505E+01   1.499999697714721E+02
      3
1   231    11   1   1   0
232   234   1   1   1   0
295   296   1   1   1   0
292   294   1   1   1   0
335   336   1   1   1   0
      0      0      0      0      0      0
       1     9
 300.0d  3.00E-01  0.00E+00  0.00E+00  0.00E+00  0.00E+00  0.00E+00  0.00E+00  1.00E-3  
       2     9
 1.00E+3  3.00E-01  0.00E+00  0.00E+00  0.00E+00  0.00E+00  0.00E+00  0.00E+00  1.00E-3  
       3     9
 1.00E+5  3.00E-01  0.00E+00  0.00E+00  0.00E+00  0.00E+00  0.00E+00  0.00E+00  1.00E-3 
       0      0      0      0      0      0      0      0      0      0      0      0

  1
'p9_3'
    70      9      9      3
              1              1             23             25              3             12             24             14              2             13              1              1
              2              3             25             27              5             14             26             16              4             15              1              1
              3              5             27             29              7             16             28             18              6             17              1              1
              4              7             29             31              9             18             30             20              8             19              1              1
              5              9             31             33             11             20             32             22             10             21              1              1
              6             23             45             47             25             34             46             36             24             35              1              1
              7             25             47             49             27             36             48             38             26             37              1              1
              8             27             49             51             29             38             50             40             28             39              1              1
              9             29             51             53             31             40             52             42             30             41              1              1
             10             31             53             55             33             42             54             44             32             43              1              1
             11             45             67             69             47             56             68             58             46             57              1              1
             12             47             69             71             49             58             70             60             48             59              1              1
             13             49             71             73             51             60             72             62             50             61              1              1
             14             51             73             75             53             62             74             64             52             63              1              1
             15             53             75             77             55             64             76             66             54             65              1              1
             16             67             89             91             69             78             90             80             68             79              1              1
             17             69             91             93             71             80             92             82             70             81              1              1
             18             71             93             95             73             82             94             84             72             83              1              1
             19             73             95             97             75             84             96             86             74             85              1              1
             20             75             97             99             77             86             98             88             76             87              1              1
             21             89            111            113             91            100            112            102             90            101              1              1
             22             91            113            115             93            102            114            104             92            103              1              1
             23             93            115            117             95            104            116            106             94            105              1              1
             24             95            117            119             97            106            118            108             96            107              1              1
             25             97            119            121             99            108            120            110             98            109              1              1
             26            111            133            135            113            122            134            124            112            123              1              1
             27            113            135            137            115            124            136            126            114            125              1              1
             28            115            137            139            117            126            138            128            116            127              1              1
             29            117            139            141            119            128            140            130            118            129              1              1
             30            119            141            143            121            130            142            132            120            131              1              1
             31            133            155            157            135            144            156            146            134            145              1              1
             32            135            157            159            137            146            158            148            136            147              1              1
             33            137            159            161            139            148            160            150            138            149              1              1
             34            139            161            163            141            150            162            152            140            151              1              1
             35            141            163            165            143            152            164            154            142            153              1              1
             36            155            177            179            157            166            178            168            156            167              1              1
             37            157            179            181            159            168            180            170            158            169              1              1
             38            159            181            183            161            170            182            172            160            171              1              1
             39            161            183            185            163            172            184            174            162            173              1              1
             40            163            185            187            165            174            186            176            164            175              1              1
             41            177            199            201            179            188            200            190            178            189              1              1
             42            179            201            203            181            190            202            192            180            191              1              1
             43            181            203            205            183            192            204            194            182            193              1              1
             44            183            205            207            185            194            206            196            184            195              1              1
             45            185            207            209            187            196            208            198            186            197              1              1
             46            199            221            223            201            210            222            212            200            211              1              1
             47            201            223            225            203            212            224            214            202            213              1              1
             48            203            225            227            205            214            226            216            204            215              1              1
             49            205            227            229            207            216            228            218            206            217              1              1
             50            207            229            231            209            218            230            220            208            219              1              1
             51            232            238            240            234            235            239            237            233            236              2              1
             52            238            244            246            240            241            245            243            239            242              2              1
             53            244            250            252            246            247            251            249            245            248              2              1
             54            250            256            258            252            253            257            255            251            254              2              1
             55            256            262            264            258            259            263            261            257            260              2              1
             56            262            268            270            264            265            269            267            263            266              2              1
             57            268            274            276            270            271            275            273            269            272              2              1
             58            274            280            282            276            277            281            279            275            278              2              1
             59            280            286            288            282            283            287            285            281            284              2              1
             60            286            292            294            288            289            293            291            287            290              2              1
             61            295            299            238            232            297            300            235            296            298              3              1
             62            299            303            244            238            301            304            241            300            302              3              1
             63            303            307            250            244            305            308            247            304            306              3              1
             64            307            311            256            250            309            312            253            308            310              3              1
             65            311            315            262            256            313            316            259            312            314              3              1
             66            315            319            268            262            317            320            265            316            318              3              1
             67            319            323            274            268            321            324            271            320            322              3              1
             68            323            327            280            274            325            328            277            324            326              3              1
             69            327            331            286            280            329            332            283            328            330              3              1
             70            331            335            292            286            333            336            289            332            334              3              1
       0      0      0      0      0      0      0      0      0      0      0      0
