Analysis for,q9 combined geometry  988   nodes  212    elements

   5.000000000000000E-06
  988    2
    1  -5.000000000000000E-01   1.250782228091118E-02
    2  -5.000000000000000E-01   5.417448894757726E-02
    3  -5.000000000000000E-01   9.584115561424511E-02
    4  -5.000000000000000E-01   1.375078222809112E-01
    5  -5.000000000000000E-01   1.791744889475773E-01
    6  -5.000000000000000E-01   2.208411556142451E-01
    7  -5.000000000000000E-01   2.625078222809112E-01
    8  -5.000000000000000E-01   3.041744889475773E-01
    9  -5.000000000000000E-01   3.458411556142451E-01
   10  -5.000000000000000E-01   3.875078222809112E-01
   11  -5.000000000000000E-01   4.291744889475773E-01
   12  -5.000000000000000E-01   4.708411556142451E-01
   13  -5.000000000000000E-01   5.125078222809112E-01
   14  -4.833333333333333E-01   1.168738530431845E-02
   15  -4.833333333333333E-01   5.342242171903422E-02
   16  -4.833333333333333E-01   9.515745813375176E-02
   17  -4.833333333333333E-01   1.368924945484657E-01
   18  -4.833333333333333E-01   1.786275309631815E-01
   19  -4.833333333333333E-01   2.203625673778991E-01
   20  -4.833333333333333E-01   2.620976037926148E-01
   21  -4.833333333333333E-01   3.038326402073306E-01
   22  -4.833333333333333E-01   3.455676766220481E-01
   23  -4.833333333333333E-01   3.873027130367639E-01
   24  -4.833333333333333E-01   4.290377494514779E-01
   25  -4.833333333333333E-01   4.707727858661954E-01
   26  -4.833333333333333E-01   5.125078222809112E-01
   27  -4.666666666666667E-01   1.089482374811368E-02
   28  -4.666666666666667E-01   5.269590695917969E-02
   29  -4.666666666666667E-01   9.449699017024749E-02
   30  -4.666666666666667E-01   1.362980733813135E-01
   31  -4.666666666666667E-01   1.780991565923795E-01
   32  -4.666666666666667E-01   2.199002398034473E-01
   33  -4.666666666666667E-01   2.617013230145133E-01
   34  -4.666666666666667E-01   3.035024062255776E-01
   35  -4.666666666666667E-01   3.453034894366453E-01
   36  -4.666666666666667E-01   3.871045726477114E-01
   37  -4.666666666666667E-01   4.289056558587774E-01
   38  -4.666666666666667E-01   4.707067390698452E-01
   39  -4.666666666666667E-01   5.125078222809112E-01
   40  -4.500000000000000E-01   1.013013097768045E-02
   41  -4.500000000000000E-01   5.199493858628301E-02
   42  -4.500000000000000E-01   9.385974619488557E-02
   43  -4.500000000000000E-01   1.357245538034881E-01
   44  -4.500000000000000E-01   1.775893614120907E-01
   45  -4.500000000000000E-01   2.194541690206933E-01
   46  -4.500000000000000E-01   2.613189766292958E-01
   47  -4.500000000000000E-01   3.031837842378984E-01
   48  -4.500000000000000E-01   3.450485918465009E-01
   49  -4.500000000000000E-01   3.869133994551035E-01
   50  -4.500000000000000E-01   4.287782070637061E-01
   51  -4.500000000000000E-01   4.706430146723086E-01
   52  -4.500000000000000E-01   5.125078222809112E-01
   53  -4.333333333333333E-01   9.393300593691478E-03
   54  -4.333333333333333E-01   5.131951073429164E-02
   55  -4.333333333333333E-01   9.324572087489535E-02
   56  -4.333333333333333E-01   1.351719310154955E-01
   57  -4.333333333333333E-01   1.770981411560975E-01
   58  -4.333333333333333E-01   2.190243512966994E-01
   59  -4.333333333333333E-01   2.609505614373013E-01
   60  -4.333333333333333E-01   3.028767715779033E-01
   61  -4.333333333333333E-01   3.448029817185052E-01
   62  -4.333333333333333E-01   3.867291918591071E-01
   63  -4.333333333333333E-01   4.286554019997073E-01
   64  -4.333333333333333E-01   4.705816121403110E-01
   65  -4.333333333333333E-01   5.125078222809112E-01
   66  -4.166666666666667E-01   8.684326431835032E-03
   67  -4.166666666666667E-01   5.066961775259138E-02
   68  -4.166666666666667E-01   9.265490907334772E-02
   69  -4.166666666666667E-01   1.346402003941041E-01
   70  -4.166666666666667E-01   1.766254917148604E-01
   71  -4.166666666666667E-01   2.186107830356168E-01
   72  -4.166666666666667E-01   2.605960743563731E-01
   73  -4.166666666666667E-01   3.025813656771295E-01
   74  -4.166666666666667E-01   3.445666569978858E-01
   75  -4.166666666666667E-01   3.865519483186421E-01
   76  -4.166666666666667E-01   4.285372396393985E-01
   77  -4.166666666666667E-01   4.705225309601548E-01
   78  -4.166666666666667E-01   5.125078222809112E-01
   79  -4.000000000000000E-01   8.003202562562706E-03
   80  -4.000000000000000E-01   5.004525420575767E-02
   81  -4.000000000000000E-01   9.208730584895441E-02
   82  -4.000000000000000E-01   1.341293574921494E-01
   83  -4.000000000000000E-01   1.761714091353443E-01
   84  -4.000000000000000E-01   2.182134607785411E-01
   85  -4.000000000000000E-01   2.602555124217361E-01
   86  -4.000000000000000E-01   3.022975640649328E-01
   87  -4.000000000000000E-01   3.443396157081295E-01
   88  -4.000000000000000E-01   3.863816673513245E-01
   89  -4.000000000000000E-01   4.284237189945195E-01
   90  -4.000000000000000E-01   4.704657706377162E-01
   91  -4.000000000000000E-01   5.125078222809112E-01
   92  -3.833333333333333E-01   7.349923290840721E-03
   93  -3.833333333333333E-01   4.944641487334600E-02
   94  -3.833333333333333E-01   9.154290645585306E-02
   95  -3.833333333333333E-01   1.336393980383583E-01
   96  -3.833333333333333E-01   1.757358896208636E-01
   97  -3.833333333333333E-01   2.178323812033707E-01
   98  -3.833333333333333E-01   2.599288727858760E-01
   99  -3.833333333333333E-01   3.020253643683812E-01
  100  -3.833333333333333E-01   3.441218559508883E-01
  101  -3.833333333333333E-01   3.862183475333936E-01
  102  -3.833333333333333E-01   4.283148391158988E-01
  103  -3.833333333333333E-01   4.704113306984059E-01
  104  -3.833333333333333E-01   5.125078222809112E-01
  105  -3.666666666666667E-01   6.724483155908345E-03
  106  -3.666666666666667E-01   4.887309474965740E-02
  107  -3.666666666666667E-01   9.102170634341000E-02
  108  -3.666666666666667E-01   1.331703179371591E-01
  109  -3.666666666666667E-01   1.753189295309081E-01
  110  -3.666666666666667E-01   2.174675411246607E-01
  111  -3.666666666666667E-01   2.596161527184098E-01
  112  -3.666666666666667E-01   3.017647643121588E-01
  113  -3.666666666666667E-01   3.439133759059114E-01
  114  -3.666666666666667E-01   3.860619874996605E-01
  115  -3.666666666666667E-01   4.282105990934095E-01
  116  -3.666666666666667E-01   4.703592106871621E-01
  117  -3.666666666666667E-01   5.125078222809112E-01
  118  -3.500000000000000E-01   6.126876931046965E-03
  119  -3.500000000000000E-01   4.832528904353595E-02
  120  -3.500000000000000E-01   9.052370115602493E-02
  121  -3.500000000000000E-01   1.327221132685139E-01
  122  -3.500000000000000E-01   1.749205253810011E-01
  123  -3.500000000000000E-01   2.171189374934901E-01
  124  -3.500000000000000E-01   2.593173496059791E-01
  125  -3.500000000000000E-01   3.015157617184663E-01
  126  -3.500000000000000E-01   3.437141738309570E-01
  127  -3.500000000000000E-01   3.859125859434442E-01
  128  -3.500000000000000E-01   4.281109980559332E-01
  129  -3.500000000000000E-01   4.703094101684222E-01
  130  -3.500000000000000E-01   5.125078222809112E-01
  131  -3.333333333333334E-01   5.557099623366923E-03
  132  -3.333333333333334E-01   4.780299317816095E-02
  133  -3.333333333333334E-01   9.004888673295852E-02
  134  -3.333333333333334E-01   1.322947802877525E-01
  135  -3.333333333333334E-01   1.745406738425483E-01
  136  -3.333333333333334E-01   2.167865673973441E-01
  137  -3.333333333333334E-01   2.590324609521382E-01
  138  -3.333333333333334E-01   3.012783545069340E-01
  139  -3.333333333333334E-01   3.435242480617298E-01
  140  -3.333333333333334E-01   3.857701416165256E-01
  141  -3.333333333333334E-01   4.280160351713196E-01
  142  -3.333333333333334E-01   4.702619287261172E-01
  143  -3.333333333333334E-01   5.125078222809112E-01
  144  -3.166666666666667E-01   5.015146473596133E-03
  145  -3.166666666666667E-01   4.730620279087105E-02
  146  -3.166666666666667E-01   8.959725910814953E-02
  147  -3.166666666666667E-01   1.318883154254245E-01
  148  -3.166666666666667E-01   1.741793717427012E-01
  149  -3.166666666666667E-01   2.164704280599778E-01
  150  -3.166666666666667E-01   2.587614843772528E-01
  151  -3.166666666666667E-01   3.010525406945295E-01
  152  -3.166666666666667E-01   3.433435970118062E-01
  153  -3.166666666666667E-01   3.856346533290829E-01
  154  -3.166666666666667E-01   4.279257096463578E-01
  155  -3.166666666666667E-01   4.702167659636363E-01
  156  -3.166666666666667E-01   5.125078222809112E-01
  157  -3.000000000000000E-01   4.501012955881123E-03
  158  -3.000000000000000E-01   4.683491373296711E-02
  159  -3.000000000000000E-01   8.916881451005310E-02
  160  -3.000000000000000E-01   1.315027152871391E-01
  161  -3.000000000000000E-01   1.738366160642233E-01
  162  -3.000000000000000E-01   2.161705168413111E-01
  163  -3.000000000000000E-01   2.585044176183970E-01
  164  -3.000000000000000E-01   3.008383183954813E-01
  165  -3.000000000000000E-01   3.431722191725690E-01
  166  -3.000000000000000E-01   3.855061199496532E-01
  167  -3.000000000000000E-01   4.278400207267392E-01
  168  -3.000000000000000E-01   4.701739215038252E-01
  169  -3.000000000000000E-01   5.125078222809112E-01
  170  -2.833333333333333E-01   4.014694777596972E-03
  171  -2.833333333333333E-01   4.638912206953982E-02
  172  -2.833333333333333E-01   8.876354936148267E-02
  173  -2.833333333333333E-01   1.311379766534255E-01
  174  -2.833333333333333E-01   1.735124039453684E-01
  175  -2.833333333333333E-01   2.158868312373112E-01
  176  -2.833333333333333E-01   2.582612585292541E-01
  177  -2.833333333333333E-01   3.006356858211969E-01
  178  -2.833333333333333E-01   3.430101131131398E-01
  179  -2.833333333333333E-01   3.853845404050826E-01
  180  -2.833333333333333E-01   4.277589676970255E-01
  181  -2.833333333333333E-01   4.701333949889683E-01
  182  -2.833333333333333E-01   5.125078222809112E-01
  183  -2.666666666666667E-01   3.556187879166117E-03
  184  -2.666666666666667E-01   4.596882407931169E-02
  185  -2.666666666666667E-01   8.838146027945726E-02
  186  -2.666666666666667E-01   1.307940964796028E-01
  187  -2.666666666666667E-01   1.732067326797466E-01
  188  -2.666666666666667E-01   2.156193688798940E-01
  189  -2.666666666666667E-01   2.580320050800395E-01
  190  -2.666666666666667E-01   3.004446412801833E-01
  191  -2.666666666666667E-01   3.428572774803307E-01
  192  -2.666666666666667E-01   3.852699136804745E-01
  193  -2.666666666666667E-01   4.276825498806200E-01
  194  -2.666666666666667E-01   4.700951860807656E-01
  195  -2.666666666666667E-01   5.125078222809112E-01
  196  -2.500000000000000E-01   3.125488433896706E-03
  197  -2.500000000000000E-01   4.557401625448065E-02
  198  -2.500000000000000E-01   8.802254407506638E-02
  199  -2.500000000000000E-01   1.304710718956503E-01
  200  -2.500000000000000E-01   1.729195997162343E-01
  201  -2.500000000000000E-01   2.153681275368200E-01
  202  -2.500000000000000E-01   2.578166553574039E-01
  203  -2.500000000000000E-01   3.002651831779879E-01
  204  -2.500000000000000E-01   3.427137109985736E-01
  205  -2.500000000000000E-01   3.851622388191576E-01
  206  -2.500000000000000E-01   4.276107666397415E-01
  207  -2.500000000000000E-01   4.700592944603272E-01
  208  -2.500000000000000E-01   5.125078222809112E-01
  209  -2.333333333333333E-01   2.722592847812066E-03
  210  -2.333333333333333E-01   4.520469530056914E-02
  211  -2.333333333333333E-01   8.768679775332977E-02
  212  -2.333333333333333E-01   1.301689002060868E-01
  213  -2.333333333333333E-01   1.726510026588439E-01
  214  -2.333333333333333E-01   2.151331051116046E-01
  215  -2.333333333333333E-01   2.576152075643616E-01
  216  -2.333333333333333E-01   3.000973100171187E-01
  217  -2.333333333333333E-01   3.425794124698793E-01
  218  -2.333333333333333E-01   3.850615149226364E-01
  219  -2.333333333333333E-01   4.275436173753935E-01
  220  -2.333333333333333E-01   4.700257198281541E-01
  221  -2.333333333333333E-01   5.125078222809112E-01
  222  -2.166666666666667E-01   2.347497759508599E-03
  223  -2.166666666666667E-01   4.486085813629082E-02
  224  -2.166666666666667E-01   8.737421851307658E-02
  225  -2.166666666666667E-01   1.298875788898588E-01
  226  -2.166666666666667E-01   1.724009392666428E-01
  227  -2.166666666666667E-01   2.149142996434268E-01
  228  -2.166666666666667E-01   2.574276600202090E-01
  229  -2.166666666666667E-01   2.999410203969930E-01
  230  -2.166666666666667E-01   3.424543807737770E-01
  231  -2.166666666666667E-01   3.849677411505610E-01
  232  -2.166666666666667E-01   4.274811015273432E-01
  233  -2.166666666666667E-01   4.699944619041290E-01
  234  -2.166666666666667E-01   5.125078222809112E-01
  235  -2.000000000000000E-01   2.000200040010114E-03
  236  -2.000000000000000E-01   4.454250189341735E-02
  237  -2.000000000000000E-01   8.708480374682814E-02
  238  -2.000000000000000E-01   1.296271056002354E-01
  239  -2.000000000000000E-01   1.721694074536426E-01
  240  -2.000000000000000E-01   2.147117093070534E-01
  241  -2.000000000000000E-01   2.572540111604606E-01
  242  -2.000000000000000E-01   2.997963130138679E-01
  243  -2.000000000000000E-01   3.423386148672787E-01
  244  -2.000000000000000E-01   3.848809167206859E-01
  245  -2.000000000000000E-01   4.274232185740932E-01
  246  -2.000000000000000E-01   4.699655204275039E-01
  247  -2.000000000000000E-01   5.125078222809112E-01
  248  -1.833333333333333E-01   1.680696792641712E-03
  249  -1.833333333333333E-01   4.424962391666298E-02
  250  -1.833333333333333E-01   8.681855104068781E-02
  251  -1.833333333333333E-01   1.293874781647091E-01
  252  -1.833333333333333E-01   1.719564052887304E-01
  253  -1.833333333333333E-01   2.145253324127552E-01
  254  -1.833333333333333E-01   2.570942595367764E-01
  255  -1.833333333333333E-01   2.996631866607977E-01
  256  -1.833333333333333E-01   3.422321137848225E-01
  257  -1.833333333333333E-01   3.848010409088438E-01
  258  -1.833333333333333E-01   4.273699680328651E-01
  259  -1.833333333333333E-01   4.699388951568899E-01
  260  -1.833333333333333E-01   5.125078222809112E-01
  261  -1.666666666666667E-01   1.388985352903660E-03
  262  -1.666666666666667E-01   4.398222176357081E-02
  263  -1.666666666666667E-01   8.657545817423795E-02
  264  -1.666666666666667E-01   1.291686945849051E-01
  265  -1.666666666666667E-01   1.717619309955722E-01
  266  -1.666666666666667E-01   2.143551674062412E-01
  267  -1.666666666666667E-01   2.569484038169065E-01
  268  -1.666666666666667E-01   2.995416402275737E-01
  269  -1.666666666666667E-01   3.421348766382426E-01
  270  -1.666666666666667E-01   3.847281130489097E-01
  271  -1.666666666666667E-01   4.273213494595751E-01
  272  -1.666666666666667E-01   4.699145858702440E-01
  273  -1.666666666666667E-01   5.125078222809112E-01
  274  -1.500000000000000E-01   1.125063288370143E-03
  275  -1.500000000000000E-01   4.374029320441508E-02
  276  -1.500000000000000E-01   8.635552312046002E-02
  277  -1.500000000000000E-01   1.289707530365050E-01
  278  -1.500000000000000E-01   1.715859829525499E-01
  279  -1.500000000000000E-01   2.142012128685966E-01
  280  -1.500000000000000E-01   2.568164427846398E-01
  281  -1.500000000000000E-01   2.994316727006847E-01
  282  -1.500000000000000E-01   3.420469026167314E-01
  283  -1.500000000000000E-01   3.846621325327764E-01
  284  -1.500000000000000E-01   4.272773624488195E-01
  285  -1.500000000000000E-01   4.698925923648662E-01
  286  -1.500000000000000E-01   5.125078222809112E-01
  287  -1.333333333333334E-01   8.889283985737961E-04
  288  -1.333333333333334E-01   4.352383622210176E-02
  289  -1.333333333333334E-01   8.615874404562973E-02
  290  -1.333333333333334E-01   1.287936518691577E-01
  291  -1.333333333333334E-01   1.714285596926857E-01
  292  -1.333333333333334E-01   2.140634675162154E-01
  293  -1.333333333333334E-01   2.566983753397416E-01
  294  -1.333333333333334E-01   2.993332831632696E-01
  295  -1.333333333333334E-01   3.419681909867993E-01
  296  -1.333333333333334E-01   3.846030988103273E-01
  297  -1.333333333333334E-01   4.272380066338535E-01
  298  -1.333333333333334E-01   4.698729144573832E-01
  299  -1.333333333333334E-01   5.125078222809112E-01
  300  -1.166666666666667E-01   6.805787149257725E-04
  301  -1.166666666666667E-01   4.333284901209034E-02
  302  -1.166666666666667E-01   8.598511930925667E-02
  303  -1.166666666666667E-01   1.286373896064212E-01
  304  -1.166666666666667E-01   1.712896599035876E-01
  305  -1.166666666666667E-01   2.139419302007539E-01
  306  -1.166666666666667E-01   2.565942004979185E-01
  307  -1.166666666666667E-01   2.992464707950830E-01
  308  -1.166666666666667E-01   3.418987410922494E-01
  309  -1.166666666666667E-01   3.845510113894157E-01
  310  -1.166666666666667E-01   4.272032816865803E-01
  311  -1.166666666666667E-01   4.698555519837466E-01
  312  -1.166666666666667E-01   5.125078222809112E-01
  313  -9.999999999999998E-02   5.000125006251466E-04
  314  -9.999999999999998E-02   4.316732998231565E-02
  315  -9.999999999999998E-02   8.583464746400615E-02
  316  -9.999999999999998E-02   1.285019649456967E-01
  317  -9.999999999999998E-02   1.711692824273872E-01
  318  -9.999999999999998E-02   2.138365999090777E-01
  319  -9.999999999999998E-02   2.565039173907682E-01
  320  -9.999999999999998E-02   2.991712348724587E-01
  321  -9.999999999999998E-02   3.418385523541492E-01
  322  -9.999999999999998E-02   3.845058698358397E-01
  323  -9.999999999999998E-02   4.271731873175302E-01
  324  -9.999999999999998E-02   4.698405047992207E-01
  325  -9.999999999999998E-02   5.125078222809112E-01
  326  -8.333333333333331E-02   3.472282505949664E-04
  327  -8.333333333333331E-02   4.302727775312043E-02
  328  -8.333333333333331E-02   8.570732725564767E-02
  329  -8.333333333333331E-02   1.283873767581731E-01
  330  -8.333333333333331E-02   1.710674262607004E-01
  331  -8.333333333333331E-02   2.137474757632276E-01
  332  -8.333333333333331E-02   2.564275252657531E-01
  333  -8.333333333333331E-02   2.991075747682785E-01
  334  -8.333333333333331E-02   3.417876242708058E-01
  335  -8.333333333333331E-02   3.844676737733330E-01
  336  -8.333333333333331E-02   4.271477232758585E-01
  337  -8.333333333333331E-02   4.698277727783857E-01
  338  -8.333333333333331E-02   5.125078222809112E-01
  339  -6.666666666666665E-02   2.222246914129755E-04
  340  -6.666666666666665E-02   4.291269115720375E-02
  341  -6.666666666666665E-02   8.560315762299631E-02
  342  -6.666666666666665E-02   1.282936240887871E-01
  343  -6.666666666666665E-02   1.709840905545779E-01
  344  -6.666666666666665E-02   2.136745570203704E-01
  345  -6.666666666666665E-02   2.563650234861612E-01
  346  -6.666666666666665E-02   2.990554899519537E-01
  347  -6.666666666666665E-02   3.417459564177463E-01
  348  -6.666666666666665E-02   3.844364228835371E-01
  349  -6.666666666666665E-02   4.271268893493279E-01
  350  -6.666666666666665E-02   4.698173558151204E-01
  351  -6.666666666666665E-02   5.125078222809112E-01
  352  -4.999999999999999E-02   1.250007812600984E-04
  353  -4.999999999999999E-02   4.282356923956421E-02
  354  -4.999999999999999E-02   8.552213769786832E-02
  355  -4.999999999999999E-02   1.282207061561724E-01
  356  -4.999999999999999E-02   1.709192746144765E-01
  357  -4.999999999999999E-02   2.136178430727824E-01
  358  -4.999999999999999E-02   2.563164115310848E-01
  359  -4.999999999999999E-02   2.990149799893889E-01
  360  -4.999999999999999E-02   3.417135484476947E-01
  361  -4.999999999999999E-02   3.844121169059989E-01
  362  -4.999999999999999E-02   4.271106853643012E-01
  363  -4.999999999999999E-02   4.698092538226071E-01
  364  -4.999999999999999E-02   5.125078222809112E-01
  365  -3.333333333333333E-02   5.555570987780811E-05
  366  -3.333333333333333E-02   4.275991125746259E-02
  367  -3.333333333333333E-02   8.546426680505093E-02
  368  -3.333333333333333E-02   1.281686223526357E-01
  369  -3.333333333333333E-02   1.708729779002223E-01
  370  -3.333333333333333E-02   2.135773334478088E-01
  371  -3.333333333333333E-02   2.562816889953936E-01
  372  -3.333333333333333E-02   2.989860445429802E-01
  373  -3.333333333333333E-02   3.416904000905667E-01
  374  -3.333333333333333E-02   3.843947556381533E-01
  375  -3.333333333333333E-02   4.270991111857381E-01
  376  -3.333333333333333E-02   4.698034667333264E-01
  377  -3.333333333333333E-02   5.125078222809112E-01
  378  -1.666666666666666E-02   1.388889853437547E-05
  379  -1.666666666666666E-02   4.272171668039881E-02
  380  -1.666666666666666E-02   8.542954446226503E-02
  381  -1.666666666666666E-02   1.281373722441295E-01
  382  -1.666666666666666E-02   1.708452000259921E-01
  383  -1.666666666666666E-02   2.135530278078583E-01
  384  -1.666666666666666E-02   2.562608555897228E-01
  385  -1.666666666666666E-02   2.989686833715872E-01
  386  -1.666666666666666E-02   3.416765111534534E-01
  387  -1.666666666666666E-02   3.843843389353161E-01
  388  -1.666666666666666E-02   4.270921667171805E-01
  389  -1.666666666666666E-02   4.697999944990467E-01
  390  -1.666666666666666E-02   5.125078222809112E-01
  391   0.000000000000000E+00   0.000000000000000E+00
  392   0.000000000000000E+00   4.270898519007460E-02
  393   0.000000000000000E+00   8.541797038015275E-02
  394   0.000000000000000E+00   1.281269555702274E-01
  395   0.000000000000000E+00   1.708359407603037E-01
  396   0.000000000000000E+00   2.135449259503801E-01
  397   0.000000000000000E+00   2.562539111404547E-01
  398   0.000000000000000E+00   2.989628963305311E-01
  399   0.000000000000000E+00   3.416718815206075E-01
  400   0.000000000000000E+00   3.843808667106838E-01
  401   0.000000000000000E+00   4.270898519007584E-01
  402   0.000000000000000E+00   4.697988370908366E-01
  403   0.000000000000000E+00   5.125078222809112E-01
  404   1.666666666666661E-02   1.388889853437547E-05
  405   1.666666666666661E-02   4.272171668039881E-02
  406   1.666666666666661E-02   8.542954446226503E-02
  407   1.666666666666661E-02   1.281373722441295E-01
  408   1.666666666666661E-02   1.708452000259921E-01
  409   1.666666666666661E-02   2.135530278078583E-01
  410   1.666666666666661E-02   2.562608555897228E-01
  411   1.666666666666661E-02   2.989686833715872E-01
  412   1.666666666666661E-02   3.416765111534534E-01
  413   1.666666666666661E-02   3.843843389353161E-01
  414   1.666666666666661E-02   4.270921667171805E-01
  415   1.666666666666661E-02   4.697999944990467E-01
  416   1.666666666666661E-02   5.125078222809112E-01
  417   3.333333333333333E-02   5.555570987780811E-05
  418   3.333333333333333E-02   4.275991125746259E-02
  419   3.333333333333333E-02   8.546426680505093E-02
  420   3.333333333333333E-02   1.281686223526357E-01
  421   3.333333333333333E-02   1.708729779002223E-01
  422   3.333333333333333E-02   2.135773334478088E-01
  423   3.333333333333333E-02   2.562816889953936E-01
  424   3.333333333333333E-02   2.989860445429802E-01
  425   3.333333333333333E-02   3.416904000905667E-01
  426   3.333333333333333E-02   3.843947556381533E-01
  427   3.333333333333333E-02   4.270991111857381E-01
  428   3.333333333333333E-02   4.698034667333264E-01
  429   3.333333333333333E-02   5.125078222809112E-01
  430   5.000000000000004E-02   1.250007812600984E-04
  431   5.000000000000004E-02   4.282356923956421E-02
  432   5.000000000000004E-02   8.552213769786832E-02
  433   5.000000000000004E-02   1.282207061561724E-01
  434   5.000000000000004E-02   1.709192746144765E-01
  435   5.000000000000004E-02   2.136178430727824E-01
  436   5.000000000000004E-02   2.563164115310848E-01
  437   5.000000000000004E-02   2.990149799893889E-01
  438   5.000000000000004E-02   3.417135484476947E-01
  439   5.000000000000004E-02   3.844121169059989E-01
  440   5.000000000000004E-02   4.271106853643012E-01
  441   5.000000000000004E-02   4.698092538226071E-01
  442   5.000000000000004E-02   5.125078222809112E-01
  443   6.666666666666665E-02   2.222246914129755E-04
  444   6.666666666666665E-02   4.291269115720375E-02
  445   6.666666666666665E-02   8.560315762299631E-02
  446   6.666666666666665E-02   1.282936240887871E-01
  447   6.666666666666665E-02   1.709840905545779E-01
  448   6.666666666666665E-02   2.136745570203704E-01
  449   6.666666666666665E-02   2.563650234861612E-01
  450   6.666666666666665E-02   2.990554899519537E-01
  451   6.666666666666665E-02   3.417459564177463E-01
  452   6.666666666666665E-02   3.844364228835371E-01
  453   6.666666666666665E-02   4.271268893493279E-01
  454   6.666666666666665E-02   4.698173558151204E-01
  455   6.666666666666665E-02   5.125078222809112E-01
  456   8.333333333333337E-02   3.472282505949664E-04
  457   8.333333333333337E-02   4.302727775312043E-02
  458   8.333333333333337E-02   8.570732725564767E-02
  459   8.333333333333337E-02   1.283873767581731E-01
  460   8.333333333333337E-02   1.710674262607004E-01
  461   8.333333333333337E-02   2.137474757632276E-01
  462   8.333333333333337E-02   2.564275252657531E-01
  463   8.333333333333337E-02   2.991075747682785E-01
  464   8.333333333333337E-02   3.417876242708058E-01
  465   8.333333333333337E-02   3.844676737733330E-01
  466   8.333333333333337E-02   4.271477232758585E-01
  467   8.333333333333337E-02   4.698277727783857E-01
  468   8.333333333333337E-02   5.125078222809112E-01
  469   9.999999999999998E-02   5.000125006251466E-04
  470   9.999999999999998E-02   4.316732998231565E-02
  471   9.999999999999998E-02   8.583464746400615E-02
  472   9.999999999999998E-02   1.285019649456967E-01
  473   9.999999999999998E-02   1.711692824273872E-01
  474   9.999999999999998E-02   2.138365999090777E-01
  475   9.999999999999998E-02   2.565039173907682E-01
  476   9.999999999999998E-02   2.991712348724587E-01
  477   9.999999999999998E-02   3.418385523541492E-01
  478   9.999999999999998E-02   3.845058698358397E-01
  479   9.999999999999998E-02   4.271731873175302E-01
  480   9.999999999999998E-02   4.698405047992207E-01
  481   9.999999999999998E-02   5.125078222809112E-01
  482   1.166666666666667E-01   6.805787149257725E-04
  483   1.166666666666667E-01   4.333284901209034E-02
  484   1.166666666666667E-01   8.598511930925667E-02
  485   1.166666666666667E-01   1.286373896064212E-01
  486   1.166666666666667E-01   1.712896599035876E-01
  487   1.166666666666667E-01   2.139419302007539E-01
  488   1.166666666666667E-01   2.565942004979185E-01
  489   1.166666666666667E-01   2.992464707950830E-01
  490   1.166666666666667E-01   3.418987410922494E-01
  491   1.166666666666667E-01   3.845510113894157E-01
  492   1.166666666666667E-01   4.272032816865803E-01
  493   1.166666666666667E-01   4.698555519837466E-01
  494   1.166666666666667E-01   5.125078222809112E-01
  495   1.333333333333333E-01   8.889283985737961E-04
  496   1.333333333333333E-01   4.352383622210176E-02
  497   1.333333333333333E-01   8.615874404562973E-02
  498   1.333333333333333E-01   1.287936518691577E-01
  499   1.333333333333333E-01   1.714285596926857E-01
  500   1.333333333333333E-01   2.140634675162154E-01
  501   1.333333333333333E-01   2.566983753397416E-01
  502   1.333333333333333E-01   2.993332831632696E-01
  503   1.333333333333333E-01   3.419681909867993E-01
  504   1.333333333333333E-01   3.846030988103273E-01
  505   1.333333333333333E-01   4.272380066338535E-01
  506   1.333333333333333E-01   4.698729144573832E-01
  507   1.333333333333333E-01   5.125078222809112E-01
  508   1.500000000000000E-01   1.125063288370143E-03
  509   1.500000000000000E-01   4.374029320441508E-02
  510   1.500000000000000E-01   8.635552312046002E-02
  511   1.500000000000000E-01   1.289707530365050E-01
  512   1.500000000000000E-01   1.715859829525499E-01
  513   1.500000000000000E-01   2.142012128685966E-01
  514   1.500000000000000E-01   2.568164427846398E-01
  515   1.500000000000000E-01   2.994316727006847E-01
  516   1.500000000000000E-01   3.420469026167314E-01
  517   1.500000000000000E-01   3.846621325327764E-01
  518   1.500000000000000E-01   4.272773624488195E-01
  519   1.500000000000000E-01   4.698925923648662E-01
  520   1.500000000000000E-01   5.125078222809112E-01
  521   1.666666666666666E-01   1.388985352903660E-03
  522   1.666666666666666E-01   4.398222176357081E-02
  523   1.666666666666666E-01   8.657545817423795E-02
  524   1.666666666666666E-01   1.291686945849051E-01
  525   1.666666666666666E-01   1.717619309955722E-01
  526   1.666666666666666E-01   2.143551674062412E-01
  527   1.666666666666666E-01   2.569484038169065E-01
  528   1.666666666666666E-01   2.995416402275737E-01
  529   1.666666666666666E-01   3.421348766382426E-01
  530   1.666666666666666E-01   3.847281130489097E-01
  531   1.666666666666666E-01   4.273213494595751E-01
  532   1.666666666666666E-01   4.699145858702440E-01
  533   1.666666666666666E-01   5.125078222809112E-01
  534   1.833333333333333E-01   1.680696792641712E-03
  535   1.833333333333333E-01   4.424962391666298E-02
  536   1.833333333333333E-01   8.681855104068781E-02
  537   1.833333333333333E-01   1.293874781647091E-01
  538   1.833333333333333E-01   1.719564052887304E-01
  539   1.833333333333333E-01   2.145253324127552E-01
  540   1.833333333333333E-01   2.570942595367764E-01
  541   1.833333333333333E-01   2.996631866607977E-01
  542   1.833333333333333E-01   3.422321137848225E-01
  543   1.833333333333333E-01   3.848010409088438E-01
  544   1.833333333333333E-01   4.273699680328651E-01
  545   1.833333333333333E-01   4.699388951568899E-01
  546   1.833333333333333E-01   5.125078222809112E-01
  547   2.000000000000000E-01   2.000200040010114E-03
  548   2.000000000000000E-01   4.454250189341735E-02
  549   2.000000000000000E-01   8.708480374682814E-02
  550   2.000000000000000E-01   1.296271056002354E-01
  551   2.000000000000000E-01   1.721694074536426E-01
  552   2.000000000000000E-01   2.147117093070534E-01
  553   2.000000000000000E-01   2.572540111604606E-01
  554   2.000000000000000E-01   2.997963130138679E-01
  555   2.000000000000000E-01   3.423386148672787E-01
  556   2.000000000000000E-01   3.848809167206859E-01
  557   2.000000000000000E-01   4.274232185740932E-01
  558   2.000000000000000E-01   4.699655204275039E-01
  559   2.000000000000000E-01   5.125078222809112E-01
  560   2.166666666666667E-01   2.347497759508599E-03
  561   2.166666666666667E-01   4.486085813629082E-02
  562   2.166666666666667E-01   8.737421851307658E-02
  563   2.166666666666667E-01   1.298875788898588E-01
  564   2.166666666666667E-01   1.724009392666428E-01
  565   2.166666666666667E-01   2.149142996434268E-01
  566   2.166666666666667E-01   2.574276600202090E-01
  567   2.166666666666667E-01   2.999410203969930E-01
  568   2.166666666666667E-01   3.424543807737770E-01
  569   2.166666666666667E-01   3.849677411505610E-01
  570   2.166666666666667E-01   4.274811015273432E-01
  571   2.166666666666667E-01   4.699944619041290E-01
  572   2.166666666666667E-01   5.125078222809112E-01
  573   2.333333333333333E-01   2.722592847812066E-03
  574   2.333333333333333E-01   4.520469530056914E-02
  575   2.333333333333333E-01   8.768679775332977E-02
  576   2.333333333333333E-01   1.301689002060868E-01
  577   2.333333333333333E-01   1.726510026588439E-01
  578   2.333333333333333E-01   2.151331051116046E-01
  579   2.333333333333333E-01   2.576152075643616E-01
  580   2.333333333333333E-01   3.000973100171187E-01
  581   2.333333333333333E-01   3.425794124698793E-01
  582   2.333333333333333E-01   3.850615149226364E-01
  583   2.333333333333333E-01   4.275436173753935E-01
  584   2.333333333333333E-01   4.700257198281541E-01
  585   2.333333333333333E-01   5.125078222809112E-01
  586   2.500000000000000E-01   3.125488433896706E-03
  587   2.500000000000000E-01   4.557401625448065E-02
  588   2.500000000000000E-01   8.802254407506638E-02
  589   2.500000000000000E-01   1.304710718956503E-01
  590   2.500000000000000E-01   1.729195997162343E-01
  591   2.500000000000000E-01   2.153681275368200E-01
  592   2.500000000000000E-01   2.578166553574039E-01
  593   2.500000000000000E-01   3.002651831779879E-01
  594   2.500000000000000E-01   3.427137109985736E-01
  595   2.500000000000000E-01   3.851622388191576E-01
  596   2.500000000000000E-01   4.276107666397415E-01
  597   2.500000000000000E-01   4.700592944603272E-01
  598   2.500000000000000E-01   5.125078222809112E-01
  599   2.666666666666666E-01   3.556187879166117E-03
  600   2.666666666666666E-01   4.596882407931169E-02
  601   2.666666666666666E-01   8.838146027945726E-02
  602   2.666666666666666E-01   1.307940964796028E-01
  603   2.666666666666666E-01   1.732067326797466E-01
  604   2.666666666666666E-01   2.156193688798940E-01
  605   2.666666666666666E-01   2.580320050800395E-01
  606   2.666666666666666E-01   3.004446412801833E-01
  607   2.666666666666666E-01   3.428572774803307E-01
  608   2.666666666666666E-01   3.852699136804745E-01
  609   2.666666666666666E-01   4.276825498806200E-01
  610   2.666666666666666E-01   4.700951860807656E-01
  611   2.666666666666666E-01   5.125078222809112E-01
  612   2.833333333333333E-01   4.014694777596972E-03
  613   2.833333333333333E-01   4.638912206953982E-02
  614   2.833333333333333E-01   8.876354936148267E-02
  615   2.833333333333333E-01   1.311379766534255E-01
  616   2.833333333333333E-01   1.735124039453684E-01
  617   2.833333333333333E-01   2.158868312373112E-01
  618   2.833333333333333E-01   2.582612585292541E-01
  619   2.833333333333333E-01   3.006356858211969E-01
  620   2.833333333333333E-01   3.430101131131398E-01
  621   2.833333333333333E-01   3.853845404050826E-01
  622   2.833333333333333E-01   4.277589676970255E-01
  623   2.833333333333333E-01   4.701333949889683E-01
  624   2.833333333333333E-01   5.125078222809112E-01
  625   3.000000000000000E-01   4.501012955881123E-03
  626   3.000000000000000E-01   4.683491373296711E-02
  627   3.000000000000000E-01   8.916881451005310E-02
  628   3.000000000000000E-01   1.315027152871391E-01
  629   3.000000000000000E-01   1.738366160642233E-01
  630   3.000000000000000E-01   2.161705168413111E-01
  631   3.000000000000000E-01   2.585044176183970E-01
  632   3.000000000000000E-01   3.008383183954813E-01
  633   3.000000000000000E-01   3.431722191725690E-01
  634   3.000000000000000E-01   3.855061199496532E-01
  635   3.000000000000000E-01   4.278400207267392E-01
  636   3.000000000000000E-01   4.701739215038252E-01
  637   3.000000000000000E-01   5.125078222809112E-01
  638   3.166666666666667E-01   5.015146473596133E-03
  639   3.166666666666667E-01   4.730620279087105E-02
  640   3.166666666666667E-01   8.959725910814953E-02
  641   3.166666666666667E-01   1.318883154254245E-01
  642   3.166666666666667E-01   1.741793717427012E-01
  643   3.166666666666667E-01   2.164704280599778E-01
  644   3.166666666666667E-01   2.587614843772528E-01
  645   3.166666666666667E-01   3.010525406945295E-01
  646   3.166666666666667E-01   3.433435970118062E-01
  647   3.166666666666667E-01   3.856346533290829E-01
  648   3.166666666666667E-01   4.279257096463578E-01
  649   3.166666666666667E-01   4.702167659636363E-01
  650   3.166666666666667E-01   5.125078222809112E-01
  651   3.333333333333334E-01   5.557099623366923E-03
  652   3.333333333333334E-01   4.780299317816095E-02
  653   3.333333333333334E-01   9.004888673295852E-02
  654   3.333333333333334E-01   1.322947802877525E-01
  655   3.333333333333334E-01   1.745406738425483E-01
  656   3.333333333333334E-01   2.167865673973441E-01
  657   3.333333333333334E-01   2.590324609521382E-01
  658   3.333333333333334E-01   3.012783545069340E-01
  659   3.333333333333334E-01   3.435242480617298E-01
  660   3.333333333333334E-01   3.857701416165256E-01
  661   3.333333333333334E-01   4.280160351713196E-01
  662   3.333333333333334E-01   4.702619287261172E-01
  663   3.333333333333334E-01   5.125078222809112E-01
  664   3.500000000000000E-01   6.126876931046965E-03
  665   3.500000000000000E-01   4.832528904353595E-02
  666   3.500000000000000E-01   9.052370115602493E-02
  667   3.500000000000000E-01   1.327221132685139E-01
  668   3.500000000000000E-01   1.749205253810011E-01
  669   3.500000000000000E-01   2.171189374934901E-01
  670   3.500000000000000E-01   2.593173496059791E-01
  671   3.500000000000000E-01   3.015157617184663E-01
  672   3.500000000000000E-01   3.437141738309570E-01
  673   3.500000000000000E-01   3.859125859434442E-01
  674   3.500000000000000E-01   4.281109980559332E-01
  675   3.500000000000000E-01   4.703094101684222E-01
  676   3.500000000000000E-01   5.125078222809112E-01
  677   3.666666666666667E-01   6.724483155908345E-03
  678   3.666666666666667E-01   4.887309474965740E-02
  679   3.666666666666667E-01   9.102170634341000E-02
  680   3.666666666666667E-01   1.331703179371591E-01
  681   3.666666666666667E-01   1.753189295309081E-01
  682   3.666666666666667E-01   2.174675411246607E-01
  683   3.666666666666667E-01   2.596161527184098E-01
  684   3.666666666666667E-01   3.017647643121588E-01
  685   3.666666666666667E-01   3.439133759059114E-01
  686   3.666666666666667E-01   3.860619874996605E-01
  687   3.666666666666667E-01   4.282105990934095E-01
  688   3.666666666666667E-01   4.703592106871621E-01
  689   3.666666666666667E-01   5.125078222809112E-01
  690   3.833333333333333E-01   7.349923290840721E-03
  691   3.833333333333333E-01   4.944641487334600E-02
  692   3.833333333333333E-01   9.154290645585306E-02
  693   3.833333333333333E-01   1.336393980383583E-01
  694   3.833333333333333E-01   1.757358896208636E-01
  695   3.833333333333333E-01   2.178323812033707E-01
  696   3.833333333333333E-01   2.599288727858760E-01
  697   3.833333333333333E-01   3.020253643683812E-01
  698   3.833333333333333E-01   3.441218559508883E-01
  699   3.833333333333333E-01   3.862183475333936E-01
  700   3.833333333333333E-01   4.283148391158988E-01
  701   3.833333333333333E-01   4.704113306984059E-01
  702   3.833333333333333E-01   5.125078222809112E-01
  703   4.000000000000000E-01   8.003202562562706E-03
  704   4.000000000000000E-01   5.004525420575767E-02
  705   4.000000000000000E-01   9.208730584895441E-02
  706   4.000000000000000E-01   1.341293574921494E-01
  707   4.000000000000000E-01   1.761714091353443E-01
  708   4.000000000000000E-01   2.182134607785411E-01
  709   4.000000000000000E-01   2.602555124217361E-01
  710   4.000000000000000E-01   3.022975640649328E-01
  711   4.000000000000000E-01   3.443396157081295E-01
  712   4.000000000000000E-01   3.863816673513245E-01
  713   4.000000000000000E-01   4.284237189945195E-01
  714   4.000000000000000E-01   4.704657706377162E-01
  715   4.000000000000000E-01   5.125078222809112E-01
  716   4.166666666666666E-01   8.684326431835032E-03
  717   4.166666666666666E-01   5.066961775259138E-02
  718   4.166666666666666E-01   9.265490907334772E-02
  719   4.166666666666666E-01   1.346402003941041E-01
  720   4.166666666666666E-01   1.766254917148604E-01
  721   4.166666666666666E-01   2.186107830356168E-01
  722   4.166666666666666E-01   2.605960743563731E-01
  723   4.166666666666666E-01   3.025813656771295E-01
  724   4.166666666666666E-01   3.445666569978858E-01
  725   4.166666666666666E-01   3.865519483186421E-01
  726   4.166666666666666E-01   4.285372396393985E-01
  727   4.166666666666666E-01   4.705225309601548E-01
  728   4.166666666666666E-01   5.125078222809112E-01
  729   4.333333333333333E-01   9.393300593691478E-03
  730   4.333333333333333E-01   5.131951073429164E-02
  731   4.333333333333333E-01   9.324572087489535E-02
  732   4.333333333333333E-01   1.351719310154955E-01
  733   4.333333333333333E-01   1.770981411560975E-01
  734   4.333333333333333E-01   2.190243512966994E-01
  735   4.333333333333333E-01   2.609505614373013E-01
  736   4.333333333333333E-01   3.028767715779033E-01
  737   4.333333333333333E-01   3.448029817185052E-01
  738   4.333333333333333E-01   3.867291918591071E-01
  739   4.333333333333333E-01   4.286554019997073E-01
  740   4.333333333333333E-01   4.705816121403110E-01
  741   4.333333333333333E-01   5.125078222809112E-01
  742   4.500000000000000E-01   1.013013097768045E-02
  743   4.500000000000000E-01   5.199493858628301E-02
  744   4.500000000000000E-01   9.385974619488557E-02
  745   4.500000000000000E-01   1.357245538034881E-01
  746   4.500000000000000E-01   1.775893614120907E-01
  747   4.500000000000000E-01   2.194541690206933E-01
  748   4.500000000000000E-01   2.613189766292958E-01
  749   4.500000000000000E-01   3.031837842378984E-01
  750   4.500000000000000E-01   3.450485918465009E-01
  751   4.500000000000000E-01   3.869133994551035E-01
  752   4.500000000000000E-01   4.287782070637061E-01
  753   4.500000000000000E-01   4.706430146723086E-01
  754   4.500000000000000E-01   5.125078222809112E-01
  755   4.666666666666667E-01   1.089482374811368E-02
  756   4.666666666666667E-01   5.269590695917969E-02
  757   4.666666666666667E-01   9.449699017024749E-02
  758   4.666666666666667E-01   1.362980733813135E-01
  759   4.666666666666667E-01   1.780991565923795E-01
  760   4.666666666666667E-01   2.199002398034473E-01
  761   4.666666666666667E-01   2.617013230145133E-01
  762   4.666666666666667E-01   3.035024062255776E-01
  763   4.666666666666667E-01   3.453034894366453E-01
  764   4.666666666666667E-01   3.871045726477114E-01
  765   4.666666666666667E-01   4.289056558587774E-01
  766   4.666666666666667E-01   4.707067390698452E-01
  767   4.666666666666667E-01   5.125078222809112E-01
  768   4.833333333333333E-01   1.168738530431845E-02
  769   4.833333333333333E-01   5.342242171903422E-02
  770   4.833333333333333E-01   9.515745813375176E-02
  771   4.833333333333333E-01   1.368924945484657E-01
  772   4.833333333333333E-01   1.786275309631815E-01
  773   4.833333333333333E-01   2.203625673778991E-01
  774   4.833333333333333E-01   2.620976037926148E-01
  775   4.833333333333333E-01   3.038326402073306E-01
  776   4.833333333333333E-01   3.455676766220481E-01
  777   4.833333333333333E-01   3.873027130367639E-01
  778   4.833333333333333E-01   4.290377494514779E-01
  779   4.833333333333333E-01   4.707727858661954E-01
  780   4.833333333333333E-01   5.125078222809112E-01
  781   5.000000000000000E-01   1.250782228091118E-02
  782   5.000000000000000E-01   5.417448894757726E-02
  783   5.000000000000000E-01   9.584115561424511E-02
  784   5.000000000000000E-01   1.375078222809112E-01
  785   5.000000000000000E-01   1.791744889475773E-01
  786   5.000000000000000E-01   2.208411556142451E-01
  787   5.000000000000000E-01   2.625078222809112E-01
  788   5.000000000000000E-01   3.041744889475773E-01
  789   5.000000000000000E-01   3.458411556142451E-01
  790   5.000000000000000E-01   3.875078222809112E-01
  791   5.000000000000000E-01   4.291744889475773E-01
  792   5.000000000000000E-01   4.708411556142451E-01
  793   5.000000000000000E-01   5.125078222809112E-01
  794  -1.294095284438187E+00  -1.723708843437208E-01
  795  -1.294354103495075E+00  -1.714049585205899E-01
  796  -1.294612922551962E+00  -1.704390326974590E-01
  797  -1.254540106233989E+00  -1.619453385340153E-01
  798  -1.254791015093961E+00  -1.609773242381909E-01
  799  -1.255041921462335E+00  -1.600093196275054E-01
  800  -1.214900958840715E+00  -1.518437484217161E-01
  801  -1.215143939965993E+00  -1.508737134232963E-01
  802  -1.215386918599672E+00  -1.499036881100171E-01
  803  -1.175180494051693E+00  -1.420667934944531E-01
  804  -1.175415530677238E+00  -1.410948057705941E-01
  805  -1.175650567302783E+00  -1.401228180467342E-01
  806  -1.135381375365307E+00  -1.326151149651702E-01
  807  -1.135608450532897E+00  -1.316412424412610E-01
  808  -1.135835528288677E+00  -1.306673602580934E-01
  809  -1.095506260214420E+00  -1.234893627743210E-01
  810  -1.095725360326763E+00  -1.225136639235496E-01
  811  -1.095944463993222E+00  -1.215379556723395E-01
  812  -1.055557820808107E+00  -1.146901390578217E-01
  813  -1.055768934199762E+00  -1.137126728710136E-01
  814  -1.055980044037302E+00  -1.127352160846451E-01
  815  -1.015538730977705E+00  -1.062180360335150E-01
  816  -1.015741840497266E+00  -1.052388703842979E-01
  817  -1.015944948394562E+00  -1.042597146531570E-01
  818  -9.754516710436140E-01  -9.807360624693207E-02
  819  -9.756467617811095E-01  -9.709281996228558E-02
  820  -9.758418499304147E-01  -9.611204333689560E-02
  821  -9.352993180817011E-01  -9.025742207975984E-02
  822  -9.354863774057659E-01  -8.927507389168987E-02
  823  -9.356734376957566E-01  -8.829272596243865E-02
  824  -8.950843669755824E-01  -8.276997786316098E-02
  825  -8.952633825644373E-01  -8.178613693938885E-02
  826  -8.954424007414830E-01  -8.080228635635844E-02
  827  -8.548095048443014E-01  -7.561179690607300E-02
  828  -8.549804650325065E-01  -7.462652223742516E-02
  829  -8.551514261866371E-01  -7.364124782759696E-02
  830  -8.144774259522999E-01  -6.878335266822866E-02
  831  -8.146403229381179E-01  -6.779670428080742E-02
  832  -8.148032173357457E-01  -6.681006555264357E-02
  833  -7.740908361922946E-01  -6.228509066686172E-02
  834  -7.742456540998304E-01  -6.129714712882794E-02
  835  -7.744004720073664E-01  -6.030920359079506E-02
  836  -7.336524337295953E-01  -5.611745434865423E-02
  837  -7.337991621689217E-01  -5.512828534536851E-02
  838  -7.339458931964385E-01  -5.413910668282362E-02
  839  -6.931649238377452E-01  -5.028086835941004E-02
  840  -6.933035566293899E-01  -4.929052399889500E-02
  841  -6.934421903869602E-01  -4.830017989720048E-02
  842  -6.526310224898016E-01  -4.477569809528603E-02
  843  -6.527615476215721E-01  -4.378425798098196E-02
  844  -6.528920753415334E-01  -4.279280820741960E-02
  845  -6.120534359623979E-01  -3.960233741257912E-02
  846  -6.121758482207484E-01  -3.860985191132738E-02
  847  -6.122982578909083E-01  -3.761737606933480E-02
  848  -5.714348857517250E-01  -3.476111177631758E-02
  849  -5.715491731244632E-01  -3.376766049155666E-02
  850  -5.716634588749365E-01  -3.277421912487188E-02
  851  -5.307780878680045E-01  -3.025235553433436E-02
  852  -5.308842418970546E-01  -2.925800866906147E-02
  853  -5.309903968920309E-01  -2.826366206260822E-02
  854  -4.900857622223279E-01  -2.607637302140908E-02
  855  -4.901837789696564E-01  -2.508119163700329E-02
  856  -4.902817973392496E-01  -2.408600033452046E-02
  857  -4.493606345585049E-01  -2.223343907691078E-02
  858  -4.494505071883012E-01  -2.123748345829224E-02
  859  -4.495403798180974E-01  -2.024152783967370E-02
  860  -4.086054319330252E-01  -1.872380818641250E-02
  861  -4.086871539190650E-01  -1.772714905421680E-02
  862  -4.087688733169138E-01  -1.673049958128114E-02
  863  -3.678228781950130E-01  -1.554772362331747E-02
  864  -3.678964430110717E-01  -1.455043169818282E-02
  865  -3.679700078271300E-01  -1.355313977304906E-02
  866  -3.270157065804281E-01  -1.270538976517699E-02
  867  -3.270811112543983E-01  -1.170752636729944E-02
  868  -3.271465123742522E-01  -1.070967236986142E-02
  869  -2.861866490497194E-01  -1.019700029500559E-02
  870  -2.862438851235252E-01  -9.198635627384100E-03
  871  -2.863011186091405E-01  -8.200280619020006E-03
  872  -2.453384330804576E-01  -8.022726989111995E-03
  873  -2.453875043434719E-01  -7.023924183676478E-03
  874  -2.454365730182961E-01  -6.025131037498355E-03
  875  -2.044737974689008E-01  -6.182703245593224E-03
  876  -2.045146928748580E-01  -5.183542164600041E-03
  877  -2.045555882808152E-01  -4.184381083606858E-03
  878  -1.635954713520507E-01  -4.677059874351741E-03
  879  -1.636281946903235E-01  -3.677603649731687E-03
  880  -1.636609109575289E-01  -2.678135177662355E-03
  881  -1.227061987025475E-01  -3.505910954966218E-03
  882  -1.227307466914414E-01  -2.506210471200809E-03
  883  -1.227552850210765E-01  -1.506507399244406E-03
  884  -8.180871970365788E-02  -2.669307435087198E-03
  885  -8.182508129690591E-02  -1.669442554431910E-03
  886  -8.184144289015438E-02  -6.695776737775105E-04
  887  -4.090575711481881E-02  -2.167326651943746E-03
  888  -4.091393610179472E-02  -1.167360506330262E-03
  889  -4.092212474802914E-02  -1.673969489086602E-04
  890  -5.629567900733434E-08  -2.000000234668953E-03
  891  -6.612501390890202E-08  -9.999985442190606E-04
  892  -6.370689997758916E-08  -3.924836455837521E-09
  893   4.090563928880009E-02  -2.167328246429179E-03
  894   4.091381673444028E-02  -1.167358625949078E-03
  895   4.092199676827080E-02  -1.673986647272585E-04
  896   8.180859583291511E-02  -2.669308162199791E-03
  897   8.182495935234790E-02  -1.669443402879445E-03
  898   8.184132287178092E-02  -6.695786435582107E-04
  899   1.227060814256491E-01  -3.505905890992089E-03
  900   1.227306272295015E-01  -2.506209124760517E-03
  901   1.227551607859050E-01  -1.506505287461657E-03
  902   1.635953563914132E-01  -4.677058364039866E-03
  903   1.636280710310538E-01  -3.677595311018855E-03
  904   1.636607953299525E-01  -2.678129669807738E-03
  905   2.044736784664285E-01  -6.182692853323069E-03
  906   2.045145703999331E-01  -5.183533716511590E-03
  907   2.045554623334376E-01  -4.184374579699224E-03
  908   2.453383098697928E-01  -8.022714724110536E-03
  909   2.453873753077884E-01  -7.023922635438495E-03
  910   2.454364504050417E-01  -6.025127958575460E-03
  911   2.861865243745485E-01  -1.019699518751782E-02
  912   2.862437595276619E-01  -9.198633278916013E-03
  913   2.863010043400336E-01  -8.200268782124098E-03
  914   3.270155879891670E-01  -1.270537647688563E-02
  915   3.270809916562156E-01  -1.170751753954224E-02
  916   3.271463953232645E-01  -1.070965860219797E-02
  917   3.678227596510515E-01  -1.554771307300129E-02
  918   3.678963183834041E-01  -1.455042282703722E-02
  919   3.679698867750152E-01  -1.355312999288394E-02
  920   4.086053117462358E-01  -1.872379373653388E-02
  921   4.086870340019686E-01  -1.772714238494721E-02
  922   4.087687562577011E-01  -1.673049103336144E-02
  923   4.493605121778781E-01  -2.223342913485560E-02
  924   4.494503819201690E-01  -2.123747273851162E-02
  925   4.495402613217179E-01  -2.024151375397576E-02
  926   4.900856422977671E-01  -2.607636421522397E-02
  927   4.901836583254331E-01  -2.508117556530909E-02
  928   4.902816743530993E-01  -2.408598691539332E-02
  929   5.307779641391743E-01  -3.025234910127050E-02
  930   5.308841226628436E-01  -2.925799132971552E-02
  931   5.309902741154446E-01  -2.826364580560892E-02
  932   5.714347609485764E-01  -3.476109717428599E-02
  933   5.715490511078070E-01  -3.376764566047008E-02
  934   5.716633341959698E-01  -3.277420639410344E-02
  935   6.120533159724477E-01  -3.960232181555767E-02
  936   6.121757243186088E-01  -3.860984227960174E-02
  937   6.122981326647698E-01  -3.761736274364669E-02
  938   6.526308995163108E-01  -4.477568811008137E-02
  939   6.527614319192874E-01  -4.378424109572610E-02
  940   6.528919546630059E-01  -4.279279666956182E-02
  941   6.931647986160134E-01  -5.028084630721708E-02
  942   6.933034345561071E-01  -4.929050978203264E-02
  943   6.934420679080100E-01  -4.830016359758993E-02
  944   7.336523099666634E-01  -5.611744406813202E-02
  945   7.337990404781194E-01  -5.512826184553266E-02
  946   7.339457735777661E-01  -5.413908928219069E-02
  947   7.740907147342226E-01  -6.228507109844283E-02
  948   7.742455315447911E-01  -6.129712821706423E-02
  949   7.744003483553596E-01  -6.030918533568652E-02
  950   8.144773089202946E-01  -6.878333383409441E-02
  951   8.146402056524118E-01  -6.779668376661085E-02
  952   8.148030953134613E-01  -6.681004594657569E-02
  953   8.548093826565961E-01  -7.561177816728915E-02
  954   8.549803484498215E-01  -7.462649629307982E-02
  955   8.551513071719792E-01  -7.364122666631800E-02
  956   8.950842479815511E-01  -8.276995447311020E-02
  957   8.952632623161858E-01  -8.178611875974351E-02
  958   8.954422837218883E-01  -8.080227079892843E-02
  959   9.352992020979456E-01  -9.025739639631158E-02
  960   9.354862560082351E-01  -8.927505065720176E-02
  961   9.356733195777827E-01  -8.829270232990272E-02
  962   9.754515485861275E-01  -9.807358410897482E-02
  963   9.756466408708890E-01  -9.709280113531182E-02
  964   9.758417331556513E-01  -9.611201816164883E-02
  965   1.015538612933153E+00  -1.062180022660622E-01
  966   1.015741720484497E+00  -1.052388503661570E-01
  967   1.015944828035842E+00  -1.042596984662518E-01
  968   1.055557703202246E+00  -1.146901091329466E-01
  969   1.055768812571543E+00  -1.137126540269211E-01
  970   1.055979929011907E+00  -1.127351866734472E-01
  971   1.095506141598769E+00  -1.234893384801081E-01
  972   1.095725246408454E+00  -1.225136336406338E-01
  973   1.095944341558881E+00  -1.215379313893505E-01
  974   1.135381252222771E+00  -1.326150925120588E-01
  975   1.135608331953144E+00  -1.316412159067060E-01
  976   1.135835411683519E+00  -1.306673393013540E-01
  977   1.175180375904623E+00  -1.420667585976743E-01
  978   1.175415417107055E+00  -1.410947759465637E-01
  979   1.175650446062037E+00  -1.401227862243850E-01
  980   1.214900841227250E+00  -1.518437170347564E-01
  981   1.215143818205659E+00  -1.508736869869418E-01
  982   1.215386804843327E+00  -1.499036543509371E-01
  983   1.254539985739332E+00  -1.619453043076993E-01
  984   1.254790897292537E+00  -1.609772996543706E-01
  985   1.255041806257551E+00  -1.600092853417818E-01
  986   1.294095166308064E+00  -1.723708517245148E-01
  987   1.294353986739983E+00  -1.714049311147230E-01
  988   1.294612804583712E+00  -1.704390008456720E-01
3
794   796      1   1   1   0
986   988      1   1   1   0
13 ,   793,      13,   1,   0,   0
     0,      0,      0,      0 ,     0,      0
       1,     9
2.00E+7  3.00E-01,  0.00E+00,  0.00E+00,  0.00E+00,  0.00E+00,  0.00E+00,  0.00E+00,  1.00E-04
     2 ,    9
 2.00E+11  3.00E-01,  0.00E+00,  0.00E+00,  0.00E+00,  0.00E+00,  0.00E+00,  0.00E+00,  1.00E-04
       0,      0,      0,      0,      0 ,     0,      0,      0,      0


    1
   p9_3
  212    9    9    3
              1              1             27             29              3             14             28             16              2             15              1              1
              2              3             29             31              5             16             30             18              4             17              1              1
              3              5             31             33              7             18             32             20              6             19              1              1
              4              7             33             35              9             20             34             22              8             21              1              1
              5              9             35             37             11             22             36             24             10             23              1              1
              6             11             37             39             13             24             38             26             12             25              1              1
              7             27             53             55             29             40             54             42             28             41              1              1
              8             29             55             57             31             42             56             44             30             43              1              1
              9             31             57             59             33             44             58             46             32             45              1              1
             10             33             59             61             35             46             60             48             34             47              1              1
             11             35             61             63             37             48             62             50             36             49              1              1
             12             37             63             65             39             50             64             52             38             51              1              1
             13             53             79             81             55             66             80             68             54             67              1              1
             14             55             81             83             57             68             82             70             56             69              1              1
             15             57             83             85             59             70             84             72             58             71              1              1
             16             59             85             87             61             72             86             74             60             73              1              1
             17             61             87             89             63             74             88             76             62             75              1              1
             18             63             89             91             65             76             90             78             64             77              1              1
             19             79            105            107             81             92            106             94             80             93              1              1
             20             81            107            109             83             94            108             96             82             95              1              1
             21             83            109            111             85             96            110             98             84             97              1              1
             22             85            111            113             87             98            112            100             86             99              1              1
             23             87            113            115             89            100            114            102             88            101              1              1
             24             89            115            117             91            102            116            104             90            103              1              1
             25            105            131            133            107            118            132            120            106            119              1              1
             26            107            133            135            109            120            134            122            108            121              1              1
             27            109            135            137            111            122            136            124            110            123              1              1
             28            111            137            139            113            124            138            126            112            125              1              1
             29            113            139            141            115            126            140            128            114            127              1              1
             30            115            141            143            117            128            142            130            116            129              1              1
             31            131            157            159            133            144            158            146            132            145              1              1
             32            133            159            161            135            146            160            148            134            147              1              1
             33            135            161            163            137            148            162            150            136            149              1              1
             34            137            163            165            139            150            164            152            138            151              1              1
             35            139            165            167            141            152            166            154            140            153              1              1
             36            141            167            169            143            154            168            156            142            155              1              1
             37            157            183            185            159            170            184            172            158            171              1              1
             38            159            185            187            161            172            186            174            160            173              1              1
             39            161            187            189            163            174            188            176            162            175              1              1
             40            163            189            191            165            176            190            178            164            177              1              1
             41            165            191            193            167            178            192            180            166            179              1              1
             42            167            193            195            169            180            194            182            168            181              1              1
             43            183            209            211            185            196            210            198            184            197              1              1
             44            185            211            213            187            198            212            200            186            199              1              1
             45            187            213            215            189            200            214            202            188            201              1              1
             46            189            215            217            191            202            216            204            190            203              1              1
             47            191            217            219            193            204            218            206            192            205              1              1
             48            193            219            221            195            206            220            208            194            207              1              1
             49            209            235            237            211            222            236            224            210            223              1              1
             50            211            237            239            213            224            238            226            212            225              1              1
             51            213            239            241            215            226            240            228            214            227              1              1
             52            215            241            243            217            228            242            230            216            229              1              1
             53            217            243            245            219            230            244            232            218            231              1              1
             54            219            245            247            221            232            246            234            220            233              1              1
             55            235            261            263            237            248            262            250            236            249              1              1
             56            237            263            265            239            250            264            252            238            251              1              1
             57            239            265            267            241            252            266            254            240            253              1              1
             58            241            267            269            243            254            268            256            242            255              1              1
             59            243            269            271            245            256            270            258            244            257              1              1
             60            245            271            273            247            258            272            260            246            259              1              1
             61            261            287            289            263            274            288            276            262            275              1              1
             62            263            289            291            265            276            290            278            264            277              1              1
             63            265            291            293            267            278            292            280            266            279              1              1
             64            267            293            295            269            280            294            282            268            281              1              1
             65            269            295            297            271            282            296            284            270            283              1              1
             66            271            297            299            273            284            298            286            272            285              1              1
             67            287            313            315            289            300            314            302            288            301              1              1
             68            289            315            317            291            302            316            304            290            303              1              1
             69            291            317            319            293            304            318            306            292            305              1              1
             70            293            319            321            295            306            320            308            294            307              1              1
             71            295            321            323            297            308            322            310            296            309              1              1
             72            297            323            325            299            310            324            312            298            311              1              1
             73            313            339            341            315            326            340            328            314            327              1              1
             74            315            341            343            317            328            342            330            316            329              1              1
             75            317            343            345            319            330            344            332            318            331              1              1
             76            319            345            347            321            332            346            334            320            333              1              1
             77            321            347            349            323            334            348            336            322            335              1              1
             78            323            349            351            325            336            350            338            324            337              1              1
             79            339            365            367            341            352            366            354            340            353              1              1
             80            341            367            369            343            354            368            356            342            355              1              1
             81            343            369            371            345            356            370            358            344            357              1              1
             82            345            371            373            347            358            372            360            346            359              1              1
             83            347            373            375            349            360            374            362            348            361              1              1
             84            349            375            377            351            362            376            364            350            363              1              1
             85            365            391            393            367            378            392            380            366            379              1              1
             86            367            393            395            369            380            394            382            368            381              1              1
             87            369            395            397            371            382            396            384            370            383              1              1
             88            371            397            399            373            384            398            386            372            385              1              1
             89            373            399            401            375            386            400            388            374            387              1              1
             90            375            401            403            377            388            402            390            376            389              1              1
             91            391            417            419            393            404            418            406            392            405              1              1
             92            393            419            421            395            406            420            408            394            407              1              1
             93            395            421            423            397            408            422            410            396            409              1              1
             94            397            423            425            399            410            424            412            398            411              1              1
             95            399            425            427            401            412            426            414            400            413              1              1
             96            401            427            429            403            414            428            416            402            415              1              1
             97            417            443            445            419            430            444            432            418            431              1              1
             98            419            445            447            421            432            446            434            420            433              1              1
             99            421            447            449            423            434            448            436            422            435              1              1
            100            423            449            451            425            436            450            438            424            437              1              1
            101            425            451            453            427            438            452            440            426            439              1              1
            102            427            453            455            429            440            454            442            428            441              1              1
            103            443            469            471            445            456            470            458            444            457              1              1
            104            445            471            473            447            458            472            460            446            459              1              1
            105            447            473            475            449            460            474            462            448            461              1              1
            106            449            475            477            451            462            476            464            450            463              1              1
            107            451            477            479            453            464            478            466            452            465              1              1
            108            453            479            481            455            466            480            468            454            467              1              1
            109            469            495            497            471            482            496            484            470            483              1              1
            110            471            497            499            473            484            498            486            472            485              1              1
            111            473            499            501            475            486            500            488            474            487              1              1
            112            475            501            503            477            488            502            490            476            489              1              1
            113            477            503            505            479            490            504            492            478            491              1              1
            114            479            505            507            481            492            506            494            480            493              1              1
            115            495            521            523            497            508            522            510            496            509              1              1
            116            497            523            525            499            510            524            512            498            511              1              1
            117            499            525            527            501            512            526            514            500            513              1              1
            118            501            527            529            503            514            528            516            502            515              1              1
            119            503            529            531            505            516            530            518            504            517              1              1
            120            505            531            533            507            518            532            520            506            519              1              1
            121            521            547            549            523            534            548            536            522            535              1              1
            122            523            549            551            525            536            550            538            524            537              1              1
            123            525            551            553            527            538            552            540            526            539              1              1
            124            527            553            555            529            540            554            542            528            541              1              1
            125            529            555            557            531            542            556            544            530            543              1              1
            126            531            557            559            533            544            558            546            532            545              1              1
            127            547            573            575            549            560            574            562            548            561              1              1
            128            549            575            577            551            562            576            564            550            563              1              1
            129            551            577            579            553            564            578            566            552            565              1              1
            130            553            579            581            555            566            580            568            554            567              1              1
            131            555            581            583            557            568            582            570            556            569              1              1
            132            557            583            585            559            570            584            572            558            571              1              1
            133            573            599            601            575            586            600            588            574            587              1              1
            134            575            601            603            577            588            602            590            576            589              1              1
            135            577            603            605            579            590            604            592            578            591              1              1
            136            579            605            607            581            592            606            594            580            593              1              1
            137            581            607            609            583            594            608            596            582            595              1              1
            138            583            609            611            585            596            610            598            584            597              1              1
            139            599            625            627            601            612            626            614            600            613              1              1
            140            601            627            629            603            614            628            616            602            615              1              1
            141            603            629            631            605            616            630            618            604            617              1              1
            142            605            631            633            607            618            632            620            606            619              1              1
            143            607            633            635            609            620            634            622            608            621              1              1
            144            609            635            637            611            622            636            624            610            623              1              1
            145            625            651            653            627            638            652            640            626            639              1              1
            146            627            653            655            629            640            654            642            628            641              1              1
            147            629            655            657            631            642            656            644            630            643              1              1
            148            631            657            659            633            644            658            646            632            645              1              1
            149            633            659            661            635            646            660            648            634            647              1              1
            150            635            661            663            637            648            662            650            636            649              1              1
            151            651            677            679            653            664            678            666            652            665              1              1
            152            653            679            681            655            666            680            668            654            667              1              1
            153            655            681            683            657            668            682            670            656            669              1              1
            154            657            683            685            659            670            684            672            658            671              1              1
            155            659            685            687            661            672            686            674            660            673              1              1
            156            661            687            689            663            674            688            676            662            675              1              1
            157            677            703            705            679            690            704            692            678            691              1              1
            158            679            705            707            681            692            706            694            680            693              1              1
            159            681            707            709            683            694            708            696            682            695              1              1
            160            683            709            711            685            696            710            698            684            697              1              1
            161            685            711            713            687            698            712            700            686            699              1              1
            162            687            713            715            689            700            714            702            688            701              1              1
            163            703            729            731            705            716            730            718            704            717              1              1
            164            705            731            733            707            718            732            720            706            719              1              1
            165            707            733            735            709            720            734            722            708            721              1              1
            166            709            735            737            711            722            736            724            710            723              1              1
            167            711            737            739            713            724            738            726            712            725              1              1
            168            713            739            741            715            726            740            728            714            727              1              1
            169            729            755            757            731            742            756            744            730            743              1              1
            170            731            757            759            733            744            758            746            732            745              1              1
            171            733            759            761            735            746            760            748            734            747              1              1
            172            735            761            763            737            748            762            750            736            749              1              1
            173            737            763            765            739            750            764            752            738            751              1              1
            174            739            765            767            741            752            766            754            740            753              1              1
            175            755            781            783            757            768            782            770            756            769              1              1
            176            757            783            785            759            770            784            772            758            771              1              1
            177            759            785            787            761            772            786            774            760            773              1              1
            178            761            787            789            763            774            788            776            762            775              1              1
            179            763            789            791            765            776            790            778            764            777              1              1
            180            765            791            793            767            778            792            780            766            779              1              1
            181            794            800            802            796            797            801            799            795            798              1              1
            182            800            806            808            802            803            807            805            801            804              1              1
            183            806            812            814            808            809            813            811            807            810              1              1
            184            812            818            820            814            815            819            817            813            816              1              1
            185            818            824            826            820            821            825            823            819            822              1              1
            186            824            830            832            826            827            831            829            825            828              1              1
            187            830            836            838            832            833            837            835            831            834              1              1
            188            836            842            844            838            839            843            841            837            840              1              1
            189            842            848            850            844            845            849            847            843            846              1              1
            190            848            854            856            850            851            855            853            849            852              1              1
            191            854            860            862            856            857            861            859            855            858              1              1
            192            860            866            868            862            863            867            865            861            864              1              1
            193            866            872            874            868            869            873            871            867            870              1              1
            194            872            878            880            874            875            879            877            873            876              1              1
            195            878            884            886            880            881            885            883            879            882              1              1
            196            884            890            892            886            887            891            889            885            888              1              1
            197            890            896            898            892            893            897            895            891            894              1              1
            198            896            902            904            898            899            903            901            897            900              1              1
            199            902            908            910            904            905            909            907            903            906              1              1
            200            908            914            916            910            911            915            913            909            912              1              1
            201            914            920            922            916            917            921            919            915            918              1              1
            202            920            926            928            922            923            927            925            921            924              1              1
            203            926            932            934            928            929            933            931            927            930              1              1
            204            932            938            940            934            935            939            937            933            936              1              1
            205            938            944            946            940            941            945            943            939            942              1              1
            206            944            950            952            946            947            951            949            945            948              1              1
            207            950            956            958            952            953            957            955            951            954              1              1
            208            956            962            964            958            959            963            961            957            960              1              1
            209            962            968            970            964            965            969            967            963            966              1              1
            210            968            974            976            970            971            975            973            969            972              1              1
            211            974            980            982            976            977            981            979            975            978              1              1
            212            980            986            988            982            983            987            985            981            984              1              1
0,0,0,0,0,0,0
