Analysis for,q9 combined geometry  528   nodes  112    elements

1.00000E-09
  528    2
    1  -2.500000000000000E+00   3.175416344814579E-01
    2  -2.500000000000000E+00   4.842083011481240E-01
    3  -2.500000000000000E+00   6.508749678147918E-01
    4  -2.500000000000000E+00   8.175416344814579E-01
    5  -2.500000000000000E+00   9.842083011481240E-01
    6  -2.500000000000000E+00   1.150874967814792E+00
    7  -2.500000000000000E+00   1.317541634481458E+00
    8  -2.500000000000000E+00   1.484208301148124E+00
    9  -2.500000000000000E+00   1.650874967814792E+00
   10  -2.500000000000000E+00   1.817541634481458E+00
   11  -2.500000000000000E+00   1.984208301148124E+00
   12  -2.500000000000000E+00   2.150874967814791E+00
   13  -2.500000000000000E+00   2.317541634481458E+00
   14  -2.343750000000000E+00   2.785373560610740E-01
   15  -2.343750000000000E+00   4.484543792627722E-01
   16  -2.343750000000000E+00   6.183714024644722E-01
   17  -2.343750000000000E+00   7.882884256661704E-01
   18  -2.343750000000000E+00   9.582054488678686E-01
   19  -2.343750000000000E+00   1.128122472069569E+00
   20  -2.343750000000000E+00   1.298039495271265E+00
   21  -2.343750000000000E+00   1.467956518472963E+00
   22  -2.343750000000000E+00   1.637873541674663E+00
   23  -2.343750000000000E+00   1.807790564876361E+00
   24  -2.343750000000000E+00   1.977707588078060E+00
   25  -2.343750000000000E+00   2.147624611279759E+00
   26  -2.343750000000000E+00   2.317541634481458E+00
   27  -2.187500000000000E+00   2.421906275025023E-01
   28  -2.187500000000000E+00   4.151365447507480E-01
   29  -2.187500000000000E+00   5.880824619989955E-01
   30  -2.187500000000000E+00   7.610283792472412E-01
   31  -2.187500000000000E+00   9.339742964954869E-01
   32  -2.187500000000000E+00   1.106920213743734E+00
   33  -2.187500000000000E+00   1.279866130991980E+00
   34  -2.187500000000000E+00   1.452812048240226E+00
   35  -2.187500000000000E+00   1.625757965488473E+00
   36  -2.187500000000000E+00   1.798703882736719E+00
   37  -2.187500000000000E+00   1.971649799984965E+00
   38  -2.187500000000000E+00   2.144595717233211E+00
   39  -2.187500000000000E+00   2.317541634481458E+00
   40  -2.031250000000000E+00   2.084718538166879E-01
   41  -2.031250000000000E+00   3.842276688720840E-01
   42  -2.031250000000000E+00   5.599834839274838E-01
   43  -2.031250000000000E+00   7.357392989828799E-01
   44  -2.031250000000000E+00   9.114951140382779E-01
   45  -2.031250000000000E+00   1.087250929093676E+00
   46  -2.031250000000000E+00   1.263006744149074E+00
   47  -2.031250000000000E+00   1.438762559204470E+00
   48  -2.031250000000000E+00   1.614518374259868E+00
   49  -2.031250000000000E+00   1.790274189315266E+00
   50  -2.031250000000000E+00   1.966030004370662E+00
   51  -2.031250000000000E+00   2.141785819426060E+00
   52  -2.031250000000000E+00   2.317541634481458E+00
   53  -1.875000000000000E+00   1.773539715614305E-01
   54  -1.875000000000000E+00   3.557029434714316E-01
   55  -1.875000000000000E+00   5.340519153814363E-01
   56  -1.875000000000000E+00   7.124008872914374E-01
   57  -1.875000000000000E+00   8.907498592014385E-01
   58  -1.875000000000000E+00   1.069098831111443E+00
   59  -1.875000000000000E+00   1.247447803021444E+00
   60  -1.875000000000000E+00   1.425796774931445E+00
   61  -1.875000000000000E+00   1.604145746841450E+00
   62  -1.875000000000000E+00   1.782494718751451E+00
   63  -1.875000000000000E+00   1.960843690661452E+00
   64  -1.875000000000000E+00   2.139192662571455E+00
   65  -1.875000000000000E+00   2.317541634481458E+00
   66  -1.718750000000000E+00   1.488123336574283E-01
   67  -1.718750000000000E+00   3.295397753927638E-01
   68  -1.718750000000000E+00   5.102672171281011E-01
   69  -1.718750000000000E+00   6.909946588634348E-01
   70  -1.718750000000000E+00   8.717221005987703E-01
   71  -1.718750000000000E+00   1.052449542334108E+00
   72  -1.718750000000000E+00   1.233176984069443E+00
   73  -1.718750000000000E+00   1.413904425804779E+00
   74  -1.718750000000000E+00   1.594631867540116E+00
   75  -1.718750000000000E+00   1.775359309275451E+00
   76  -1.718750000000000E+00   1.956086751010785E+00
   77  -1.718750000000000E+00   2.136814192746121E+00
   78  -1.718750000000000E+00   2.317541634481458E+00
   79  -1.562500000000000E+00   1.228246067005578E-01
   80  -1.562500000000000E+00   3.057176923489653E-01
   81  -1.562500000000000E+00   4.886107779973745E-01
   82  -1.562500000000000E+00   6.715038636457820E-01
   83  -1.562500000000000E+00   8.543969492941912E-01
   84  -1.562500000000000E+00   1.037290034942600E+00
   85  -1.562500000000000E+00   1.220183120591008E+00
   86  -1.562500000000000E+00   1.403076206239415E+00
   87  -1.562500000000000E+00   1.585969291887825E+00
   88  -1.562500000000000E+00   1.768862377536234E+00
   89  -1.562500000000000E+00   1.951755463184641E+00
   90  -1.562500000000000E+00   2.134648548833050E+00
   91  -1.562500000000000E+00   2.317541634481458E+00
   92  -1.406250000000000E+00   9.937067972444424E-02
   93  -1.406250000000000E+00   2.842182592875275E-01
   94  -1.406250000000000E+00   4.690658388506144E-01
   95  -1.406250000000000E+00   6.539134184136977E-01
   96  -1.406250000000000E+00   8.387609979767809E-01
   97  -1.406250000000000E+00   1.023608577539868E+00
   98  -1.406250000000000E+00   1.208456157102951E+00
   99  -1.406250000000000E+00   1.393303736666034E+00
  100  -1.406250000000000E+00   1.578151316229121E+00
  101  -1.406250000000000E+00   1.762998895792204E+00
  102  -1.406250000000000E+00   1.947846475355288E+00
  103  -1.406250000000000E+00   2.132694054918373E+00
  104  -1.406250000000000E+00   2.317541634481458E+00
  105  -1.250000000000000E+00   7.843258350778548E-02
  106  -1.250000000000000E+00   2.650250044222577E-01
  107  -1.250000000000000E+00   4.516174253367318E-01
  108  -1.250000000000000E+00   6.382098462512040E-01
  109  -1.250000000000000E+00   8.248022671656763E-01
  110  -1.250000000000000E+00   1.011394688080150E+00
  111  -1.250000000000000E+00   1.197987108994621E+00
  112  -1.250000000000000E+00   1.384579529909093E+00
  113  -1.250000000000000E+00   1.571171950823567E+00
  114  -1.250000000000000E+00   1.757764371738039E+00
  115  -1.250000000000000E+00   1.944356792652512E+00
  116  -1.250000000000000E+00   2.130949213566985E+00
  117  -1.250000000000000E+00   2.317541634481458E+00
  118  -1.093750000000000E+00   5.999441964442376E-02
  119  -1.093750000000000E+00   2.481233542141759E-01
  120  -1.093750000000000E+00   4.362522887839297E-01
  121  -1.093750000000000E+00   6.243812233536818E-01
  122  -1.093750000000000E+00   8.125101579234340E-01
  123  -1.093750000000000E+00   1.000639092493188E+00
  124  -1.093750000000000E+00   1.188768027062942E+00
  125  -1.093750000000000E+00   1.376896961632694E+00
  126  -1.093750000000000E+00   1.565025896202448E+00
  127  -1.093750000000000E+00   1.753154830772200E+00
  128  -1.093750000000000E+00   1.941283765341952E+00
  129  -1.093750000000000E+00   2.129412699911705E+00
  130  -1.093750000000000E+00   2.317541634481458E+00
  131  -9.375000000000000E-01   4.404229870375609E-02
  132  -9.375000000000000E-01   2.335005766852305E-01
  133  -9.375000000000000E-01   4.229588546667067E-01
  134  -9.375000000000000E-01   6.124171326481811E-01
  135  -9.375000000000000E-01   8.018754106296555E-01
  136  -9.375000000000000E-01   9.913336886111317E-01
  137  -9.375000000000000E-01   1.180791966592608E+00
  138  -9.375000000000000E-01   1.370250244574082E+00
  139  -9.375000000000000E-01   1.559708522555558E+00
  140  -9.375000000000000E-01   1.749166800537033E+00
  141  -9.375000000000000E-01   1.938625078518507E+00
  142  -9.375000000000000E-01   2.128083356499983E+00
  143  -9.375000000000000E-01   2.317541634481458E+00
  144  -7.812500000000000E-01   3.056428690670643E-02
  145  -7.812500000000000E-01   2.211457325379342E-01
  146  -7.812500000000000E-01   4.117271781691656E-01
  147  -7.812500000000000E-01   6.023086238003934E-01
  148  -7.812500000000000E-01   7.928900694316230E-01
  149  -7.812500000000000E-01   9.834715150628526E-01
  150  -7.812500000000000E-01   1.174052960694082E+00
  151  -7.812500000000000E-01   1.364634406325312E+00
  152  -7.812500000000000E-01   1.555215851956541E+00
  153  -7.812500000000000E-01   1.745797297587771E+00
  154  -7.812500000000000E-01   1.936378743218999E+00
  155  -7.812500000000000E-01   2.126960188850228E+00
  156  -7.812500000000000E-01   2.317541634481458E+00
  157  -6.250000000000000E-01   1.955036083042927E-02
  158  -6.250000000000000E-01   2.110496336346817E-01
  159  -6.250000000000000E-01   4.025489064389340E-01
  160  -6.250000000000000E-01   5.940481792431864E-01
  161  -6.250000000000000E-01   7.855474520474388E-01
  162  -6.250000000000000E-01   9.770467248516912E-01
  163  -6.250000000000000E-01   1.168545997655944E+00
  164  -6.250000000000000E-01   1.360045270460196E+00
  165  -6.250000000000000E-01   1.551544543264448E+00
  166  -6.250000000000000E-01   1.743043816068701E+00
  167  -6.250000000000000E-01   1.934543088872953E+00
  168  -6.250000000000000E-01   2.126042361677206E+00
  169  -6.250000000000000E-01   2.317541634481458E+00
  170  -4.687500000000000E-01   1.099236973461970E-02
  171  -4.687500000000000E-01   2.032048084635214E-01
  172  -4.687500000000000E-01   3.954172471924267E-01
  173  -4.687500000000000E-01   5.876296859213284E-01
  174  -4.687500000000000E-01   7.798421246502318E-01
  175  -4.687500000000000E-01   9.720545633791353E-01
  176  -4.687500000000000E-01   1.164267002108039E+00
  177  -4.687500000000000E-01   1.356479440836942E+00
  178  -4.687500000000000E-01   1.548691879565846E+00
  179  -4.687500000000000E-01   1.740904318294749E+00
  180  -4.687500000000000E-01   1.933116757023651E+00
  181  -4.687500000000000E-01   2.125329195752554E+00
  182  -4.687500000000000E-01   2.317541634481458E+00
  183  -3.125000000000000E-01   4.884005175327388E-03
  184  -3.125000000000000E-01   1.976054742841704E-01
  185  -3.125000000000000E-01   3.903269433930170E-01
  186  -3.125000000000000E-01   5.830484125018600E-01
  187  -3.125000000000000E-01   7.757698816107030E-01
  188  -3.125000000000000E-01   9.684913507195496E-01
  189  -3.125000000000000E-01   1.161212819828393E+00
  190  -3.125000000000000E-01   1.353934288937236E+00
  191  -3.125000000000000E-01   1.546655758046082E+00
  192  -3.125000000000000E-01   1.739377227154925E+00
  193  -3.125000000000000E-01   1.932098696263768E+00
  194  -3.125000000000000E-01   2.124820165372613E+00
  195  -3.125000000000000E-01   2.317541634481458E+00
  196  -1.562500000000000E-01   1.220777639902693E-03
  197  -1.562500000000000E-01   1.942475157100318E-01
  198  -1.562500000000000E-01   3.872742537801628E-01
  199  -1.562500000000000E-01   5.803009918502919E-01
  200  -1.562500000000000E-01   7.733277299204211E-01
  201  -1.562500000000000E-01   9.663544679905520E-01
  202  -1.562500000000000E-01   1.159381206060679E+00
  203  -1.562500000000000E-01   1.352407944130809E+00
  204  -1.562500000000000E-01   1.545434682200939E+00
  205  -1.562500000000000E-01   1.738461420271069E+00
  206  -1.562500000000000E-01   1.931488158341198E+00
  207  -1.562500000000000E-01   2.124514896411328E+00
  208  -1.562500000000000E-01   2.317541634481458E+00
  209   0.000000000000000E+00   0.000000000000000E+00
  210   0.000000000000000E+00   1.931284695401203E-01
  211   0.000000000000000E+00   3.862569390802442E-01
  212   0.000000000000000E+00   5.793854086203645E-01
  213   0.000000000000000E+00   7.725138781604848E-01
  214   0.000000000000000E+00   9.656423477006086E-01
  215   0.000000000000000E+00   1.158770817240729E+00
  216   0.000000000000000E+00   1.351899286780849E+00
  217   0.000000000000000E+00   1.545027756320973E+00
  218   0.000000000000000E+00   1.738156225861093E+00
  219   0.000000000000000E+00   1.931284695401214E+00
  220   0.000000000000000E+00   2.124413164941336E+00
  221   0.000000000000000E+00   2.317541634481458E+00
  222   1.562500000000000E-01   1.220777639902693E-03
  223   1.562500000000000E-01   1.942475157100318E-01
  224   1.562500000000000E-01   3.872742537801628E-01
  225   1.562500000000000E-01   5.803009918502919E-01
  226   1.562500000000000E-01   7.733277299204211E-01
  227   1.562500000000000E-01   9.663544679905520E-01
  228   1.562500000000000E-01   1.159381206060679E+00
  229   1.562500000000000E-01   1.352407944130809E+00
  230   1.562500000000000E-01   1.545434682200939E+00
  231   1.562500000000000E-01   1.738461420271069E+00
  232   1.562500000000000E-01   1.931488158341198E+00
  233   1.562500000000000E-01   2.124514896411328E+00
  234   1.562500000000000E-01   2.317541634481458E+00
  235   3.125000000000000E-01   4.884005175327388E-03
  236   3.125000000000000E-01   1.976054742841704E-01
  237   3.125000000000000E-01   3.903269433930170E-01
  238   3.125000000000000E-01   5.830484125018600E-01
  239   3.125000000000000E-01   7.757698816107030E-01
  240   3.125000000000000E-01   9.684913507195496E-01
  241   3.125000000000000E-01   1.161212819828393E+00
  242   3.125000000000000E-01   1.353934288937236E+00
  243   3.125000000000000E-01   1.546655758046082E+00
  244   3.125000000000000E-01   1.739377227154925E+00
  245   3.125000000000000E-01   1.932098696263768E+00
  246   3.125000000000000E-01   2.124820165372613E+00
  247   3.125000000000000E-01   2.317541634481458E+00
  248   4.687500000000000E-01   1.099236973461970E-02
  249   4.687500000000000E-01   2.032048084635214E-01
  250   4.687500000000000E-01   3.954172471924267E-01
  251   4.687500000000000E-01   5.876296859213284E-01
  252   4.687500000000000E-01   7.798421246502318E-01
  253   4.687500000000000E-01   9.720545633791353E-01
  254   4.687500000000000E-01   1.164267002108039E+00
  255   4.687500000000000E-01   1.356479440836942E+00
  256   4.687500000000000E-01   1.548691879565846E+00
  257   4.687500000000000E-01   1.740904318294749E+00
  258   4.687500000000000E-01   1.933116757023651E+00
  259   4.687500000000000E-01   2.125329195752554E+00
  260   4.687500000000000E-01   2.317541634481458E+00
  261   6.250000000000000E-01   1.955036083042927E-02
  262   6.250000000000000E-01   2.110496336346817E-01
  263   6.250000000000000E-01   4.025489064389340E-01
  264   6.250000000000000E-01   5.940481792431864E-01
  265   6.250000000000000E-01   7.855474520474388E-01
  266   6.250000000000000E-01   9.770467248516912E-01
  267   6.250000000000000E-01   1.168545997655944E+00
  268   6.250000000000000E-01   1.360045270460196E+00
  269   6.250000000000000E-01   1.551544543264448E+00
  270   6.250000000000000E-01   1.743043816068701E+00
  271   6.250000000000000E-01   1.934543088872953E+00
  272   6.250000000000000E-01   2.126042361677206E+00
  273   6.250000000000000E-01   2.317541634481458E+00
  274   7.812500000000000E-01   3.056428690670643E-02
  275   7.812500000000000E-01   2.211457325379342E-01
  276   7.812500000000000E-01   4.117271781691656E-01
  277   7.812500000000000E-01   6.023086238003934E-01
  278   7.812500000000000E-01   7.928900694316230E-01
  279   7.812500000000000E-01   9.834715150628526E-01
  280   7.812500000000000E-01   1.174052960694082E+00
  281   7.812500000000000E-01   1.364634406325312E+00
  282   7.812500000000000E-01   1.555215851956541E+00
  283   7.812500000000000E-01   1.745797297587771E+00
  284   7.812500000000000E-01   1.936378743218999E+00
  285   7.812500000000000E-01   2.126960188850228E+00
  286   7.812500000000000E-01   2.317541634481458E+00
  287   9.375000000000000E-01   4.404229870375609E-02
  288   9.375000000000000E-01   2.335005766852305E-01
  289   9.375000000000000E-01   4.229588546667067E-01
  290   9.375000000000000E-01   6.124171326481811E-01
  291   9.375000000000000E-01   8.018754106296555E-01
  292   9.375000000000000E-01   9.913336886111317E-01
  293   9.375000000000000E-01   1.180791966592608E+00
  294   9.375000000000000E-01   1.370250244574082E+00
  295   9.375000000000000E-01   1.559708522555558E+00
  296   9.375000000000000E-01   1.749166800537033E+00
  297   9.375000000000000E-01   1.938625078518507E+00
  298   9.375000000000000E-01   2.128083356499983E+00
  299   9.375000000000000E-01   2.317541634481458E+00
  300   1.093750000000000E+00   5.999441964442376E-02
  301   1.093750000000000E+00   2.481233542141759E-01
  302   1.093750000000000E+00   4.362522887839297E-01
  303   1.093750000000000E+00   6.243812233536818E-01
  304   1.093750000000000E+00   8.125101579234340E-01
  305   1.093750000000000E+00   1.000639092493188E+00
  306   1.093750000000000E+00   1.188768027062942E+00
  307   1.093750000000000E+00   1.376896961632694E+00
  308   1.093750000000000E+00   1.565025896202448E+00
  309   1.093750000000000E+00   1.753154830772200E+00
  310   1.093750000000000E+00   1.941283765341952E+00
  311   1.093750000000000E+00   2.129412699911705E+00
  312   1.093750000000000E+00   2.317541634481458E+00
  313   1.250000000000000E+00   7.843258350778548E-02
  314   1.250000000000000E+00   2.650250044222577E-01
  315   1.250000000000000E+00   4.516174253367318E-01
  316   1.250000000000000E+00   6.382098462512040E-01
  317   1.250000000000000E+00   8.248022671656763E-01
  318   1.250000000000000E+00   1.011394688080150E+00
  319   1.250000000000000E+00   1.197987108994621E+00
  320   1.250000000000000E+00   1.384579529909093E+00
  321   1.250000000000000E+00   1.571171950823567E+00
  322   1.250000000000000E+00   1.757764371738039E+00
  323   1.250000000000000E+00   1.944356792652512E+00
  324   1.250000000000000E+00   2.130949213566985E+00
  325   1.250000000000000E+00   2.317541634481458E+00
  326   1.406250000000000E+00   9.937067972444424E-02
  327   1.406250000000000E+00   2.842182592875275E-01
  328   1.406250000000000E+00   4.690658388506144E-01
  329   1.406250000000000E+00   6.539134184136977E-01
  330   1.406250000000000E+00   8.387609979767809E-01
  331   1.406250000000000E+00   1.023608577539868E+00
  332   1.406250000000000E+00   1.208456157102951E+00
  333   1.406250000000000E+00   1.393303736666034E+00
  334   1.406250000000000E+00   1.578151316229121E+00
  335   1.406250000000000E+00   1.762998895792204E+00
  336   1.406250000000000E+00   1.947846475355288E+00
  337   1.406250000000000E+00   2.132694054918373E+00
  338   1.406250000000000E+00   2.317541634481458E+00
  339   1.562500000000000E+00   1.228246067005578E-01
  340   1.562500000000000E+00   3.057176923489653E-01
  341   1.562500000000000E+00   4.886107779973745E-01
  342   1.562500000000000E+00   6.715038636457820E-01
  343   1.562500000000000E+00   8.543969492941912E-01
  344   1.562500000000000E+00   1.037290034942600E+00
  345   1.562500000000000E+00   1.220183120591008E+00
  346   1.562500000000000E+00   1.403076206239415E+00
  347   1.562500000000000E+00   1.585969291887825E+00
  348   1.562500000000000E+00   1.768862377536234E+00
  349   1.562500000000000E+00   1.951755463184641E+00
  350   1.562500000000000E+00   2.134648548833050E+00
  351   1.562500000000000E+00   2.317541634481458E+00
  352   1.718750000000000E+00   1.488123336574283E-01
  353   1.718750000000000E+00   3.295397753927638E-01
  354   1.718750000000000E+00   5.102672171281011E-01
  355   1.718750000000000E+00   6.909946588634348E-01
  356   1.718750000000000E+00   8.717221005987703E-01
  357   1.718750000000000E+00   1.052449542334108E+00
  358   1.718750000000000E+00   1.233176984069443E+00
  359   1.718750000000000E+00   1.413904425804779E+00
  360   1.718750000000000E+00   1.594631867540116E+00
  361   1.718750000000000E+00   1.775359309275451E+00
  362   1.718750000000000E+00   1.956086751010785E+00
  363   1.718750000000000E+00   2.136814192746121E+00
  364   1.718750000000000E+00   2.317541634481458E+00
  365   1.875000000000000E+00   1.773539715614305E-01
  366   1.875000000000000E+00   3.557029434714316E-01
  367   1.875000000000000E+00   5.340519153814363E-01
  368   1.875000000000000E+00   7.124008872914374E-01
  369   1.875000000000000E+00   8.907498592014385E-01
  370   1.875000000000000E+00   1.069098831111443E+00
  371   1.875000000000000E+00   1.247447803021444E+00
  372   1.875000000000000E+00   1.425796774931445E+00
  373   1.875000000000000E+00   1.604145746841450E+00
  374   1.875000000000000E+00   1.782494718751451E+00
  375   1.875000000000000E+00   1.960843690661452E+00
  376   1.875000000000000E+00   2.139192662571455E+00
  377   1.875000000000000E+00   2.317541634481458E+00
  378   2.031250000000000E+00   2.084718538166879E-01
  379   2.031250000000000E+00   3.842276688720840E-01
  380   2.031250000000000E+00   5.599834839274838E-01
  381   2.031250000000000E+00   7.357392989828799E-01
  382   2.031250000000000E+00   9.114951140382779E-01
  383   2.031250000000000E+00   1.087250929093676E+00
  384   2.031250000000000E+00   1.263006744149074E+00
  385   2.031250000000000E+00   1.438762559204470E+00
  386   2.031250000000000E+00   1.614518374259868E+00
  387   2.031250000000000E+00   1.790274189315266E+00
  388   2.031250000000000E+00   1.966030004370662E+00
  389   2.031250000000000E+00   2.141785819426060E+00
  390   2.031250000000000E+00   2.317541634481458E+00
  391   2.187500000000000E+00   2.421906275025023E-01
  392   2.187500000000000E+00   4.151365447507480E-01
  393   2.187500000000000E+00   5.880824619989955E-01
  394   2.187500000000000E+00   7.610283792472412E-01
  395   2.187500000000000E+00   9.339742964954869E-01
  396   2.187500000000000E+00   1.106920213743734E+00
  397   2.187500000000000E+00   1.279866130991980E+00
  398   2.187500000000000E+00   1.452812048240226E+00
  399   2.187500000000000E+00   1.625757965488473E+00
  400   2.187500000000000E+00   1.798703882736719E+00
  401   2.187500000000000E+00   1.971649799984965E+00
  402   2.187500000000000E+00   2.144595717233211E+00
  403   2.187500000000000E+00   2.317541634481458E+00
  404   2.343750000000000E+00   2.785373560610740E-01
  405   2.343750000000000E+00   4.484543792627722E-01
  406   2.343750000000000E+00   6.183714024644722E-01
  407   2.343750000000000E+00   7.882884256661704E-01
  408   2.343750000000000E+00   9.582054488678686E-01
  409   2.343750000000000E+00   1.128122472069569E+00
  410   2.343750000000000E+00   1.298039495271265E+00
  411   2.343750000000000E+00   1.467956518472963E+00
  412   2.343750000000000E+00   1.637873541674663E+00
  413   2.343750000000000E+00   1.807790564876361E+00
  414   2.343750000000000E+00   1.977707588078060E+00
  415   2.343750000000000E+00   2.147624611279759E+00
  416   2.343750000000000E+00   2.317541634481458E+00
  417   2.500000000000000E+00   3.175416344814579E-01
  418   2.500000000000000E+00   4.842083011481240E-01
  419   2.500000000000000E+00   6.508749678147918E-01
  420   2.500000000000000E+00   8.175416344814579E-01
  421   2.500000000000000E+00   9.842083011481240E-01
  422   2.500000000000000E+00   1.150874967814792E+00
  423   2.500000000000000E+00   1.317541634481458E+00
  424   2.500000000000000E+00   1.484208301148124E+00
  425   2.500000000000000E+00   1.650874967814792E+00
  426   2.500000000000000E+00   1.817541634481458E+00
  427   2.500000000000000E+00   1.984208301148124E+00
  428   2.500000000000000E+00   2.150874967814791E+00
  429   2.500000000000000E+00   2.317541634481458E+00
  430  -5.000000000000000E+00  -1.000000000000000E-01
  431  -5.000000000000000E+00  -5.000000000000000E-02
  432  -5.000000000000000E+00   0.000000000000000E+00
  433  -4.687500000000000E+00  -1.000000000000000E-01
  434  -4.687500000000000E+00  -5.000000000000000E-02
  435  -4.687500000000000E+00   0.000000000000000E+00
  436  -4.375000000000000E+00  -1.000000000000000E-01
  437  -4.375000000000000E+00  -5.000000000000000E-02
  438  -4.375000000000000E+00   0.000000000000000E+00
  439  -4.062500000000000E+00  -1.000000000000000E-01
  440  -4.062500000000000E+00  -5.000000000000000E-02
  441  -4.062500000000000E+00   0.000000000000000E+00
  442  -3.750000000000000E+00  -1.000000000000000E-01
  443  -3.750000000000000E+00  -5.000000000000000E-02
  444  -3.750000000000000E+00   0.000000000000000E+00
  445  -3.437500000000000E+00  -1.000000000000000E-01
  446  -3.437500000000000E+00  -5.000000000000000E-02
  447  -3.437500000000000E+00   0.000000000000000E+00
  448  -3.125000000000000E+00  -1.000000000000000E-01
  449  -3.125000000000000E+00  -5.000000000000000E-02
  450  -3.125000000000000E+00   0.000000000000000E+00
  451  -2.812500000000000E+00  -1.000000000000000E-01
  452  -2.812500000000000E+00  -5.000000000000000E-02
  453  -2.812500000000000E+00   0.000000000000000E+00
  454  -2.500000000000000E+00  -1.000000000000000E-01
  455  -2.500000000000000E+00  -5.000000000000000E-02
  456  -2.500000000000000E+00   0.000000000000000E+00
  457  -2.187500000000000E+00  -1.000000000000000E-01
  458  -2.187500000000000E+00  -5.000000000000000E-02
  459  -2.187500000000000E+00   0.000000000000000E+00
  460  -1.875000000000000E+00  -1.000000000000000E-01
  461  -1.875000000000000E+00  -5.000000000000000E-02
  462  -1.875000000000000E+00   0.000000000000000E+00
  463  -1.562500000000000E+00  -1.000000000000000E-01
  464  -1.562500000000000E+00  -5.000000000000000E-02
  465  -1.562500000000000E+00   0.000000000000000E+00
  466  -1.250000000000000E+00  -1.000000000000000E-01
  467  -1.250000000000000E+00  -5.000000000000000E-02
  468  -1.250000000000000E+00   0.000000000000000E+00
  469  -9.375000000000000E-01  -1.000000000000000E-01
  470  -9.375000000000000E-01  -5.000000000000000E-02
  471  -9.375000000000000E-01   0.000000000000000E+00
  472  -6.250000000000000E-01  -1.000000000000000E-01
  473  -6.250000000000000E-01  -5.000000000000000E-02
  474  -6.250000000000000E-01   0.000000000000000E+00
  475  -3.125000000000000E-01  -1.000000000000000E-01
  476  -3.125000000000000E-01  -5.000000000000000E-02
  477  -3.125000000000000E-01   0.000000000000000E+00
  478   0.000000000000000E+00  -1.000000000000000E-01
  479   0.000000000000000E+00  -5.000000000000000E-02
  480   0.000000000000000E+00   0.000000000000000E+00
  481   3.125000000000000E-01  -1.000000000000000E-01
  482   3.125000000000000E-01  -5.000000000000000E-02
  483   3.125000000000000E-01   0.000000000000000E+00
  484   6.250000000000000E-01  -1.000000000000000E-01
  485   6.250000000000000E-01  -5.000000000000000E-02
  486   6.250000000000000E-01   0.000000000000000E+00
  487   9.375000000000000E-01  -1.000000000000000E-01
  488   9.375000000000000E-01  -5.000000000000000E-02
  489   9.375000000000000E-01   0.000000000000000E+00
  490   1.250000000000000E+00  -1.000000000000000E-01
  491   1.250000000000000E+00  -5.000000000000000E-02
  492   1.250000000000000E+00   0.000000000000000E+00
  493   1.562500000000000E+00  -1.000000000000000E-01
  494   1.562500000000000E+00  -5.000000000000000E-02
  495   1.562500000000000E+00   0.000000000000000E+00
  496   1.875000000000000E+00  -1.000000000000000E-01
  497   1.875000000000000E+00  -5.000000000000000E-02
  498   1.875000000000000E+00   0.000000000000000E+00
  499   2.187500000000000E+00  -1.000000000000000E-01
  500   2.187500000000000E+00  -5.000000000000000E-02
  501   2.187500000000000E+00   0.000000000000000E+00
  502   2.500000000000000E+00  -1.000000000000000E-01
  503   2.500000000000000E+00  -5.000000000000000E-02
  504   2.500000000000000E+00   0.000000000000000E+00
  505   2.812500000000000E+00  -1.000000000000000E-01
  506   2.812500000000000E+00  -5.000000000000000E-02
  507   2.812500000000000E+00   0.000000000000000E+00
  508   3.125000000000000E+00  -1.000000000000000E-01
  509   3.125000000000000E+00  -5.000000000000000E-02
  510   3.125000000000000E+00   0.000000000000000E+00
  511   3.437500000000000E+00  -1.000000000000000E-01
  512   3.437500000000000E+00  -5.000000000000000E-02
  513   3.437500000000000E+00   0.000000000000000E+00
  514   3.750000000000000E+00  -1.000000000000000E-01
  515   3.750000000000000E+00  -5.000000000000000E-02
  516   3.750000000000000E+00   0.000000000000000E+00
  517   4.062500000000000E+00  -1.000000000000000E-01
  518   4.062500000000000E+00  -5.000000000000000E-02
  519   4.062500000000000E+00   0.000000000000000E+00
  520   4.375000000000000E+00  -1.000000000000000E-01
  521   4.375000000000000E+00  -5.000000000000000E-02
  522   4.375000000000000E+00   0.000000000000000E+00
  523   4.687500000000000E+00  -1.000000000000000E-01
  524   4.687500000000000E+00  -5.000000000000000E-02
  525   4.687500000000000E+00   0.000000000000000E+00
  526   5.000000000000000E+00  -1.000000000000000E-01
  527   5.000000000000000E+00  -5.000000000000000E-02
  528   5.000000000000000E+00   0.000000000000000E+00
      3
430   432      1   1   1   0
526   528      1   1   1   0
13    429      13  1   1   0
      0      0      0      0      0      0
       1     9
 300.0d8  3.00E-01  0.00E+00  0.00E+00  0.00E+00  0.00E+00  0.00E+00  0.00E+00  1.00E-3  
       0      0      0      0      0      0      0      0      0      0      0      0

  1
'ph9_3'
    112      9      9      3
              1              1             27             29              3             14             28             16              2             15              1              1
              2              3             29             31              5             16             30             18              4             17              1              1
              3              5             31             33              7             18             32             20              6             19              1              1
              4              7             33             35              9             20             34             22              8             21              1              1
              5              9             35             37             11             22             36             24             10             23              1              1
              6             11             37             39             13             24             38             26             12             25              1              1
              7             27             53             55             29             40             54             42             28             41              1              1
              8             29             55             57             31             42             56             44             30             43              1              1
              9             31             57             59             33             44             58             46             32             45              1              1
             10             33             59             61             35             46             60             48             34             47              1              1
             11             35             61             63             37             48             62             50             36             49              1              1
             12             37             63             65             39             50             64             52             38             51              1              1
             13             53             79             81             55             66             80             68             54             67              1              1
             14             55             81             83             57             68             82             70             56             69              1              1
             15             57             83             85             59             70             84             72             58             71              1              1
             16             59             85             87             61             72             86             74             60             73              1              1
             17             61             87             89             63             74             88             76             62             75              1              1
             18             63             89             91             65             76             90             78             64             77              1              1
             19             79            105            107             81             92            106             94             80             93              1              1
             20             81            107            109             83             94            108             96             82             95              1              1
             21             83            109            111             85             96            110             98             84             97              1              1
             22             85            111            113             87             98            112            100             86             99              1              1
             23             87            113            115             89            100            114            102             88            101              1              1
             24             89            115            117             91            102            116            104             90            103              1              1
             25            105            131            133            107            118            132            120            106            119              1              1
             26            107            133            135            109            120            134            122            108            121              1              1
             27            109            135            137            111            122            136            124            110            123              1              1
             28            111            137            139            113            124            138            126            112            125              1              1
             29            113            139            141            115            126            140            128            114            127              1              1
             30            115            141            143            117            128            142            130            116            129              1              1
             31            131            157            159            133            144            158            146            132            145              1              1
             32            133            159            161            135            146            160            148            134            147              1              1
             33            135            161            163            137            148            162            150            136            149              1              1
             34            137            163            165            139            150            164            152            138            151              1              1
             35            139            165            167            141            152            166            154            140            153              1              1
             36            141            167            169            143            154            168            156            142            155              1              1
             37            157            183            185            159            170            184            172            158            171              1              1
             38            159            185            187            161            172            186            174            160            173              1              1
             39            161            187            189            163            174            188            176            162            175              1              1
             40            163            189            191            165            176            190            178            164            177              1              1
             41            165            191            193            167            178            192            180            166            179              1              1
             42            167            193            195            169            180            194            182            168            181              1              1
             43            183            209            211            185            196            210            198            184            197              1              1
             44            185            211            213            187            198            212            200            186            199              1              1
             45            187            213            215            189            200            214            202            188            201              1              1
             46            189            215            217            191            202            216            204            190            203              1              1
             47            191            217            219            193            204            218            206            192            205              1              1
             48            193            219            221            195            206            220            208            194            207              1              1
             49            209            235            237            211            222            236            224            210            223              1              1
             50            211            237            239            213            224            238            226            212            225              1              1
             51            213            239            241            215            226            240            228            214            227              1              1
             52            215            241            243            217            228            242            230            216            229              1              1
             53            217            243            245            219            230            244            232            218            231              1              1
             54            219            245            247            221            232            246            234            220            233              1              1
             55            235            261            263            237            248            262            250            236            249              1              1
             56            237            263            265            239            250            264            252            238            251              1              1
             57            239            265            267            241            252            266            254            240            253              1              1
             58            241            267            269            243            254            268            256            242            255              1              1
             59            243            269            271            245            256            270            258            244            257              1              1
             60            245            271            273            247            258            272            260            246            259              1              1
             61            261            287            289            263            274            288            276            262            275              1              1
             62            263            289            291            265            276            290            278            264            277              1              1
             63            265            291            293            267            278            292            280            266            279              1              1
             64            267            293            295            269            280            294            282            268            281              1              1
             65            269            295            297            271            282            296            284            270            283              1              1
             66            271            297            299            273            284            298            286            272            285              1              1
             67            287            313            315            289            300            314            302            288            301              1              1
             68            289            315            317            291            302            316            304            290            303              1              1
             69            291            317            319            293            304            318            306            292            305              1              1
             70            293            319            321            295            306            320            308            294            307              1              1
             71            295            321            323            297            308            322            310            296            309              1              1
             72            297            323            325            299            310            324            312            298            311              1              1
             73            313            339            341            315            326            340            328            314            327              1              1
             74            315            341            343            317            328            342            330            316            329              1              1
             75            317            343            345            319            330            344            332            318            331              1              1
             76            319            345            347            321            332            346            334            320            333              1              1
             77            321            347            349            323            334            348            336            322            335              1              1
             78            323            349            351            325            336            350            338            324            337              1              1
             79            339            365            367            341            352            366            354            340            353              1              1
             80            341            367            369            343            354            368            356            342            355              1              1
             81            343            369            371            345            356            370            358            344            357              1              1
             82            345            371            373            347            358            372            360            346            359              1              1
             83            347            373            375            349            360            374            362            348            361              1              1
             84            349            375            377            351            362            376            364            350            363              1              1
             85            365            391            393            367            378            392            380            366            379              1              1
             86            367            393            395            369            380            394            382            368            381              1              1
             87            369            395            397            371            382            396            384            370            383              1              1
             88            371            397            399            373            384            398            386            372            385              1              1
             89            373            399            401            375            386            400            388            374            387              1              1
             90            375            401            403            377            388            402            390            376            389              1              1
             91            391            417            419            393            404            418            406            392            405              1              1
             92            393            419            421            395            406            420            408            394            407              1              1
             93            395            421            423            397            408            422            410            396            409              1              1
             94            397            423            425            399            410            424            412            398            411              1              1
             95            399            425            427            401            412            426            414            400            413              1              1
             96            401            427            429            403            414            428            416            402            415              1              1
             97            430            436            438            432            433            437            435            431            434              2              1
             98            436            442            444            438            439            443            441            437            440              2              1
             99            442            448            450            444            445            449            447            443            446              2              1
            100            448            454            456            450            451            455            453            449            452              2              1
            101            454            460            462            456            457            461            459            455            458              2              1
            102            460            466            468            462            463            467            465            461            464              2              1
            103            466            472            474            468            469            473            471            467            470              2              1
            104            472            478            480            474            475            479            477            473            476              2              1
            105            478            484            486            480            481            485            483            479            482              2              1
            106            484            490            492            486            487            491            489            485            488              2              1
            107            490            496            498            492            493            497            495            491            494              2              1
            108            496            502            504            498            499            503            501            497            500              2              1
            109            502            508            510            504            505            509            507            503            506              2              1
            110            508            514            516            510            511            515            513            509            512              2              1
            111            514            520            522            516            517            521            519            515            518              2              1
            112            520            526            528            522            523            527            525            521            524              2              1
       0      0      0      0      0      0      0      0      0      0      0      0
