Analysis for,q9 combined geometry  496   nodes  105    elements

1.00000E-05
  496    2
    1  -1.250000000000000E+02   0.000000000000000E+00
    2  -1.250000000000000E+02   5.000000000000000E+00
    3  -1.250000000000000E+02   1.000000000000000E+01
    4  -1.250000000000000E+02   1.500000000000000E+01
    5  -1.250000000000000E+02   2.000000000000000E+01
    6  -1.250000000000000E+02   2.500000000000000E+01
    7  -1.250000000000000E+02   3.000000000000000E+01
    8  -1.250000000000000E+02   3.500000000000000E+01
    9  -1.250000000000000E+02   4.000000000000000E+01
   10  -1.250000000000000E+02   4.500000000000000E+01
   11  -1.250000000000000E+02   5.000000000000000E+01
   12  -1.166666666666667E+02   0.000000000000000E+00
   13  -1.166666666666667E+02   5.000000000000000E+00
   14  -1.166666666666667E+02   1.000000000000000E+01
   15  -1.166666666666667E+02   1.500000000000000E+01
   16  -1.166666666666667E+02   2.000000000000000E+01
   17  -1.166666666666667E+02   2.500000000000000E+01
   18  -1.166666666666667E+02   3.000000000000000E+01
   19  -1.166666666666667E+02   3.500000000000000E+01
   20  -1.166666666666667E+02   4.000000000000000E+01
   21  -1.166666666666667E+02   4.500000000000000E+01
   22  -1.166666666666667E+02   5.000000000000000E+01
   23  -1.083333333333333E+02   0.000000000000000E+00
   24  -1.083333333333333E+02   5.000000000000000E+00
   25  -1.083333333333333E+02   1.000000000000000E+01
   26  -1.083333333333333E+02   1.500000000000000E+01
   27  -1.083333333333333E+02   2.000000000000000E+01
   28  -1.083333333333333E+02   2.500000000000000E+01
   29  -1.083333333333333E+02   3.000000000000000E+01
   30  -1.083333333333333E+02   3.500000000000000E+01
   31  -1.083333333333333E+02   4.000000000000000E+01
   32  -1.083333333333333E+02   4.500000000000000E+01
   33  -1.083333333333333E+02   5.000000000000000E+01
   34  -1.000000000000000E+02   0.000000000000000E+00
   35  -1.000000000000000E+02   5.000000000000000E+00
   36  -1.000000000000000E+02   1.000000000000000E+01
   37  -1.000000000000000E+02   1.500000000000000E+01
   38  -1.000000000000000E+02   2.000000000000000E+01
   39  -1.000000000000000E+02   2.500000000000000E+01
   40  -1.000000000000000E+02   3.000000000000000E+01
   41  -1.000000000000000E+02   3.500000000000000E+01
   42  -1.000000000000000E+02   4.000000000000000E+01
   43  -1.000000000000000E+02   4.500000000000000E+01
   44  -1.000000000000000E+02   5.000000000000000E+01
   45  -9.166666666666666E+01   0.000000000000000E+00
   46  -9.166666666666666E+01   5.000000000000000E+00
   47  -9.166666666666666E+01   1.000000000000000E+01
   48  -9.166666666666666E+01   1.500000000000000E+01
   49  -9.166666666666666E+01   2.000000000000000E+01
   50  -9.166666666666666E+01   2.500000000000000E+01
   51  -9.166666666666666E+01   3.000000000000000E+01
   52  -9.166666666666666E+01   3.500000000000000E+01
   53  -9.166666666666666E+01   4.000000000000000E+01
   54  -9.166666666666666E+01   4.500000000000000E+01
   55  -9.166666666666666E+01   5.000000000000000E+01
   56  -8.333333333333333E+01   0.000000000000000E+00
   57  -8.333333333333333E+01   5.000000000000000E+00
   58  -8.333333333333333E+01   1.000000000000000E+01
   59  -8.333333333333333E+01   1.500000000000000E+01
   60  -8.333333333333333E+01   2.000000000000000E+01
   61  -8.333333333333333E+01   2.500000000000000E+01
   62  -8.333333333333333E+01   3.000000000000000E+01
   63  -8.333333333333333E+01   3.500000000000000E+01
   64  -8.333333333333333E+01   4.000000000000000E+01
   65  -8.333333333333333E+01   4.500000000000000E+01
   66  -8.333333333333333E+01   5.000000000000000E+01
   67  -7.500000000000000E+01   0.000000000000000E+00
   68  -7.500000000000000E+01   5.000000000000000E+00
   69  -7.500000000000000E+01   1.000000000000000E+01
   70  -7.500000000000000E+01   1.500000000000000E+01
   71  -7.500000000000000E+01   2.000000000000000E+01
   72  -7.500000000000000E+01   2.500000000000000E+01
   73  -7.500000000000000E+01   3.000000000000000E+01
   74  -7.500000000000000E+01   3.500000000000000E+01
   75  -7.500000000000000E+01   4.000000000000000E+01
   76  -7.500000000000000E+01   4.500000000000000E+01
   77  -7.500000000000000E+01   5.000000000000000E+01
   78  -6.666666666666666E+01   0.000000000000000E+00
   79  -6.666666666666666E+01   5.000000000000000E+00
   80  -6.666666666666666E+01   1.000000000000000E+01
   81  -6.666666666666666E+01   1.500000000000000E+01
   82  -6.666666666666666E+01   2.000000000000000E+01
   83  -6.666666666666666E+01   2.500000000000000E+01
   84  -6.666666666666666E+01   3.000000000000000E+01
   85  -6.666666666666666E+01   3.500000000000000E+01
   86  -6.666666666666666E+01   4.000000000000000E+01
   87  -6.666666666666666E+01   4.500000000000000E+01
   88  -6.666666666666666E+01   5.000000000000000E+01
   89  -5.833333333333333E+01   0.000000000000000E+00
   90  -5.833333333333333E+01   5.000000000000000E+00
   91  -5.833333333333333E+01   1.000000000000000E+01
   92  -5.833333333333333E+01   1.500000000000000E+01
   93  -5.833333333333333E+01   2.000000000000000E+01
   94  -5.833333333333333E+01   2.500000000000000E+01
   95  -5.833333333333333E+01   3.000000000000000E+01
   96  -5.833333333333333E+01   3.500000000000000E+01
   97  -5.833333333333333E+01   4.000000000000000E+01
   98  -5.833333333333333E+01   4.500000000000000E+01
   99  -5.833333333333333E+01   5.000000000000000E+01
  100  -5.000000000000000E+01   0.000000000000000E+00
  101  -5.000000000000000E+01   5.000000000000000E+00
  102  -5.000000000000000E+01   1.000000000000000E+01
  103  -5.000000000000000E+01   1.500000000000000E+01
  104  -5.000000000000000E+01   2.000000000000000E+01
  105  -5.000000000000000E+01   2.500000000000000E+01
  106  -5.000000000000000E+01   3.000000000000000E+01
  107  -5.000000000000000E+01   3.500000000000000E+01
  108  -5.000000000000000E+01   4.000000000000000E+01
  109  -5.000000000000000E+01   4.500000000000000E+01
  110  -5.000000000000000E+01   5.000000000000000E+01
  111  -4.166666666666666E+01   0.000000000000000E+00
  112  -4.166666666666666E+01   5.000000000000000E+00
  113  -4.166666666666666E+01   1.000000000000000E+01
  114  -4.166666666666666E+01   1.500000000000000E+01
  115  -4.166666666666666E+01   2.000000000000000E+01
  116  -4.166666666666666E+01   2.500000000000000E+01
  117  -4.166666666666666E+01   3.000000000000000E+01
  118  -4.166666666666666E+01   3.500000000000000E+01
  119  -4.166666666666666E+01   4.000000000000000E+01
  120  -4.166666666666666E+01   4.500000000000000E+01
  121  -4.166666666666666E+01   5.000000000000000E+01
  122  -3.333333333333333E+01   0.000000000000000E+00
  123  -3.333333333333333E+01   5.000000000000000E+00
  124  -3.333333333333333E+01   1.000000000000000E+01
  125  -3.333333333333333E+01   1.500000000000000E+01
  126  -3.333333333333333E+01   2.000000000000000E+01
  127  -3.333333333333333E+01   2.500000000000000E+01
  128  -3.333333333333333E+01   3.000000000000000E+01
  129  -3.333333333333333E+01   3.500000000000000E+01
  130  -3.333333333333333E+01   4.000000000000000E+01
  131  -3.333333333333333E+01   4.500000000000000E+01
  132  -3.333333333333333E+01   5.000000000000000E+01
  133  -2.500000000000000E+01   0.000000000000000E+00
  134  -2.500000000000000E+01   5.000000000000000E+00
  135  -2.500000000000000E+01   1.000000000000000E+01
  136  -2.500000000000000E+01   1.500000000000000E+01
  137  -2.500000000000000E+01   2.000000000000000E+01
  138  -2.500000000000000E+01   2.500000000000000E+01
  139  -2.500000000000000E+01   3.000000000000000E+01
  140  -2.500000000000000E+01   3.500000000000000E+01
  141  -2.500000000000000E+01   4.000000000000000E+01
  142  -2.500000000000000E+01   4.500000000000000E+01
  143  -2.500000000000000E+01   5.000000000000000E+01
  144  -1.666666666666666E+01   0.000000000000000E+00
  145  -1.666666666666666E+01   5.000000000000000E+00
  146  -1.666666666666666E+01   1.000000000000000E+01
  147  -1.666666666666666E+01   1.500000000000000E+01
  148  -1.666666666666666E+01   2.000000000000000E+01
  149  -1.666666666666666E+01   2.500000000000000E+01
  150  -1.666666666666666E+01   3.000000000000000E+01
  151  -1.666666666666666E+01   3.500000000000000E+01
  152  -1.666666666666666E+01   4.000000000000000E+01
  153  -1.666666666666666E+01   4.500000000000000E+01
  154  -1.666666666666666E+01   5.000000000000000E+01
  155  -8.333333333333329E+00   0.000000000000000E+00
  156  -8.333333333333329E+00   5.000000000000000E+00
  157  -8.333333333333329E+00   1.000000000000000E+01
  158  -8.333333333333329E+00   1.500000000000000E+01
  159  -8.333333333333329E+00   2.000000000000000E+01
  160  -8.333333333333329E+00   2.500000000000000E+01
  161  -8.333333333333329E+00   3.000000000000000E+01
  162  -8.333333333333329E+00   3.500000000000000E+01
  163  -8.333333333333329E+00   4.000000000000000E+01
  164  -8.333333333333329E+00   4.500000000000000E+01
  165  -8.333333333333329E+00   5.000000000000000E+01
  166   1.421085471520200E-14   0.000000000000000E+00
  167   1.421085471520200E-14   5.000000000000000E+00
  168   1.421085471520200E-14   1.000000000000000E+01
  169   1.421085471520200E-14   1.500000000000000E+01
  170   1.421085471520200E-14   2.000000000000000E+01
  171   1.421085471520200E-14   2.500000000000000E+01
  172   1.421085471520200E-14   3.000000000000000E+01
  173   1.421085471520200E-14   3.500000000000000E+01
  174   1.421085471520200E-14   4.000000000000000E+01
  175   1.421085471520200E-14   4.500000000000000E+01
  176   1.421085471520200E-14   5.000000000000000E+01
  177   8.333333333333343E+00   0.000000000000000E+00
  178   8.333333333333343E+00   5.000000000000000E+00
  179   8.333333333333343E+00   1.000000000000000E+01
  180   8.333333333333343E+00   1.500000000000000E+01
  181   8.333333333333343E+00   2.000000000000000E+01
  182   8.333333333333343E+00   2.500000000000000E+01
  183   8.333333333333343E+00   3.000000000000000E+01
  184   8.333333333333343E+00   3.500000000000000E+01
  185   8.333333333333343E+00   4.000000000000000E+01
  186   8.333333333333343E+00   4.500000000000000E+01
  187   8.333333333333343E+00   5.000000000000000E+01
  188   1.666666666666669E+01   0.000000000000000E+00
  189   1.666666666666669E+01   5.000000000000000E+00
  190   1.666666666666669E+01   1.000000000000000E+01
  191   1.666666666666669E+01   1.500000000000000E+01
  192   1.666666666666669E+01   2.000000000000000E+01
  193   1.666666666666669E+01   2.500000000000000E+01
  194   1.666666666666669E+01   3.000000000000000E+01
  195   1.666666666666669E+01   3.500000000000000E+01
  196   1.666666666666669E+01   4.000000000000000E+01
  197   1.666666666666669E+01   4.500000000000000E+01
  198   1.666666666666669E+01   5.000000000000000E+01
  199   2.500000000000000E+01   0.000000000000000E+00
  200   2.500000000000000E+01   5.000000000000000E+00
  201   2.500000000000000E+01   1.000000000000000E+01
  202   2.500000000000000E+01   1.500000000000000E+01
  203   2.500000000000000E+01   2.000000000000000E+01
  204   2.500000000000000E+01   2.500000000000000E+01
  205   2.500000000000000E+01   3.000000000000000E+01
  206   2.500000000000000E+01   3.500000000000000E+01
  207   2.500000000000000E+01   4.000000000000000E+01
  208   2.500000000000000E+01   4.500000000000000E+01
  209   2.500000000000000E+01   5.000000000000000E+01
  210   3.333333333333334E+01   0.000000000000000E+00
  211   3.333333333333334E+01   5.000000000000000E+00
  212   3.333333333333334E+01   1.000000000000000E+01
  213   3.333333333333334E+01   1.500000000000000E+01
  214   3.333333333333334E+01   2.000000000000000E+01
  215   3.333333333333334E+01   2.500000000000000E+01
  216   3.333333333333334E+01   3.000000000000000E+01
  217   3.333333333333334E+01   3.500000000000000E+01
  218   3.333333333333334E+01   4.000000000000000E+01
  219   3.333333333333334E+01   4.500000000000000E+01
  220   3.333333333333334E+01   5.000000000000000E+01
  221   4.166666666666669E+01   0.000000000000000E+00
  222   4.166666666666669E+01   5.000000000000000E+00
  223   4.166666666666669E+01   1.000000000000000E+01
  224   4.166666666666669E+01   1.500000000000000E+01
  225   4.166666666666669E+01   2.000000000000000E+01
  226   4.166666666666669E+01   2.500000000000000E+01
  227   4.166666666666669E+01   3.000000000000000E+01
  228   4.166666666666669E+01   3.500000000000000E+01
  229   4.166666666666669E+01   4.000000000000000E+01
  230   4.166666666666669E+01   4.500000000000000E+01
  231   4.166666666666669E+01   5.000000000000000E+01
  232   5.000000000000000E+01   0.000000000000000E+00
  233   5.000000000000000E+01   5.000000000000000E+00
  234   5.000000000000000E+01   1.000000000000000E+01
  235   5.000000000000000E+01   1.500000000000000E+01
  236   5.000000000000000E+01   2.000000000000000E+01
  237   5.000000000000000E+01   2.500000000000000E+01
  238   5.000000000000000E+01   3.000000000000000E+01
  239   5.000000000000000E+01   3.500000000000000E+01
  240   5.000000000000000E+01   4.000000000000000E+01
  241   5.000000000000000E+01   4.500000000000000E+01
  242   5.000000000000000E+01   5.000000000000000E+01
  243   5.833333333333334E+01   0.000000000000000E+00
  244   5.833333333333334E+01   5.000000000000000E+00
  245   5.833333333333334E+01   1.000000000000000E+01
  246   5.833333333333334E+01   1.500000000000000E+01
  247   5.833333333333334E+01   2.000000000000000E+01
  248   5.833333333333334E+01   2.500000000000000E+01
  249   5.833333333333334E+01   3.000000000000000E+01
  250   5.833333333333334E+01   3.500000000000000E+01
  251   5.833333333333334E+01   4.000000000000000E+01
  252   5.833333333333334E+01   4.500000000000000E+01
  253   5.833333333333334E+01   5.000000000000000E+01
  254   6.666666666666669E+01   0.000000000000000E+00
  255   6.666666666666669E+01   5.000000000000000E+00
  256   6.666666666666669E+01   1.000000000000000E+01
  257   6.666666666666669E+01   1.500000000000000E+01
  258   6.666666666666669E+01   2.000000000000000E+01
  259   6.666666666666669E+01   2.500000000000000E+01
  260   6.666666666666669E+01   3.000000000000000E+01
  261   6.666666666666669E+01   3.500000000000000E+01
  262   6.666666666666669E+01   4.000000000000000E+01
  263   6.666666666666669E+01   4.500000000000000E+01
  264   6.666666666666669E+01   5.000000000000000E+01
  265   7.500000000000000E+01   0.000000000000000E+00
  266   7.500000000000000E+01   5.000000000000000E+00
  267   7.500000000000000E+01   1.000000000000000E+01
  268   7.500000000000000E+01   1.500000000000000E+01
  269   7.500000000000000E+01   2.000000000000000E+01
  270   7.500000000000000E+01   2.500000000000000E+01
  271   7.500000000000000E+01   3.000000000000000E+01
  272   7.500000000000000E+01   3.500000000000000E+01
  273   7.500000000000000E+01   4.000000000000000E+01
  274   7.500000000000000E+01   4.500000000000000E+01
  275   7.500000000000000E+01   5.000000000000000E+01
  276   8.333333333333334E+01   0.000000000000000E+00
  277   8.333333333333334E+01   5.000000000000000E+00
  278   8.333333333333334E+01   1.000000000000000E+01
  279   8.333333333333334E+01   1.500000000000000E+01
  280   8.333333333333334E+01   2.000000000000000E+01
  281   8.333333333333334E+01   2.500000000000000E+01
  282   8.333333333333334E+01   3.000000000000000E+01
  283   8.333333333333334E+01   3.500000000000000E+01
  284   8.333333333333334E+01   4.000000000000000E+01
  285   8.333333333333334E+01   4.500000000000000E+01
  286   8.333333333333334E+01   5.000000000000000E+01
  287   9.166666666666669E+01   0.000000000000000E+00
  288   9.166666666666669E+01   5.000000000000000E+00
  289   9.166666666666669E+01   1.000000000000000E+01
  290   9.166666666666669E+01   1.500000000000000E+01
  291   9.166666666666669E+01   2.000000000000000E+01
  292   9.166666666666669E+01   2.500000000000000E+01
  293   9.166666666666669E+01   3.000000000000000E+01
  294   9.166666666666669E+01   3.500000000000000E+01
  295   9.166666666666669E+01   4.000000000000000E+01
  296   9.166666666666669E+01   4.500000000000000E+01
  297   9.166666666666669E+01   5.000000000000000E+01
  298   1.000000000000000E+02   0.000000000000000E+00
  299   1.000000000000000E+02   5.000000000000000E+00
  300   1.000000000000000E+02   1.000000000000000E+01
  301   1.000000000000000E+02   1.500000000000000E+01
  302   1.000000000000000E+02   2.000000000000000E+01
  303   1.000000000000000E+02   2.500000000000000E+01
  304   1.000000000000000E+02   3.000000000000000E+01
  305   1.000000000000000E+02   3.500000000000000E+01
  306   1.000000000000000E+02   4.000000000000000E+01
  307   1.000000000000000E+02   4.500000000000000E+01
  308   1.000000000000000E+02   5.000000000000000E+01
  309   1.083333333333333E+02   0.000000000000000E+00
  310   1.083333333333333E+02   5.000000000000000E+00
  311   1.083333333333333E+02   1.000000000000000E+01
  312   1.083333333333333E+02   1.500000000000000E+01
  313   1.083333333333333E+02   2.000000000000000E+01
  314   1.083333333333333E+02   2.500000000000000E+01
  315   1.083333333333333E+02   3.000000000000000E+01
  316   1.083333333333333E+02   3.500000000000000E+01
  317   1.083333333333333E+02   4.000000000000000E+01
  318   1.083333333333333E+02   4.500000000000000E+01
  319   1.083333333333333E+02   5.000000000000000E+01
  320   1.166666666666667E+02   0.000000000000000E+00
  321   1.166666666666667E+02   5.000000000000000E+00
  322   1.166666666666667E+02   1.000000000000000E+01
  323   1.166666666666667E+02   1.500000000000000E+01
  324   1.166666666666667E+02   2.000000000000000E+01
  325   1.166666666666667E+02   2.500000000000000E+01
  326   1.166666666666667E+02   3.000000000000000E+01
  327   1.166666666666667E+02   3.500000000000000E+01
  328   1.166666666666667E+02   4.000000000000000E+01
  329   1.166666666666667E+02   4.500000000000000E+01
  330   1.166666666666667E+02   5.000000000000000E+01
  331   1.250000000000000E+02   0.000000000000000E+00
  332   1.250000000000000E+02   5.000000000000000E+00
  333   1.250000000000000E+02   1.000000000000000E+01
  334   1.250000000000000E+02   1.500000000000000E+01
  335   1.250000000000000E+02   2.000000000000000E+01
  336   1.250000000000000E+02   2.500000000000000E+01
  337   1.250000000000000E+02   3.000000000000000E+01
  338   1.250000000000000E+02   3.500000000000000E+01
  339   1.250000000000000E+02   4.000000000000000E+01
  340   1.250000000000000E+02   4.500000000000000E+01
  341   1.250000000000000E+02   5.000000000000000E+01
  342   9.499999999999493E+01   1.500000310455152E+02
  343   9.749999999999480E+01   1.500000318625024E+02
  344   9.999999999999466E+01   1.500000326794897E+02
  345   9.447958334513496E+01   1.400698268654451E+02
  346   9.696588813053324E+01   1.398085064879568E+02
  347   9.945219291593152E+01   1.395471862004685E+02
  348   9.292402855472058E+01   1.302484197670972E+02
  349   9.536939772458167E+01   1.297286412662314E+02
  350   9.781476689444273E+01   1.292088628653655E+02
  351   9.035037859358697E+01   1.206434150260411E+02
  352   9.272802014604979E+01   1.198708733030421E+02
  353   9.510566169851259E+01   1.190983316800432E+02
  354   8.678683112734399E+01   1.113600472614914E+02
  355   8.907069505964250E+01   1.103432064078465E+02
  356   9.135455909194104E+01   1.093263655542015E+02
  357   8.227242892275319E+01   1.025000268862074E+02
  358   8.443749283124670E+01   1.012500275937391E+02
  359   8.660255673974021E+01   1.000000283012709E+02
  360   7.685663274809188E+01   9.416042611635237E+01
  361   7.887917572830482E+01   9.269096367730901E+01
  362   8.090171860851774E+01   9.122150123826563E+01
  363   7.059877917350062E+01   8.643261547131735E+01
  364   7.245664182017168E+01   8.475978957845729E+01
  365   7.431450436684275E+01   8.308696368559720E+01
  366   6.356743067131055E+01   7.940126237350816E+01
  367   6.524025777845031E+01   7.754340082017941E+01
  368   6.691308488559005E+01   7.568553936685069E+01
  369   5.583962411634640E+01   7.314340374810008E+01
  370   5.730908787730289E+01   7.112086172831322E+01
  371   5.877855163825934E+01   6.909831980852638E+01
  372   4.750002688620228E+01   6.772760212276197E+01
  373   4.875002759373393E+01   6.556253903125572E+01
  374   5.000002830126556E+01   6.339747593974946E+01
  375   3.864000946148731E+01   6.321319412735326E+01
  376   3.965685180784222E+01   6.092933085965203E+01
  377   4.067369415419716E+01   5.864546749195080E+01
  378   2.935664402603792E+01   5.964964059359663E+01
  379   3.012918730303892E+01   5.727199954605969E+01
  380   3.090173048003992E+01   5.489435849852273E+01
  381   1.975164096709513E+01   5.707598435473049E+01
  382   2.027142106622921E+01   5.463061552459185E+01
  383   2.079120106536330E+01   5.218524669445318E+01
  384   9.930234885444074E+00   5.552042314514503E+01
  385   1.019155688795575E+01   5.303411853054359E+01
  386   1.045287880046742E+01   5.054781391594214E+01
  387   3.104551517694022E-05   5.500000000000507E+01
  388   3.186250241843864E-05   5.250000000000520E+01
  389   3.267948965993707E-05   5.000000000000534E+01
  390  -9.930173134554865E+00   5.552041665486504E+01
  391  -1.019149351204316E+01   5.303411186946676E+01
  392  -1.045281379953146E+01   5.054780708406848E+01
  393  -1.975158023290276E+01   5.707597144527942E+01
  394  -2.027135873376862E+01   5.463060227541833E+01
  395  -2.079113713463448E+01   5.218523310555727E+01
  396  -2.935658497395894E+01   5.964962140641303E+01
  397  -3.012912669695786E+01   5.727197985395021E+01
  398  -3.090166831995678E+01   5.489433830148741E+01
  399  -3.863995273850857E+01   6.321316887265601E+01
  400  -3.965679359215354E+01   6.092930494035750E+01
  401  -4.067363444579848E+01   5.864544090805896E+01
  402  -4.749997311379264E+01   6.772757107724681E+01
  403  -4.874997240626087E+01   6.556250716875330E+01
  404  -4.999997169872910E+01   6.339744326025979E+01
  405  -5.583957388364763E+01   7.314336725190812E+01
  406  -5.730903632269099E+01   7.112082427169518E+01
  407  -5.877849876173437E+01   6.909828139148226E+01
  408  -6.356738452868266E+01   7.940122082649938E+01
  409  -6.524021042154271E+01   7.754335817982832E+01
  410  -6.691303631440280E+01   7.568549563315725E+01
  411  -7.059873762649184E+01   8.643256932868945E+01
  412  -7.245659917982059E+01   8.475974222154969E+01
  413  -7.431446063314931E+01   8.308691511440995E+01
  414  -7.685659625189992E+01   9.416037588365360E+01
  415  -7.887913827168678E+01   9.269091212269711E+01
  416  -8.090168019147362E+01   9.122144836174066E+01
  417  -8.227239787723803E+01   1.024999731137977E+02
  418  -8.443746096874428E+01   1.012499724062661E+02
  419  -8.660252406025054E+01   9.999997169873444E+01
  420  -8.678680587264674E+01   1.113599905385127E+02
  421  -8.907066914034797E+01   1.103431481921578E+02
  422  -9.135453250804920E+01   1.093263058458028E+02
  423  -9.035035940640337E+01   1.206433559739621E+02
  424  -9.272800045394031E+01   1.198708126969611E+02
  425  -9.510564150147727E+01   1.190982695199601E+02
  426  -9.292401564526951E+01   1.302483590329049E+02
  427  -9.536938447540815E+01   1.297285789337708E+02
  428  -9.781475330554682E+01   1.292087989346367E+02
  429  -9.447957685485497E+01   1.400697651145559E+02
  430  -9.696588146945641E+01   1.398084431120442E+02
  431  -9.945218608405786E+01   1.395471211995326E+02
  432  -9.499999999999493E+01   1.499999689544848E+02
  433  -9.749999999999480E+01   1.499999681374976E+02
  434  -9.999999999999466E+01   1.499999673205103E+02
  435   8.999999999999520E+01   1.500000294115407E+02
  436   9.249999999999505E+01   1.500000302285279E+02
  437   8.950697367433838E+01   1.405924675604217E+02
  438   9.199327845973664E+01   1.403311472129334E+02
  439   8.803329021499846E+01   1.312879765688290E+02
  440   9.047865938485953E+01   1.307681981679631E+02
  441   8.559509558866132E+01   1.221884984720389E+02
  442   8.797273714112416E+01   1.214159567490400E+02
  443   8.221910316274693E+01   1.133937289687813E+02
  444   8.450296709504546E+01   1.123768881151364E+02
  445   7.794230100576618E+01   1.050000254711438E+02
  446   8.010736501425968E+01   1.037500261786756E+02
  447   7.281154678766597E+01   9.709935109443907E+01
  448   7.483408976787892E+01   9.562988865539572E+01
  449   6.688305398015851E+01   8.977826725703750E+01
  450   6.874091662682956E+01   8.810544136417744E+01
  451   6.022177645703105E+01   8.311698538016563E+01
  452   6.189460356417083E+01   8.125912382683690E+01
  453   5.290069649443343E+01   7.718848778767375E+01
  454   5.437016025538991E+01   7.516594576788690E+01
  455   4.500002547113898E+01   7.205772840577450E+01
  456   4.625002617867065E+01   6.989266521426823E+01
  457   3.660632476877745E+01   6.778092076275573E+01
  458   3.762316711513236E+01   6.549705749505451E+01
  459   2.781155747203595E+01   6.440492258867049E+01
  460   2.858410074903695E+01   6.202728154113356E+01
  461   1.871208096882697E+01   6.196672201500786E+01
  462   1.923186096796105E+01   5.952135318486918E+01
  463   9.407590940420693E+00   6.049303247434793E+01
  464   9.668912912932367E+00   5.800672785974649E+01
  465   2.941154069394336E-05   6.000000000000480E+01
  466   3.022852793544179E-05   5.750000000000495E+01
  467  -9.407532439578301E+00   6.049302632566162E+01
  468  -9.668852787066598E+00   5.800672154026336E+01
  469  -1.871202343117103E+01   6.196670978500154E+01
  470  -1.923180183203690E+01   5.952134061514047E+01
  471  -2.781150152796108E+01   6.440490441133868E+01
  472  -2.858404325095999E+01   6.202726285887584E+01
  473  -3.660627103121865E+01   6.778089683725307E+01
  474  -3.762311188486362E+01   6.549703290495454E+01
  475  -4.499997452885621E+01   7.205769899423382E+01
  476  -4.624997382132440E+01   6.989263498574032E+01
  477  -5.290064890556092E+01   7.718845321233403E+01
  478  -5.437011134460428E+01   7.516591023212108E+01
  479  -6.022173274296250E+01   8.311694601984149E+01
  480  -6.189455863582257E+01   8.125908337317044E+01
  481  -6.688301461983437E+01   8.977822354296895E+01
  482  -6.874087617316310E+01   8.810539643582916E+01
  483  -7.281151221232625E+01   9.709930350556658E+01
  484  -7.483405423211310E+01   9.562983974461008E+01
  485  -7.794227159422550E+01   1.049999745288610E+02
  486  -8.010733478573177E+01   1.037499738213293E+02
  487  -8.221907923724427E+01   1.133936752312225E+02
  488  -8.450294250494549E+01   1.123768328848676E+02
  489  -8.559507741132951E+01   1.221884425279640E+02
  490  -8.797271845886644E+01   1.214158992509631E+02
  491  -8.803327798499214E+01   1.312879190311730E+02
  492  -9.047864681513082E+01   1.307681390320390E+02
  493  -8.950696752565207E+01   1.405924090595793E+02
  494  -9.199327214025351E+01   1.403310870870676E+02
  495  -8.999999999999520E+01   1.499999705884593E+02
  496  -9.249999999999505E+01   1.499999697714721E+02
      3
1   341    11   1   1   0
342   344   1   1   1   0
435   436   1   1   1   0
432   434   1   1   1   0
495   496   1   1   1   0
      0      0      0      0      0      0
       1     9
 300.0d  3.00E-01  0.00E+00  0.00E+00  0.00E+00  0.00E+00  0.00E+00  0.00E+00  1.00E-3  
       2     9
 1.00E+3  3.00E-01  0.00E+00  0.00E+00  0.00E+00  0.00E+00  0.00E+00  0.00E+00  1.00E-3  
       3     9
 1.00E+5  3.00E-01  0.00E+00  0.00E+00  0.00E+00  0.00E+00  0.00E+00  0.00E+00  1.00E-3 
       0      0      0      0      0      0      0      0      0      0      0      0

  1
'p9_3'
    105      9      9      3
              1              1             23             25              3             12             24             14              2             13              1              1
              2              3             25             27              5             14             26             16              4             15              1              1
              3              5             27             29              7             16             28             18              6             17              1              1
              4              7             29             31              9             18             30             20              8             19              1              1
              5              9             31             33             11             20             32             22             10             21              1              1
              6             23             45             47             25             34             46             36             24             35              1              1
              7             25             47             49             27             36             48             38             26             37              1              1
              8             27             49             51             29             38             50             40             28             39              1              1
              9             29             51             53             31             40             52             42             30             41              1              1
             10             31             53             55             33             42             54             44             32             43              1              1
             11             45             67             69             47             56             68             58             46             57              1              1
             12             47             69             71             49             58             70             60             48             59              1              1
             13             49             71             73             51             60             72             62             50             61              1              1
             14             51             73             75             53             62             74             64             52             63              1              1
             15             53             75             77             55             64             76             66             54             65              1              1
             16             67             89             91             69             78             90             80             68             79              1              1
             17             69             91             93             71             80             92             82             70             81              1              1
             18             71             93             95             73             82             94             84             72             83              1              1
             19             73             95             97             75             84             96             86             74             85              1              1
             20             75             97             99             77             86             98             88             76             87              1              1
             21             89            111            113             91            100            112            102             90            101              1              1
             22             91            113            115             93            102            114            104             92            103              1              1
             23             93            115            117             95            104            116            106             94            105              1              1
             24             95            117            119             97            106            118            108             96            107              1              1
             25             97            119            121             99            108            120            110             98            109              1              1
             26            111            133            135            113            122            134            124            112            123              1              1
             27            113            135            137            115            124            136            126            114            125              1              1
             28            115            137            139            117            126            138            128            116            127              1              1
             29            117            139            141            119            128            140            130            118            129              1              1
             30            119            141            143            121            130            142            132            120            131              1              1
             31            133            155            157            135            144            156            146            134            145              1              1
             32            135            157            159            137            146            158            148            136            147              1              1
             33            137            159            161            139            148            160            150            138            149              1              1
             34            139            161            163            141            150            162            152            140            151              1              1
             35            141            163            165            143            152            164            154            142            153              1              1
             36            155            177            179            157            166            178            168            156            167              1              1
             37            157            179            181            159            168            180            170            158            169              1              1
             38            159            181            183            161            170            182            172            160            171              1              1
             39            161            183            185            163            172            184            174            162            173              1              1
             40            163            185            187            165            174            186            176            164            175              1              1
             41            177            199            201            179            188            200            190            178            189              1              1
             42            179            201            203            181            190            202            192            180            191              1              1
             43            181            203            205            183            192            204            194            182            193              1              1
             44            183            205            207            185            194            206            196            184            195              1              1
             45            185            207            209            187            196            208            198            186            197              1              1
             46            199            221            223            201            210            222            212            200            211              1              1
             47            201            223            225            203            212            224            214            202            213              1              1
             48            203            225            227            205            214            226            216            204            215              1              1
             49            205            227            229            207            216            228            218            206            217              1              1
             50            207            229            231            209            218            230            220            208            219              1              1
             51            221            243            245            223            232            244            234            222            233              1              1
             52            223            245            247            225            234            246            236            224            235              1              1
             53            225            247            249            227            236            248            238            226            237              1              1
             54            227            249            251            229            238            250            240            228            239              1              1
             55            229            251            253            231            240            252            242            230            241              1              1
             56            243            265            267            245            254            266            256            244            255              1              1
             57            245            267            269            247            256            268            258            246            257              1              1
             58            247            269            271            249            258            270            260            248            259              1              1
             59            249            271            273            251            260            272            262            250            261              1              1
             60            251            273            275            253            262            274            264            252            263              1              1
             61            265            287            289            267            276            288            278            266            277              1              1
             62            267            289            291            269            278            290            280            268            279              1              1
             63            269            291            293            271            280            292            282            270            281              1              1
             64            271            293            295            273            282            294            284            272            283              1              1
             65            273            295            297            275            284            296            286            274            285              1              1
             66            287            309            311            289            298            310            300            288            299              1              1
             67            289            311            313            291            300            312            302            290            301              1              1
             68            291            313            315            293            302            314            304            292            303              1              1
             69            293            315            317            295            304            316            306            294            305              1              1
             70            295            317            319            297            306            318            308            296            307              1              1
             71            309            331            333            311            320            332            322            310            321              1              1
             72            311            333            335            313            322            334            324            312            323              1              1
             73            313            335            337            315            324            336            326            314            325              1              1
             74            315            337            339            317            326            338            328            316            327              1              1
             75            317            339            341            319            328            340            330            318            329              1              1
             76            342            348            350            344            345            349            347            343            346              2              1
             77            348            354            356            350            351            355            353            349            352              2              1
             78            354            360            362            356            357            361            359            355            358              2              1
             79            360            366            368            362            363            367            365            361            364              2              1
             80            366            372            374            368            369            373            371            367            370              2              1
             81            372            378            380            374            375            379            377            373            376              2              1
             82            378            384            386            380            381            385            383            379            382              2              1
             83            384            390            392            386            387            391            389            385            388              2              1
             84            390            396            398            392            393            397            395            391            394              2              1
             85            396            402            404            398            399            403            401            397            400              2              1
             86            402            408            410            404            405            409            407            403            406              2              1
             87            408            414            416            410            411            415            413            409            412              2              1
             88            414            420            422            416            417            421            419            415            418              2              1
             89            420            426            428            422            423            427            425            421            424              2              1
             90            426            432            434            428            429            433            431            427            430              2              1
             91            435            439            348            342            437            440            345            436            438              3              1
             92            439            443            354            348            441            444            351            440            442              3              1
             93            443            447            360            354            445            448            357            444            446              3              1
             94            447            451            366            360            449            452            363            448            450              3              1
             95            451            455            372            366            453            456            369            452            454              3              1
             96            455            459            378            372            457            460            375            456            458              3              1
             97            459            463            384            378            461            464            381            460            462              3              1
             98            463            467            390            384            465            468            387            464            466              3              1
             99            467            471            396            390            469            472            393            468            470              3              1
            100            471            475            402            396            473            476            399            472            474              3              1
            101            475            479            408            402            477            480            405            476            478              3              1
            102            479            483            414            408            481            484            411            480            482              3              1
            103            483            487            420            414            485            488            417            484            486              3              1
            104            487            491            426            420            489            492            423            488            490              3              1
            105            491            495            432            426            493            496            429            492            494              3              1
       0      0      0      0      0      0      0      0      0      0      0      0
