Analysis for,q9 combined geometry 1010   nodes  200    elements

1.00000E-06
 1010    2
    1   1.199999999999936E+01   3.921538761396813E-06
    2   1.149999999999939E+01   3.758141313005279E-06
    3   1.099999999999941E+01   3.594743864613745E-06
    4   1.049999999999944E+01   3.431346416222211E-06
    5   9.999999999999465E+00   3.267948967830677E-06
    6   1.199407857682085E+01   3.769330286036877E-01
    7   1.149432528195331E+01   3.612274852868606E-01
    8   1.099457208708578E+01   3.455219429700661E-01
    9   1.049481879221824E+01   3.298163996532390E-01
   10   9.995065497350710E+00   3.141108573364119E-01
   11   1.197632045376391E+01   7.534901478004439E-01
   12   1.147730716402374E+01   7.220947257254458E-01
   13   1.097829377428358E+01   6.906993026504151E-01
   14   1.047928038454342E+01   6.593038795753843E-01
   15   9.980267074803253E+00   6.279084565003796E-01
   16   1.194674323094996E+01   1.129303664134778E+00
   17   1.144896224632705E+01   1.082249341462491E+00
   18   1.095118126170413E+01   1.035195028790203E+00
   19   1.045340027708122E+01   9.881407061179147E-01
   20   9.955619342458302E+00   9.410863864456432E-01
   21   1.190537590850023E+01   1.504002690616169E+00
   22   1.140931862897939E+01   1.441335918507178E+00
   23   1.091326124945854E+01   1.378669136398154E+00
   24   1.041720396993770E+01   1.316002354289164E+00
   25   9.921146600416858E+00   1.253335582180144E+00
   26   1.185225948653555E+01   1.877217453258013E+00
   27   1.135841531209657E+01   1.799000061872253E+00
   28   1.086457113765758E+01   1.720782670486493E+00
   29   1.037072706321861E+01   1.642565269100765E+00
   30   9.876882898779623E+00   1.564347877715009E+00
   31   1.178744626517628E+01   2.248579632077403E+00
   32   1.129630269579394E+01   2.154888811574186E+00
   33   1.080515912641159E+01   2.061197991070969E+00
   34   1.031401545702925E+01   1.967507170567719E+00
   35   9.822871897646902E+00   1.873816360064505E+00
   36   1.171100024454220E+01   2.617722727095253E+00
   37   1.122304198018627E+01   2.508650947632976E+00
   38   1.073508361583035E+01   2.399579168170667E+00
   39   1.024712525147443E+01   2.290507378708359E+00
   40   9.759166907118500E+00   2.181435599246056E+00
   41   1.162299692475235E+01   2.984282448336236E+00
   42   1.113870546538767E+01   2.859937340072253E+00
   43   1.065441390602298E+01   2.735592241808236E+00
   44   1.017012234665830E+01   2.611247143544219E+00
   45   9.685830797293624E+00   2.486902035280206E+00
   46   1.152352310592495E+01   3.347897035828720E+00
   47   1.104337635151141E+01   3.208401328919203E+00
   48   1.056322949709787E+01   3.068905622009654E+00
   49   1.008308274268433E+01   2.929409905100138E+00
   50   9.602935948270790E+00   2.789914198190609E+00
   51   1.141267698817727E+01   3.708207659604793E+00
   52   1.093714873866988E+01   3.553699014204580E+00
   53   1.046162058916250E+01   3.399190358804399E+00
   54   9.986092359655112E+00   3.244681703404193E+00
   55   9.510564150147726E+00   3.090173048003992E+00
   56   1.129056787162552E+01   4.064858729700177E+00
   57   1.082012752697445E+01   3.895489615962664E+00
   58   1.034968728232339E+01   3.726120502225184E+00
   59   9.879246907672325E+00   3.556751388487661E+00
   60   9.408806583021262E+00   3.387382274750155E+00
   61   1.115731635638470E+01   4.417498276154280E+00
   62   1.069242821653534E+01   4.233435854231199E+00
   63   1.022753997668598E+01   4.049373422308086E+00
   64   9.762651836836616E+00   3.865310990385003E+00
   65   9.297763656987250E+00   3.681248568461909E+00
   66   1.101305394256856E+01   4.765778289010077E+00
   67   1.055417670746154E+01   4.567204189051329E+00
   68   1.009529947235452E+01   4.368630099092580E+00
   69   9.636422207247495E+00   4.170055999133821E+00
   70   9.177544962140470E+00   3.971481909175068E+00
   71   1.085792293028943E+01   5.109355048314073E+00
   72   1.040550949986070E+01   4.896465250467662E+00
   73   9.953096049431974E+00   4.683575462621244E+00
   74   9.500682589003247E+00   4.470685664774822E+00
   75   9.048269128574521E+00   4.257795876928401E+00
   76   1.069207651965809E+01   5.447889494116330E+00
   77   1.024657329383900E+01   5.220894098528138E+00
   78   9.801070138019913E+00   4.993898702939968E+00
   79   9.355566942200827E+00   4.766903307351785E+00
   80   8.910063756381739E+00   4.539907911763605E+00
   81   1.051567831078373E+01   5.781047526470314E+00
   82   1.007752498950108E+01   5.540170543284032E+00
   83   9.639371748218419E+00   5.299293570097776E+00
   84   9.201218486935765E+00   5.058416586911513E+00
   85   8.763065225653113E+00   4.817539603725251E+00
   86   1.032890230377381E+01   6.108500365432886E+00
   87   9.898531396949897E+00   5.853979514789857E+00
   88   9.468160470125989E+00   5.599458664146820E+00
   89   9.037789533302080E+00   5.344937823503781E+00
   90   8.607418606478172E+00   5.090416972860745E+00
   91   1.013193299873391E+01   6.429924851064339E+00
   92   9.709769126286670E+00   6.162011313103327E+00
   93   9.287605253839423E+00   5.894097775142313E+00
   94   8.865441381392174E+00   5.626184247181300E+00
   95   8.443277508944929E+00   5.358270709220286E+00
   96   9.924964685767721E+00   6.745003773428167E+00
   97   9.511424487610729E+00   6.463961958285326E+00
   98   9.097884299453741E+00   6.182920133142488E+00
   99   8.684344101296753E+00   5.901878307999647E+00
  100   8.270803903139765E+00   5.620836482856806E+00
  101   9.708201624976832E+00   7.053426202591123E+00
  102   9.303693231019466E+00   6.759533440399828E+00
  103   8.899184827062095E+00   6.465640688208530E+00
  104   8.494676423104728E+00   6.171747926017232E+00
  105   8.090168019147361E+00   5.877855163825935E+00
  106   9.481857746460728E+00   7.354887738623114E+00
  107   9.086780336608195E+00   7.048434089513816E+00
  108   8.691702936755668E+00   6.741980430404523E+00
  109   8.296625526903139E+00   6.435526771295224E+00
  110   7.901548117050605E+00   6.129073122185926E+00
  111   9.246156410316624E+00   7.649090901597136E+00
  112   8.860899894470100E+00   7.330378775697255E+00
  113   8.475643378623571E+00   7.011666659797375E+00
  114   8.090386862777049E+00   6.692954533897495E+00
  115   7.705130346930520E+00   6.374242417997615E+00
  116   9.001330246639409E+00   7.935745321589210E+00
  117   8.626274814696099E+00   7.605089269022992E+00
  118   8.251219392752791E+00   7.274433216456776E+00
  119   7.876163960809480E+00   6.943777163890558E+00
  120   7.501108538866174E+00   6.613121101324341E+00
  121   8.747620845521526E+00   8.214568128678287E+00
  122   8.383136647374794E+00   7.872294459566694E+00
  123   8.018652439228063E+00   7.530020790455096E+00
  124   7.654168241081335E+00   7.187747111343502E+00
  125   7.289684032934604E+00   6.845473442231905E+00
  126   8.485278597052899E+00   8.485284142946194E+00
  127   8.131725322592363E+00   8.131730637406772E+00
  128   7.778172048131824E+00   7.778177131867345E+00
  129   7.424618773671287E+00   7.424623626327921E+00
  130   7.071065499210749E+00   7.071070120788495E+00
  131   8.214562411320834E+00   8.747626214477540E+00
  132   7.872288980432465E+00   8.383141792624311E+00
  133   7.530015549544099E+00   8.018657360771080E+00
  134   7.187742108655731E+00   7.654172938917847E+00
  135   6.845468677767364E+00   7.289688507064618E+00
  136   7.935739438409942E+00   9.001335433359628E+00
  137   7.605083630976196E+00   8.626279785302980E+00
  138   7.274427823542448E+00   8.251224147246329E+00
  139   6.943772016108702E+00   7.876168499189678E+00
  140   6.613116198674951E+00   7.501112861133024E+00
  141   7.649084858402047E+00   9.246161409682388E+00
  142   7.330372984301961E+00   8.860904685528956E+00
  143   7.011661120201876E+00   8.475647961375524E+00
  144   6.692949246101790E+00   8.090391237222089E+00
  145   6.374237382001705E+00   7.705134513068657E+00
  146   7.354881541376100E+00   9.481862553538258E+00
  147   7.048428150485431E+00   9.086784943390834E+00
  148   6.741974749594759E+00   8.691707343243404E+00
  149   6.435521348704088E+00   8.296629733095976E+00
  150   6.129067957813418E+00   7.901552122948551E+00
  151   7.053419857408125E+00   9.708206235022130E+00
  152   6.759527359599451E+00   9.303697648979540E+00
  153   6.465634871790779E+00   8.899189052936952E+00
  154   6.171742373982108E+00   8.494680456894365E+00
  155   5.877849876173438E+00   8.090171860851774E+00
  156   6.744997286571112E+00   9.924969094231221E+00
  157   6.463955741713983E+00   9.511428712388255E+00
  158   6.182914186856850E+00   9.097888340545287E+00
  159   5.901872631999723E+00   8.684347958702320E+00
  160   5.620831077142594E+00   8.270807576859351E+00
  161   6.429918228934973E+00   1.013193720126500E+01
  162   6.162004966896016E+00   9.709773153712295E+00
  163   5.894091704857058E+00   9.287609106159586E+00
  164   5.626178452818101E+00   8.865445058606877E+00
  165   5.358265190779142E+00   8.443281011054170E+00
  166   6.108493614566462E+00   1.032890629622509E+01
  167   5.853973045209519E+00   9.898535223049043E+00
  168   5.599452475852582E+00   9.468164129872997E+00
  169   5.344931916495649E+00   9.037793026696955E+00
  170   5.090411347138711E+00   8.607421933520909E+00
  171   5.781040653529068E+00   1.051568208921514E+01
  172   5.540163956715376E+00   1.007752861049785E+01
  173   5.299287269901658E+00   9.639375211780550E+00
  174   5.058410573087946E+00   9.201221793063251E+00
  175   4.817533876274235E+00   8.763068374345954E+00
  176   5.447882505883086E+00   1.069208008034077E+01
  177   5.220887401471304E+00   1.024657670615990E+01
  178   4.993892297059499E+00   9.801073401979039E+00
  179   4.766897192647705E+00   9.355570057798175E+00
  180   4.539902088235910E+00   8.910066723617309E+00
  181   5.109347951685381E+00   1.085792626970942E+01
  182   4.896458449531815E+00   1.040551270013819E+01
  183   4.683568957378256E+00   9.953099110566964E+00
  184   4.470679455224700E+00   9.500685510995737E+00
  185   4.257789963071144E+00   9.048271911424514E+00
  186   4.765771090989412E+00   1.101305705743026E+01
  187   4.567197290948182E+00   1.055417969253733E+01
  188   4.368623500906954E+00   1.009530232764440E+01
  189   4.170049700865734E+00   9.636424932751474E+00
  190   3.971475910824507E+00   9.177547557858549E+00
  191   4.417490983845248E+00   1.115731924361410E+01
  192   4.233428865768349E+00   1.069243098346352E+01
  193   4.049366737691483E+00   1.022754262331293E+01
  194   3.865304609614584E+00   9.762654363162342E+00
  195   3.681242491537698E+00   9.297766063011753E+00
  196   4.064851350299390E+00   1.129057052837328E+01
  197   3.895482544036920E+00   1.082013007302439E+01
  198   3.726113737774419E+00   1.034968971767551E+01
  199   3.556744931511959E+00   9.879249232326618E+00
  200   3.387376125249483E+00   9.408808796977732E+00
  201   3.708200200394810E+00   1.141267941182151E+01
  202   3.553691865795040E+00   1.093715106132895E+01
  203   3.399183521195237E+00   1.046162281083638E+01
  204   3.244675176595461E+00   9.986094480343821E+00
  205   3.090166831995677E+00   9.510566169851259E+00
  206   3.347889504170923E+00   1.152352529407382E+01
  207   3.208394111080453E+00   1.104337844848741E+01
  208   3.068898717990018E+00   1.056323150290100E+01
  209   2.929403314899549E+00   1.008308465731459E+01
  210   2.789907921809094E+00   9.602937771728183E+00
  211   2.984274851663444E+00   1.162299887524641E+01
  212   2.859930059927442E+00   1.113870733461114E+01
  213   2.735585278191472E+00   1.065441569397588E+01
  214   2.611240496455502E+00   1.017012405334061E+01
  215   2.486895704719529E+00   9.685832422705341E+00
  216   2.617715072904467E+00   1.171100195545655E+01
  217   2.508643612366755E+00   1.122304361981253E+01
  218   2.399572151829076E+00   1.073508518416851E+01
  219   2.290500681291397E+00   1.024712674852448E+01
  220   2.181429220753711E+00   9.759168332880458E+00
  221   2.248571927922357E+00   1.178744773482246E+01
  222   2.154881428425584E+00   1.129630410420486E+01
  223   2.061190928928811E+00   1.080516047358725E+01
  224   1.967500429432071E+00   1.031401674296965E+01
  225   1.873809939935294E+00   9.822873122352050E+00
  226   1.877209706741787E+00   1.185226071346319E+01
  227   1.798992638127555E+00   1.135841648790222E+01
  228   1.720775569513323E+00   1.086457226234126E+01
  229   1.642558490899059E+00   1.037072813678029E+01
  230   1.564341422284824E+00   9.876883921219321E+00
  231   1.503994909383671E+00   1.190537689149850E+01
  232   1.441328461492668E+00   1.140931957101939E+01
  233   1.378662003601698E+00   1.091326215054029E+01
  234   1.315995545710696E+00   1.041720483006118E+01
  235   1.253329097819722E+00   9.921147419582084E+00
  236   1.129295855865101E+00   1.194674396904876E+01
  237   1.082241858537394E+00   1.144896295367173E+01
  238   1.035187871209687E+00   1.095118193829470E+01
  239   9.881338738819797E-01   1.045340092291767E+01
  240   9.410798795542562E-01   9.955619957540634E+00
  241   7.534823201994758E-01   1.197632094623482E+01
  242   7.220872242744771E-01   1.147730763597503E+01
  243   6.906921273495112E-01   1.097829422571525E+01
  244   6.592970304245453E-01   1.047928081545546E+01
  245   6.279019334995533E-01   9.980267485195681E+00
  246   3.769251893962720E-01   1.199407882317787E+01
  247   3.612199727131009E-01   1.149432551804546E+01
  248   3.455147570298970E-01   1.099457231291305E+01
  249   3.298095403467258E-01   1.049481900778063E+01
  250   3.141043246635546E-01   9.995065702648224E+00
  251  -3.921538760662024E-06   1.199999999999936E+01
  252  -3.758141312301107E-06   1.149999999999939E+01
  253  -3.594743863940189E-06   1.099999999999941E+01
  254  -3.431346415579271E-06   1.049999999999944E+01
  255  -3.267948967218354E-06   9.999999999999465E+00
  256  -3.769330286036877E-01   1.199407857682085E+01
  257  -3.612274852868606E-01   1.149432528195331E+01
  258  -3.455219429700661E-01   1.099457208708578E+01
  259  -3.298163996532390E-01   1.049481879221824E+01
  260  -3.141108573364119E-01   9.995065497350710E+00
  261  -7.534901478004439E-01   1.197632045376391E+01
  262  -7.220947257254458E-01   1.147730716402374E+01
  263  -6.906993026504151E-01   1.097829377428358E+01
  264  -6.593038795753843E-01   1.047928038454342E+01
  265  -6.279084565003796E-01   9.980267074803253E+00
  266  -1.129303664134778E+00   1.194674323094996E+01
  267  -1.082249341462491E+00   1.144896224632705E+01
  268  -1.035195028790203E+00   1.095118126170413E+01
  269  -9.881407061179147E-01   1.045340027708122E+01
  270  -9.410863864456432E-01   9.955619342458302E+00
  271  -1.504002690616169E+00   1.190537590850023E+01
  272  -1.441335918507178E+00   1.140931862897939E+01
  273  -1.378669136398154E+00   1.091326124945854E+01
  274  -1.316002354289164E+00   1.041720396993770E+01
  275  -1.253335582180144E+00   9.921146600416858E+00
  276  -1.877217453258013E+00   1.185225948653555E+01
  277  -1.799000061872253E+00   1.135841531209657E+01
  278  -1.720782670486493E+00   1.086457113765758E+01
  279  -1.642565269100765E+00   1.037072706321861E+01
  280  -1.564347877715009E+00   9.876882898779623E+00
  281  -2.248579632077403E+00   1.178744626517628E+01
  282  -2.154888811574186E+00   1.129630269579394E+01
  283  -2.061197991070969E+00   1.080515912641159E+01
  284  -1.967507170567719E+00   1.031401545702925E+01
  285  -1.873816360064505E+00   9.822871897646902E+00
  286  -2.617722727095253E+00   1.171100024454220E+01
  287  -2.508650947632976E+00   1.122304198018627E+01
  288  -2.399579168170667E+00   1.073508361583035E+01
  289  -2.290507378708359E+00   1.024712525147443E+01
  290  -2.181435599246056E+00   9.759166907118500E+00
  291  -2.984282448336236E+00   1.162299692475235E+01
  292  -2.859937340072253E+00   1.113870546538767E+01
  293  -2.735592241808236E+00   1.065441390602298E+01
  294  -2.611247143544219E+00   1.017012234665830E+01
  295  -2.486902035280206E+00   9.685830797293624E+00
  296  -3.347897035828720E+00   1.152352310592495E+01
  297  -3.208401328919203E+00   1.104337635151141E+01
  298  -3.068905622009654E+00   1.056322949709787E+01
  299  -2.929409905100138E+00   1.008308274268433E+01
  300  -2.789914198190609E+00   9.602935948270790E+00
  301  -3.708207659604793E+00   1.141267698817727E+01
  302  -3.553699014204580E+00   1.093714873866988E+01
  303  -3.399190358804399E+00   1.046162058916250E+01
  304  -3.244681703404193E+00   9.986092359655112E+00
  305  -3.090173048003992E+00   9.510564150147726E+00
  306  -4.064858729700177E+00   1.129056787162552E+01
  307  -3.895489615962664E+00   1.082012752697445E+01
  308  -3.726120502225184E+00   1.034968728232339E+01
  309  -3.556751388487661E+00   9.879246907672325E+00
  310  -3.387382274750155E+00   9.408806583021262E+00
  311  -4.417498276154280E+00   1.115731635638470E+01
  312  -4.233435854231199E+00   1.069242821653534E+01
  313  -4.049373422308086E+00   1.022753997668598E+01
  314  -3.865310990385003E+00   9.762651836836616E+00
  315  -3.681248568461909E+00   9.297763656987250E+00
  316  -4.765778289010077E+00   1.101305394256856E+01
  317  -4.567204189051329E+00   1.055417670746154E+01
  318  -4.368630099092580E+00   1.009529947235452E+01
  319  -4.170055999133821E+00   9.636422207247495E+00
  320  -3.971481909175068E+00   9.177544962140470E+00
  321  -5.109355048314073E+00   1.085792293028943E+01
  322  -4.896465250467662E+00   1.040550949986070E+01
  323  -4.683575462621244E+00   9.953096049431974E+00
  324  -4.470685664774822E+00   9.500682589003247E+00
  325  -4.257795876928401E+00   9.048269128574521E+00
  326  -5.447889494116330E+00   1.069207651965809E+01
  327  -5.220894098528138E+00   1.024657329383900E+01
  328  -4.993898702939968E+00   9.801070138019913E+00
  329  -4.766903307351785E+00   9.355566942200827E+00
  330  -4.539907911763605E+00   8.910063756381739E+00
  331  -5.781047526470314E+00   1.051567831078373E+01
  332  -5.540170543284032E+00   1.007752498950108E+01
  333  -5.299293570097776E+00   9.639371748218419E+00
  334  -5.058416586911513E+00   9.201218486935765E+00
  335  -4.817539603725251E+00   8.763065225653113E+00
  336  -6.108500365432886E+00   1.032890230377381E+01
  337  -5.853979514789857E+00   9.898531396949897E+00
  338  -5.599458664146820E+00   9.468160470125989E+00
  339  -5.344937823503781E+00   9.037789533302080E+00
  340  -5.090416972860745E+00   8.607418606478172E+00
  341  -6.429924851064339E+00   1.013193299873391E+01
  342  -6.162011313103327E+00   9.709769126286670E+00
  343  -5.894097775142313E+00   9.287605253839423E+00
  344  -5.626184247181300E+00   8.865441381392174E+00
  345  -5.358270709220286E+00   8.443277508944929E+00
  346  -6.745003773428167E+00   9.924964685767721E+00
  347  -6.463961958285326E+00   9.511424487610729E+00
  348  -6.182920133142488E+00   9.097884299453741E+00
  349  -5.901878307999647E+00   8.684344101296753E+00
  350  -5.620836482856806E+00   8.270803903139765E+00
  351  -7.053426202591123E+00   9.708201624976832E+00
  352  -6.759533440399828E+00   9.303693231019466E+00
  353  -6.465640688208530E+00   8.899184827062095E+00
  354  -6.171747926017232E+00   8.494676423104728E+00
  355  -5.877855163825935E+00   8.090168019147361E+00
  356  -7.354887738623114E+00   9.481857746460728E+00
  357  -7.048434089513816E+00   9.086780336608195E+00
  358  -6.741980430404523E+00   8.691702936755668E+00
  359  -6.435526771295224E+00   8.296625526903139E+00
  360  -6.129073122185926E+00   7.901548117050605E+00
  361  -7.649090901597136E+00   9.246156410316624E+00
  362  -7.330378775697255E+00   8.860899894470100E+00
  363  -7.011666659797375E+00   8.475643378623571E+00
  364  -6.692954533897495E+00   8.090386862777049E+00
  365  -6.374242417997615E+00   7.705130346930520E+00
  366  -7.935745321589210E+00   9.001330246639409E+00
  367  -7.605089269022992E+00   8.626274814696099E+00
  368  -7.274433216456776E+00   8.251219392752791E+00
  369  -6.943777163890558E+00   7.876163960809480E+00
  370  -6.613121101324341E+00   7.501108538866174E+00
  371  -8.214568128678287E+00   8.747620845521526E+00
  372  -7.872294459566694E+00   8.383136647374794E+00
  373  -7.530020790455096E+00   8.018652439228063E+00
  374  -7.187747111343502E+00   7.654168241081335E+00
  375  -6.845473442231905E+00   7.289684032934604E+00
  376  -8.485284142946194E+00   8.485278597052899E+00
  377  -8.131730637406772E+00   8.131725322592363E+00
  378  -7.778177131867345E+00   7.778172048131824E+00
  379  -7.424623626327921E+00   7.424618773671287E+00
  380  -7.071070120788495E+00   7.071065499210749E+00
  381  -8.747626214477540E+00   8.214562411320834E+00
  382  -8.383141792624311E+00   7.872288980432465E+00
  383  -8.018657360771080E+00   7.530015549544099E+00
  384  -7.654172938917847E+00   7.187742108655731E+00
  385  -7.289688507064618E+00   6.845468677767364E+00
  386  -9.001335433359628E+00   7.935739438409942E+00
  387  -8.626279785302980E+00   7.605083630976196E+00
  388  -8.251224147246329E+00   7.274427823542448E+00
  389  -7.876168499189678E+00   6.943772016108702E+00
  390  -7.501112861133024E+00   6.613116198674951E+00
  391  -9.246161409682388E+00   7.649084858402047E+00
  392  -8.860904685528956E+00   7.330372984301961E+00
  393  -8.475647961375524E+00   7.011661120201876E+00
  394  -8.090391237222089E+00   6.692949246101790E+00
  395  -7.705134513068657E+00   6.374237382001705E+00
  396  -9.481862553538258E+00   7.354881541376100E+00
  397  -9.086784943390834E+00   7.048428150485431E+00
  398  -8.691707343243404E+00   6.741974749594759E+00
  399  -8.296629733095976E+00   6.435521348704088E+00
  400  -7.901552122948551E+00   6.129067957813418E+00
  401  -9.708206235022130E+00   7.053419857408125E+00
  402  -9.303697648979540E+00   6.759527359599451E+00
  403  -8.899189052936952E+00   6.465634871790779E+00
  404  -8.494680456894365E+00   6.171742373982108E+00
  405  -8.090171860851774E+00   5.877849876173438E+00
  406  -9.924969094231221E+00   6.744997286571112E+00
  407  -9.511428712388255E+00   6.463955741713983E+00
  408  -9.097888340545287E+00   6.182914186856850E+00
  409  -8.684347958702320E+00   5.901872631999723E+00
  410  -8.270807576859351E+00   5.620831077142594E+00
  411  -1.013193720126500E+01   6.429918228934973E+00
  412  -9.709773153712295E+00   6.162004966896016E+00
  413  -9.287609106159586E+00   5.894091704857058E+00
  414  -8.865445058606877E+00   5.626178452818101E+00
  415  -8.443281011054170E+00   5.358265190779142E+00
  416  -1.032890629622509E+01   6.108493614566462E+00
  417  -9.898535223049043E+00   5.853973045209519E+00
  418  -9.468164129872997E+00   5.599452475852582E+00
  419  -9.037793026696955E+00   5.344931916495649E+00
  420  -8.607421933520909E+00   5.090411347138711E+00
  421  -1.051568208921514E+01   5.781040653529068E+00
  422  -1.007752861049785E+01   5.540163956715376E+00
  423  -9.639375211780550E+00   5.299287269901658E+00
  424  -9.201221793063251E+00   5.058410573087946E+00
  425  -8.763068374345954E+00   4.817533876274235E+00
  426  -1.069208008034077E+01   5.447882505883086E+00
  427  -1.024657670615990E+01   5.220887401471304E+00
  428  -9.801073401979039E+00   4.993892297059499E+00
  429  -9.355570057798175E+00   4.766897192647705E+00
  430  -8.910066723617309E+00   4.539902088235910E+00
  431  -1.085792626970942E+01   5.109347951685381E+00
  432  -1.040551270013819E+01   4.896458449531815E+00
  433  -9.953099110566964E+00   4.683568957378256E+00
  434  -9.500685510995737E+00   4.470679455224700E+00
  435  -9.048271911424514E+00   4.257789963071144E+00
  436  -1.101305705743026E+01   4.765771090989412E+00
  437  -1.055417969253733E+01   4.567197290948182E+00
  438  -1.009530232764440E+01   4.368623500906954E+00
  439  -9.636424932751474E+00   4.170049700865734E+00
  440  -9.177547557858549E+00   3.971475910824507E+00
  441  -1.115731924361410E+01   4.417490983845248E+00
  442  -1.069243098346352E+01   4.233428865768349E+00
  443  -1.022754262331293E+01   4.049366737691483E+00
  444  -9.762654363162342E+00   3.865304609614584E+00
  445  -9.297766063011753E+00   3.681242491537698E+00
  446  -1.129057052837328E+01   4.064851350299390E+00
  447  -1.082013007302439E+01   3.895482544036920E+00
  448  -1.034968971767551E+01   3.726113737774419E+00
  449  -9.879249232326618E+00   3.556744931511959E+00
  450  -9.408808796977732E+00   3.387376125249483E+00
  451  -1.141267941182151E+01   3.708200200394810E+00
  452  -1.093715106132895E+01   3.553691865795040E+00
  453  -1.046162281083638E+01   3.399183521195237E+00
  454  -9.986094480343821E+00   3.244675176595461E+00
  455  -9.510566169851259E+00   3.090166831995677E+00
  456  -1.152352529407382E+01   3.347889504170923E+00
  457  -1.104337844848741E+01   3.208394111080453E+00
  458  -1.056323150290100E+01   3.068898717990018E+00
  459  -1.008308465731459E+01   2.929403314899549E+00
  460  -9.602937771728183E+00   2.789907921809094E+00
  461  -1.162299887524641E+01   2.984274851663444E+00
  462  -1.113870733461114E+01   2.859930059927442E+00
  463  -1.065441569397588E+01   2.735585278191472E+00
  464  -1.017012405334061E+01   2.611240496455502E+00
  465  -9.685832422705341E+00   2.486895704719529E+00
  466  -1.171100195545655E+01   2.617715072904467E+00
  467  -1.122304361981253E+01   2.508643612366755E+00
  468  -1.073508518416851E+01   2.399572151829076E+00
  469  -1.024712674852448E+01   2.290500681291397E+00
  470  -9.759168332880458E+00   2.181429220753711E+00
  471  -1.178744773482246E+01   2.248571927922357E+00
  472  -1.129630410420486E+01   2.154881428425584E+00
  473  -1.080516047358725E+01   2.061190928928811E+00
  474  -1.031401674296965E+01   1.967500429432071E+00
  475  -9.822873122352050E+00   1.873809939935294E+00
  476  -1.185226071346319E+01   1.877209706741787E+00
  477  -1.135841648790222E+01   1.798992638127555E+00
  478  -1.086457226234126E+01   1.720775569513323E+00
  479  -1.037072813678029E+01   1.642558490899059E+00
  480  -9.876883921219321E+00   1.564341422284824E+00
  481  -1.190537689149850E+01   1.503994909383671E+00
  482  -1.140931957101939E+01   1.441328461492668E+00
  483  -1.091326215054029E+01   1.378662003601698E+00
  484  -1.041720483006118E+01   1.315995545710696E+00
  485  -9.921147419582084E+00   1.253329097819722E+00
  486  -1.194674396904876E+01   1.129295855865101E+00
  487  -1.144896295367173E+01   1.082241858537394E+00
  488  -1.095118193829470E+01   1.035187871209687E+00
  489  -1.045340092291767E+01   9.881338738819797E-01
  490  -9.955619957540634E+00   9.410798795542562E-01
  491  -1.197632094623482E+01   7.534823201994758E-01
  492  -1.147730763597503E+01   7.220872242744771E-01
  493  -1.097829422571525E+01   6.906921273495112E-01
  494  -1.047928081545546E+01   6.592970304245453E-01
  495  -9.980267485195681E+00   6.279019334995533E-01
  496  -1.199407882317787E+01   3.769251893962720E-01
  497  -1.149432551804546E+01   3.612199727131009E-01
  498  -1.099457231291305E+01   3.455147570298970E-01
  499  -1.049481900778063E+01   3.298095403467258E-01
  500  -9.995065702648224E+00   3.141043246635546E-01
  501  -1.199999999999936E+01  -3.921538765256307E-06
  502  -1.149999999999939E+01  -3.758141316703961E-06
  503  -1.099999999999941E+01  -3.594743868151615E-06
  504  -1.049999999999944E+01  -3.431346419599269E-06
  505  -9.999999999999465E+00  -3.267948971046923E-06
  506  -2.399999999999947E+01   1.700000326794896E+01
  507  -2.349999999999949E+01   1.700000310455151E+01
  508  -2.299999999999952E+01   1.700000294115407E+01
  509  -2.249999999999955E+01   1.700000277775662E+01
  510  -2.199999999999957E+01   1.700000261435917E+01
  511  -2.399506570264823E+01   1.668589567533645E+01
  512  -2.349531241751581E+01   1.670160089201962E+01
  513  -2.299555913238340E+01   1.671730610770280E+01
  514  -2.249580584725099E+01   1.673301132438598E+01
  515  -2.199605256211858E+01   1.674871654006916E+01
  516  -2.398026748519568E+01   1.637209806650045E+01
  517  -2.348125411493590E+01   1.640349316242543E+01
  518  -2.298224074467611E+01   1.643488825935041E+01
  519  -2.248322736441633E+01   1.646628335627538E+01
  520  -2.198421399415654E+01   1.649767845320036E+01
  521  -2.395561995754063E+01   1.605892012044574E+01
  522  -2.345783895216360E+01   1.610597411377345E+01
  523  -2.296005795678657E+01   1.615302810810117E+01
  524  -2.246227696140954E+01   1.620008210242888E+01
  525  -2.196449596603251E+01   1.624713609575659E+01
  526  -2.392114741958208E+01   1.574667090218028E+01
  527  -2.342509004910298E+01   1.580933736007126E+01
  528  -2.292903267862387E+01   1.587200381796225E+01
  529  -2.243297530814477E+01   1.593467026585324E+01
  530  -2.193691793766567E+01   1.599733672374422E+01
  531  -2.387688392121932E+01   1.543565857771518E+01
  532  -2.338303972565836E+01   1.551387564632942E+01
  533  -2.288919553009739E+01   1.559209271494366E+01
  534  -2.239535133453642E+01   1.567030979355790E+01
  535  -2.190150712897546E+01   1.574852686217214E+01
  536  -2.382287312235205E+01   1.512619006006471E+01
  537  -2.333172946173445E+01   1.521988055956147E+01
  538  -2.284058581111684E+01   1.531357105905824E+01
  539  -2.234944215049924E+01   1.540726155855500E+01
  540  -2.185829849988164E+01   1.550095204805177E+01
  541  -2.375916833288046E+01   1.481857077924629E+01
  542  -2.327120991723643E+01   1.492764223978397E+01
  543  -2.278325150159241E+01   1.503671370032166E+01
  544  -2.229529308594839E+01   1.514578516085935E+01
  545  -2.180733467030437E+01   1.525485662139703E+01
  546  -2.368583242270534E+01   1.451310429528047E+01
  547  -2.320154080207008E+01   1.463744907701645E+01
  548  -2.271724918143481E+01   1.476179386875242E+01
  549  -2.223295756079954E+01   1.488613865048840E+01
  550  -2.174866594016427E+01   1.501048343222438E+01
  551  -2.360293777172818E+01   1.421009207819091E+01
  552  -2.312279087614177E+01   1.434958747128136E+01
  553  -2.264264399055536E+01   1.448908287437181E+01
  554  -2.216249710496896E+01   1.462857826746227E+01
  555  -2.168235021938255E+01   1.476807366055273E+01
  556  -2.351056616985126E+01   1.390983316800432E+01
  557  -2.303503785935870E+01   1.406434150260410E+01
  558  -2.255950955886613E+01   1.421884984720389E+01
  559  -2.208398124837357E+01   1.437335819180367E+01
  560  -2.160845293788100E+01   1.452786653640346E+01
  561  -2.340880879697773E+01   1.361262387475052E+01
  562  -2.293836836162885E+01   1.378199268101299E+01
  563  -2.246792791627996E+01   1.395136148727546E+01
  564  -2.199748748093107E+01   1.412073029353794E+01
  565  -2.152704703558219E+01   1.429009909980041E+01
  566  -2.329776606301175E+01   1.331875750846230E+01
  567  -2.283287776286117E+01   1.350281963653919E+01
  568  -2.236798945271058E+01   1.368688176461607E+01
  569  -2.190310115255999E+01   1.387094388269296E+01
  570  -2.143821285240940E+01   1.405500601076984E+01
  571  -2.317754755785855E+01   1.302852408917549E+01
  572  -2.271867017296562E+01   1.322709788921672E+01
  573  -2.225979279807270E+01   1.342567167925794E+01
  574  -2.180091542317977E+01   1.362424547929917E+01
  575  -2.134203804828684E+01   1.382281926934039E+01
  576  -2.304827191142451E+01   1.274221003692886E+01
  577  -2.259585832185329E+01   1.295509953908241E+01
  578  -2.214344472228206E+01   1.316798904123597E+01
  579  -2.169103113271084E+01   1.338087853338953E+01
  580  -2.123861753313961E+01   1.359376803554309E+01
  581  -2.291006672361731E+01   1.246009791176409E+01
  582  -2.246456338943644E+01   1.268709301617589E+01
  583  -2.201906005525558E+01   1.291408812058768E+01
  584  -2.157355672107471E+01   1.314108322499948E+01
  585  -2.112805337689385E+01   1.336807832941127E+01
  586  -2.276306837434596E+01   1.218246612372577E+01
  587  -2.232491495562865E+01   1.242334282053948E+01
  588  -2.188676153691136E+01   1.266421950735319E+01
  589  -2.144860811819406E+01   1.290509620416690E+01
  590  -2.101045469947676E+01   1.314597290098061E+01
  591  -2.260742193352091E+01   1.190958865286129E+01
  592  -2.217705084034486E+01   1.216410922221823E+01
  593  -2.174667973716882E+01   1.241862979157516E+01
  594  -2.131630864399277E+01   1.267315036093209E+01
  595  -2.088593755081673E+01   1.292767092028903E+01
  596  -2.244328101105417E+01   1.164173480922086E+01
  597  -2.202111695350146E+01   1.190964807125981E+01
  598  -2.159895290594875E+01   1.217756133329877E+01
  599  -2.117678885839604E+01   1.244547458533773E+01
  600  -2.075462480084333E+01   1.271338784737668E+01
  601  -2.227080757685935E+01   1.137916892285741E+01
  602  -2.185726720501638E+01   1.166021047771454E+01
  603  -2.144372682317341E+01   1.194125203257167E+01
  604  -2.103018644133045E+01   1.222229358742880E+01
  605  -2.061664605948748E+01   1.250333514228592E+01
  606  -2.209017186085178E+01   1.112215012382656E+01
  607  -2.168566327480919E+01   1.141604261163524E+01
  608  -2.128115467876660E+01   1.170993510944391E+01
  609  -2.087664608272401E+01   1.200382760725258E+01
  610  -2.047213748668142E+01   1.229772009506125E+01
  611  -2.190155212294855E+01   1.087093204218658E+01
  612  -2.150647452280112E+01   1.117738544307725E+01
  613  -2.111139691265370E+01   1.148383884396792E+01
  614  -2.071631931250627E+01   1.179029223485860E+01
  615  -2.032124170235884E+01   1.209674563574927E+01
  616  -2.170513451306866E+01   1.062576261799829E+01
  617  -2.131987778891522E+01   1.094447449209838E+01
  618  -2.093462105476179E+01   1.126318635619846E+01
  619  -2.054936433060836E+01   1.158189823029855E+01
  620  -2.016410760645493E+01   1.190061009439864E+01
  621  -2.150111286113302E+01   1.038688380132505E+01
  622  -2.112605721307638E+01   1.071753960875879E+01
  623  -2.075100157501972E+01   1.104819541619254E+01
  624  -2.037594592696307E+01   1.137885122362629E+01
  625  -2.000089028890642E+01   1.170950704106004E+01
  626  -2.128968850706462E+01   1.015453132223264E+01
  627  -2.092520408521139E+01   1.049680475312100E+01
  628  -2.056071966335816E+01   1.083907819400937E+01
  629  -2.019623523150493E+01   1.118135162489774E+01
  630  -1.983175080965169E+01   1.152362505578611E+01
  631  -2.107107012078849E+01   9.928934500789250E+00
  632  -2.071751661524907E+01   1.028248777524979E+01
  633  -2.036396310970964E+01   1.063604104971033E+01
  634  -2.001040960417022E+01   1.098959432417086E+01
  635  -1.965685609863080E+01   1.134314759863140E+01
  636  -2.084547344223191E+01   9.710315967065396E+00
  637  -2.050319977312031E+01   1.007480016521213E+01
  638  -2.016092609400872E+01   1.043928436335885E+01
  639  -1.981865242489712E+01   1.080376857150559E+01
  640  -1.947637875578553E+01   1.116825276965232E+01
  641  -2.061312110132434E+01   9.498891461133827E+00
  642  -2.028246504875812E+01   9.873946893077136E+00
  643  -1.995180899619191E+01   1.024900231502044E+01
  644  -1.962115294362569E+01   1.062405774696375E+01
  645  -1.929049688105948E+01   1.099911316890706E+01
  646  -2.037424241799761E+01   9.294869653069480E+00
  647  -2.005553029209774E+01   9.680126168916004E+00
  648  -1.973681817619785E+01   1.006538269476253E+01
  649  -1.941810605029797E+01   1.045063921060906E+01
  650  -1.909939393439809E+01   1.083589572645558E+01
  651  -2.012907312218593E+01   9.098451882949394E+00
  652  -1.982261946307663E+01   9.493529282801923E+00
  653  -1.951616580396733E+01   9.888606692654454E+00
  654  -1.920971215485804E+01   1.028368409250699E+01
  655  -1.890325849574874E+01   1.067876150235952E+01
  656  -1.987785516382593E+01   8.909831980852639E+00
  657  -1.958396241163464E+01   9.314340374810008E+00
  658  -1.929006964944334E+01   9.718848778767375E+00
  659  -1.899617688725204E+01   1.012335718272474E+01
  660  -1.870228413506075E+01   1.052786558668211E+01
  661  -1.962083648285681E+01   8.729196096860235E+00
  662  -1.933979465771397E+01   9.142736285017223E+00
  663  -1.905875283257113E+01   9.556276483174212E+00
  664  -1.877771100742829E+01   9.969816681331199E+00
  665  -1.849666918228544E+01   1.038335687948819E+01
  666  -1.935827070922029E+01   8.556722491055071E+00
  667  -1.909035717125927E+01   8.978886373502318E+00
  668  -1.882244363329826E+01   9.401050245949563E+00
  669  -1.855453010533724E+01   9.823214118396812E+00
  670  -1.828661656737622E+01   1.024537800084406E+01
  671  -1.909041697286074E+01   8.392581393521828E+00
  672  -1.883589612221771E+01   8.822952320345737E+00
  673  -1.858137527157467E+01   9.253323257169644E+00
  674  -1.832685442093163E+01   9.683694183993552E+00
  675  -1.807233358028860E+01   1.011406511081746E+01
  676  -1.881753960372525E+01   8.236934774346887E+00
  677  -1.857666262053899E+01   8.675088035629543E+00
  678  -1.833578564735273E+01   9.113241296912200E+00
  679  -1.809490866416646E+01   9.551394558194854E+00
  680  -1.785403168098020E+01   9.989547819477512E+00
  681  -1.853990791176361E+01   8.089936243618261E+00
  682  -1.831291251617543E+01   8.535439429437348E+00
  683  -1.808591712058725E+01   8.980942615256435E+00
  684  -1.785892172499907E+01   9.426445801075522E+00
  685  -1.763192632941088E+01   9.871948996894609E+00
  686  -1.825779587692840E+01   7.951730871425479E+00
  687  -1.804490607908198E+01   8.404144321854204E+00
  688  -1.783201628123556E+01   8.856557782282930E+00
  689  -1.761912649338914E+01   9.308971232711656E+00
  690  -1.740623669554272E+01   9.761384693140382E+00
  691  -1.797148190917507E+01   7.822455037859530E+00
  692  -1.777290780921631E+01   8.281332292966551E+00
  693  -1.757433371925756E+01   8.740209538073575E+00
  694  -1.737575961929881E+01   9.199086783180599E+00
  695  -1.717718552934005E+01   9.657964028287623E+00
  696  -1.768124856846191E+01   7.702236343012750E+00
  697  -1.749718613653882E+01   8.167124522862110E+00
  698  -1.731312370461572E+01   8.632012712711472E+00
  699  -1.712906128269262E+01   9.096900892560836E+00
  700  -1.694499885076953E+01   9.561789072410198E+00
  701  -1.738738227475016E+01   7.591193416978738E+00
  702  -1.721801316101265E+01   8.061633741629802E+00
  703  -1.704864404727514E+01   8.532074076280864E+00
  704  -1.687927493353763E+01   9.002514400931927E+00
  705  -1.670990581980012E+01   9.472954735582992E+00
  706  -1.709017304800399E+01   7.489435849852274E+00
  707  -1.693566440260379E+01   7.964964059359664E+00
  708  -1.678115574720360E+01   8.440492258867048E+00
  709  -1.662664709180340E+01   8.916020468374432E+00
  710  -1.647213843640320E+01   9.391548677881818E+00
  711  -1.678991419819061E+01   7.397064051729210E+00
  712  -1.665041849128108E+01   7.877210856142749E+00
  713  -1.651092277437155E+01   8.357357650556288E+00
  714  -1.637142706746202E+01   8.837504444969827E+00
  715  -1.623193136055249E+01   9.317651239383368E+00
  716  -1.648690203528021E+01   7.314169202706376E+00
  717  -1.636255693701619E+01   7.798460742071059E+00
  718  -1.623821182875218E+01   8.282752281435737E+00
  719  -1.611386673048818E+01   8.767043820800421E+00
  720  -1.598952163222417E+01   9.251335360165102E+00
  721  -1.618143559924606E+01   7.240833092881500E+00
  722  -1.607236381978375E+01   7.728791437237426E+00
  723  -1.596329204032145E+01   8.216749781593350E+00
  724  -1.585422026085915E+01   8.704708125949274E+00
  725  -1.574514848139685E+01   9.192666470305200E+00
  726  -1.587381636006451E+01   7.177128102353098E+00
  727  -1.578012553956128E+01   7.668271701735444E+00
  728  -1.568643471905806E+01   8.159415291117789E+00
  729  -1.559274389855483E+01   8.650558890500132E+00
  730  -1.549905308805161E+01   9.141702479882479E+00
  731  -1.556434787771501E+01   7.123117101220377E+00
  732  -1.548613048632926E+01   7.616961245659358E+00
  733  -1.540791309494351E+01   8.110805390098340E+00
  734  -1.532969569355776E+01   8.604649534537318E+00
  735  -1.525147830217200E+01   9.098493688976300E+00
  736  -1.525333558218014E+01   7.078853399583142E+00
  737  -1.519066880007114E+01   7.574910729103983E+00
  738  -1.512800201796213E+01   8.070968058624825E+00
  739  -1.506533524585312E+01   8.567025388145673E+00
  740  -1.500266846374412E+01   9.063082717666513E+00
  741  -1.494108638644564E+01   7.044380657541698E+00
  742  -1.489403206777336E+01   7.542161632164611E+00
  743  -1.484697774810108E+01   8.039942596787526E+00
  744  -1.479992342842880E+01   8.537723561410441E+00
  745  -1.475286910975652E+01   9.035504526033357E+00
  746  -1.462790845650038E+01   7.019732925196747E+00
  747  -1.459651303442536E+01   7.518746274936909E+00
  748  -1.456511761135034E+01   8.017759624677073E+00
  749  -1.453372218827532E+01   8.516772984417235E+00
  750  -1.450232676520030E+01   9.015786334157397E+00
  751  -1.431411085733641E+01   7.004934502649290E+00
  752  -1.429840531401959E+01   7.504687777516827E+00
  753  -1.428269977170277E+01   8.004441052384362E+00
  754  -1.426699422838595E+01   8.504194327251897E+00
  755  -1.425128868606913E+01   9.003947602119432E+00
  756  -1.400000326794896E+01   7.000000000000535E+00
  757  -1.400000310455152E+01   7.500000000000508E+00
  758  -1.400000294115407E+01   8.000000000000481E+00
  759  -1.400000277775662E+01   8.500000000000455E+00
  760  -1.400000261435917E+01   9.000000000000426E+00
  761  -1.368589567533644E+01   7.004934297351776E+00
  762  -1.370160089201962E+01   7.504687582484186E+00
  763  -1.371730610770280E+01   8.004440867616598E+00
  764  -1.373301132438598E+01   8.504194152749010E+00
  765  -1.374871654006916E+01   9.003947437881422E+00
  766  -1.337209806650045E+01   7.019732514804319E+00
  767  -1.340349316242543E+01   7.518745885064103E+00
  768  -1.343488825935041E+01   8.017759255323888E+00
  769  -1.346628335627538E+01   8.516772635583672E+00
  770  -1.349767845320036E+01   9.015786005843456E+00
  771  -1.305892012044574E+01   7.044380042459366E+00
  772  -1.310597411377345E+01   7.542161047836398E+00
  773  -1.315302810810117E+01   8.039942043213429E+00
  774  -1.320008210242888E+01   8.537723038590460E+00
  775  -1.324713609575659E+01   9.035504033967491E+00
  776  -1.274667090218028E+01   7.078852580417916E+00
  777  -1.280933736007126E+01   7.574909950897023E+00
  778  -1.287200381796225E+01   8.070967321376127E+00
  779  -1.293467026585324E+01   8.567024691855231E+00
  780  -1.299733672374422E+01   9.063082062334335E+00
  781  -1.243565857771518E+01   7.123116078780679E+00
  782  -1.251387564632942E+01   7.616960274341643E+00
  783  -1.259209271494366E+01   8.110804469902609E+00
  784  -1.267030979355790E+01   8.604648665463577E+00
  785  -1.274852686217214E+01   9.098492871024543E+00
  786  -1.212619006006471E+01   7.177126877647950E+00
  787  -1.221988055956147E+01   7.668270538265554E+00
  788  -1.231357105905824E+01   8.159414188883158E+00
  789  -1.240726155855500E+01   8.650557849500760E+00
  790  -1.250095204805177E+01   9.141701500118359E+00
  791  -1.181857077924629E+01   7.240831667119542E+00
  792  -1.192764223978397E+01   7.728790082763567E+00
  793  -1.203671370032166E+01   8.216748498407586E+00
  794  -1.214578516085935E+01   8.704706914051609E+00
  795  -1.225485662139703E+01   9.192665329695632E+00
  796  -1.151310429528047E+01   7.314167577294659E+00
  797  -1.163744907701645E+01   7.798459197929924E+00
  798  -1.176179386875242E+01   8.282750818565194E+00
  799  -1.188613865048840E+01   8.767042439200459E+00
  800  -1.201048343222438E+01   9.251334059835726E+00
  801  -1.121009207819091E+01   7.397062228271817E+00
  802  -1.134958747128136E+01   7.877209123858226E+00
  803  -1.148908287437181E+01   8.357356009444636E+00
  804  -1.162857826746227E+01   8.837502895031044E+00
  805  -1.176807366055273E+01   9.317649780617453E+00
  806  -1.090983316800432E+01   7.489433830148741E+00
  807  -1.106434150260410E+01   7.964962140641303E+00
  808  -1.121884984720389E+01   8.440490441133866E+00
  809  -1.137335819180367E+01   8.916018751626430E+00
  810  -1.152786653640346E+01   9.391547062118994E+00
  811  -1.061262387475052E+01   7.591191203022268E+00
  812  -1.078199268101299E+01   8.061631638371153E+00
  813  -1.095136148727546E+01   8.532072083720042E+00
  814  -1.112073029353794E+01   9.002512519068928E+00
  815  -1.129009909980041E+01   9.472952964417814E+00
  816  -1.031875750846230E+01   7.702233936988247E+00
  817  -1.050281963653919E+01   8.167122237138834E+00
  818  -1.068688176461607E+01   8.632010547289422E+00
  819  -1.087094388269296E+01   9.096898847440007E+00
  820  -1.105500601076984E+01   9.561787147590596E+00
  821  -1.002852408917549E+01   7.822452442141451E+00
  822  -1.022709788921672E+01   8.281329827034378E+00
  823  -1.042567167925794E+01   8.740207201927305E+00
  824  -1.062424547929917E+01   9.199084576820233E+00
  825  -1.082281926934039E+01   9.657961951713158E+00
  826  -9.742210036928856E+00   7.951728088575486E+00
  827  -9.955099539082415E+00   8.404141678146711E+00
  828  -1.016798904123597E+01   8.856555277717941E+00
  829  -1.038087853338953E+01   9.308968867289163E+00
  830  -1.059376803554309E+01   9.761382466860391E+00
  831  -9.460097911764091E+00   8.089933276382691E+00
  832  -9.687093016175886E+00   8.535436610563556E+00
  833  -9.914088120587682E+00   8.980939944744421E+00
  834  -1.014108322499948E+01   9.426443278925287E+00
  835  -1.036807832941127E+01   9.871946623106153E+00
  836  -9.182466123725765E+00   8.236931625654046E+00
  837  -9.423342820539478E+00   8.675085044371347E+00
  838  -9.664219507353190E+00   9.113238463088642E+00
  839  -9.905096204166901E+00   9.551391881805941E+00
  840  -1.014597290098061E+01   9.989545300523240E+00
  841  -8.909588652861288E+00   8.392578066479091E+00
  842  -9.164109222218226E+00   8.822949159655137E+00
  843  -9.418629791575158E+00   9.253320262831185E+00
  844  -9.673150360932095E+00   9.683691356007230E+00
  845  -9.927670920289032E+00   1.011406244918327E+01
  846  -8.641734809220857E+00   8.556718988945830E+00
  847  -8.909648071259813E+00   8.978883046498540E+00
  848  -9.177561333298771E+00   9.401047094051249E+00
  849  -9.445474585337729E+00   9.823211141603956E+00
  850  -9.713387847376683E+00   1.024537519915667E+01
  851  -8.379168922857406E+00   8.729192423140649E+00
  852  -8.660210477714537E+00   9.142732794983615E+00
  853  -8.941252032571667E+00   9.556273176826585E+00
  854  -9.222293587428796E+00   9.969813558669552E+00
  855  -9.503335142285923E+00   1.038335394051252E+01
  856  -8.122150123826561E+00   8.909828139148226E+00
  857  -8.416042611635238E+00   9.314336725190813E+00
  858  -8.709935109443908E+00   9.718845321233403E+00
  859  -9.003827607252578E+00   1.012335391727599E+01
  860  -9.297720095061250E+00   1.052786251331858E+01
  861  -7.870932042186582E+00   9.098447877051449E+00
  862  -8.177385443077254E+00   9.493525477198876E+00
  863  -8.483838843967924E+00   9.888603087346306E+00
  864  -8.790292234858597E+00   1.028368068749373E+01
  865  -9.096745635749267E+00   1.067875829764116E+01
  866  -7.625762617998295E+00   9.294865486931343E+00
  867  -7.944474492098381E+00   9.680122211084777E+00
  868  -8.263186356198464E+00   1.006537894523821E+01
  869  -8.581898230298549E+00   1.045063566939164E+01
  870  -8.900610094398635E+00   1.083589239354508E+01
  871  -7.386883801325049E+00   9.498887138866976E+00
  872  -7.717539608758795E+00   9.873942786923624E+00
  873  -8.048195416192543E+00   1.024899842498028E+01
  874  -8.378851223626288E+00   1.062405407303693E+01
  875  -8.709507041060039E+00   1.099910971109358E+01
  876  -7.154531322232636E+00   9.710311492935382E+00
  877  -7.496804753121006E+00   1.007479591478861E+01
  878  -7.839078194009375E+00   1.043928033664185E+01
  879  -8.181351624897740E+00   1.080376476849507E+01
  880  -8.523625055786109E+00   1.116824919034831E+01
  881  -6.928934500789251E+00   9.928929879211505E+00
  882  -7.282487775249789E+00   1.028248338475093E+01
  883  -7.636041049710327E+00   1.063603689029035E+01
  884  -7.989594324170863E+00   1.098959039582978E+01
  885  -8.343147598631401E+00   1.134314390136920E+01
  886  -6.710315967065396E+00   1.015452655776810E+01
  887  -7.074800165212127E+00   1.049680022687969E+01
  888  -7.439284363358855E+00   1.083907390599128E+01
  889  -7.803768571505587E+00   1.118134757510288E+01
  890  -8.168252769652318E+00   1.152362124421447E+01
  891  -6.498891461133826E+00   1.038687889867566E+01
  892  -6.873946893077135E+00   1.071753495124188E+01
  893  -7.249002315020445E+00   1.104819100380809E+01
  894  -7.624057746963754E+00   1.137884705637431E+01
  895  -7.999113168907061E+00   1.170950311894052E+01
  896  -6.294869653069480E+00   1.062575758200239E+01
  897  -6.680126168916004E+00   1.094446970790226E+01
  898  -7.065382694762532E+00   1.126318182380215E+01
  899  -7.450639210609057E+00   1.158189394970203E+01
  900  -7.835895726455584E+00   1.190060606560191E+01
  901  -6.098451882949395E+00   1.087092687781407E+01
  902  -6.493529282801924E+00   1.117738053692337E+01
  903  -6.888606692654454E+00   1.148383419603267E+01
  904  -7.283684092506986E+00   1.179028784514196E+01
  905  -7.678761502359515E+00   1.209674150425126E+01
  906  -5.909831980852639E+00   1.112214483617407E+01
  907  -6.314340374810008E+00   1.141603758836536E+01
  908  -6.718848778767375E+00   1.170993035055666E+01
  909  -7.123357182724741E+00   1.200382311274796E+01
  910  -7.527865586682111E+00   1.229771586493925E+01
  911  -5.729196096860235E+00   1.137916351714319E+01
  912  -6.142736285017223E+00   1.166020534228603E+01
  913  -6.556276483174212E+00   1.194124716742887E+01
  914  -6.969816681331199E+00   1.222228899257171E+01
  915  -7.383356879488187E+00   1.250333081771456E+01
  916  -5.556722491055071E+00   1.164172929077971E+01
  917  -5.978886373502318E+00   1.190964282874073E+01
  918  -6.401050245949563E+00   1.217755636670174E+01
  919  -6.823214118396812E+00   1.244546989466276E+01
  920  -7.245378000844057E+00   1.271338343262378E+01
  921  -5.392581393521828E+00   1.190958302713926E+01
  922  -5.822952320345737E+00   1.216410387778229E+01
  923  -6.253323257169645E+00   1.241862472842533E+01
  924  -6.683694183993553E+00   1.267314557906837E+01
  925  -7.114065110817464E+00   1.292766641971140E+01
  926  -5.236934774346887E+00   1.218246039627475E+01
  927  -5.675088035629543E+00   1.242333737946101E+01
  928  -6.113241296912201E+00   1.266421435264727E+01
  929  -6.551394558194855E+00   1.290509133583354E+01
  930  -6.989547819477511E+00   1.314596831901980E+01
  931  -5.089936243618261E+00   1.246009208823639E+01
  932  -5.535439429437348E+00   1.268708748382457E+01
  933  -5.980942615256435E+00   1.291408287941275E+01
  934  -6.426445801075522E+00   1.314107827500093E+01
  935  -6.871948996894609E+00   1.336807367058912E+01
  936  -4.951730871425479E+00   1.274220412307160E+01
  937  -5.404144321854204E+00   1.295509392091802E+01
  938  -5.856557782282930E+00   1.316798371876444E+01
  939  -6.308971232711657E+00   1.338087350661086E+01
  940  -6.761384693140382E+00   1.359376330445728E+01
  941  -4.822455037859530E+00   1.302851809082493E+01
  942  -5.281332292966551E+00   1.322709219078369E+01
  943  -5.740209538073575E+00   1.342566628074244E+01
  944  -6.199086783180599E+00   1.362424038070119E+01
  945  -6.657964028287624E+00   1.382281447065994E+01
  946  -4.702236343012750E+00   1.331875143153809E+01
  947  -5.167124522862110E+00   1.350281386346118E+01
  948  -5.632012712711472E+00   1.368687629538428E+01
  949  -6.096900892560836E+00   1.387093871730738E+01
  950  -6.561789072410198E+00   1.405500114923047E+01
  951  -4.591193416978738E+00   1.361261772524984E+01
  952  -5.061633741629802E+00   1.378198683898735E+01
  953  -5.532074076280864E+00   1.395135595272486E+01
  954  -6.002514400931927E+00   1.412072506646237E+01
  955  -6.472954735582991E+00   1.429009418019988E+01
  956  -4.489435849852274E+00   1.390982695199601E+01
  957  -4.964964059359664E+00   1.406433559739621E+01
  958  -5.440492258867048E+00   1.421884425279640E+01
  959  -5.916020468374432E+00   1.437335290819660E+01
  960  -6.391548677881818E+00   1.452786156359680E+01
  961  -4.397064051729210E+00   1.421008580180939E+01
  962  -4.877210856142749E+00   1.434958150871892E+01
  963  -5.357357650556288E+00   1.448907722562845E+01
  964  -5.837504444969827E+00   1.462857293253798E+01
  965  -6.317651239383368E+00   1.476806863944751E+01
  966  -4.314169202706376E+00   1.451309796471979E+01
  967  -4.798460742071059E+00   1.463744306298380E+01
  968  -5.282752281435737E+00   1.476178817124782E+01
  969  -5.767043820800421E+00   1.488613326951182E+01
  970  -6.251335360165102E+00   1.501047836777583E+01
  971  -4.240833092881500E+00   1.481856440075394E+01
  972  -4.728791437237426E+00   1.492763618021625E+01
  973  -5.216749781593350E+00   1.503670795967855E+01
  974  -5.704708125949274E+00   1.514577973914085E+01
  975  -6.192666470305200E+00   1.525485151860315E+01
  976  -4.177128102353098E+00   1.512618363993549E+01
  977  -4.668271701735444E+00   1.521987446043872E+01
  978  -5.159415291117789E+00   1.531356528094194E+01
  979  -5.650558890500132E+00   1.540725610144517E+01
  980  -6.141702479882478E+00   1.550094691194839E+01
  981  -4.123117101220377E+00   1.543565212228499E+01
  982  -4.616961245659358E+00   1.551386951367074E+01
  983  -5.110805390098340E+00   1.559208690505649E+01
  984  -5.604649534537318E+00   1.567030430644224E+01
  985  -6.098493688976300E+00   1.574852169782800E+01
  986  -4.078853399583142E+00   1.574666441781986E+01
  987  -4.574910729103983E+00   1.580933119992886E+01
  988  -5.070968058624825E+00   1.587199798203787E+01
  989  -5.567025388145673E+00   1.593466475414688E+01
  990  -6.063082717666513E+00   1.599733153625588E+01
  991  -4.044380657541698E+00   1.605891361355436E+01
  992  -4.542161632164611E+00   1.610596793222664E+01
  993  -5.039942596787526E+00   1.615302225189892E+01
  994  -5.537723561410441E+00   1.620007657157121E+01
  995  -6.035504526033358E+00   1.624713089024349E+01
  996  -4.019732925196747E+00   1.637209154349962E+01
  997  -4.518746274936909E+00   1.640348696557464E+01
  998  -5.017759624677073E+00   1.643488238864965E+01
  999  -5.516772984417235E+00   1.646627781172468E+01
 1000  -6.015786334157397E+00   1.649767323479970E+01
 1001  -4.004934502649290E+00   1.668588914266359E+01
 1002  -4.504687777516827E+00   1.670159468598041E+01
 1003  -5.004441052384362E+00   1.671730022829723E+01
 1004  -5.504194327251897E+00   1.673300577161405E+01
 1005  -6.003947602119433E+00   1.674871131393087E+01
 1006  -4.000000000000535E+00   1.699999673205104E+01
 1007  -4.500000000000508E+00   1.699999689544849E+01
 1008  -5.000000000000481E+00   1.699999705884593E+01
 1009  -5.500000000000455E+00   1.699999722224338E+01
 1010  -6.000000000000427E+00   1.699999738564083E+01

      3
      1        5        1     1    1     0
    501      505        1     1    1     0
    506      510        1     1    1     0
   1006     1010        1     1    1     0
      0      0      0      0      0      0
       1     9
   689.560d0   3.20E-01  0.00E+00  0.00E+00  0.00E+00  0.00E+00  0.00E+00  0.00E+00  1.0d-3
       0      0      0      0      0      0      0      0      0      0      0      0

  1
'p9_3'
  200    9    9     3
              1              1             11             13              3              6             12              8              2              7              1              1
              2              3             13             15              5              8             14             10              4              9              1              1
              3             11             21             23             13             16             22             18             12             17              1              1
              4             13             23             25             15             18             24             20             14             19              1              1
              5             21             31             33             23             26             32             28             22             27              1              1
              6             23             33             35             25             28             34             30             24             29              1              1
              7             31             41             43             33             36             42             38             32             37              1              1
              8             33             43             45             35             38             44             40             34             39              1              1
              9             41             51             53             43             46             52             48             42             47              1              1
             10             43             53             55             45             48             54             50             44             49              1              1
             11             51             61             63             53             56             62             58             52             57              1              1
             12             53             63             65             55             58             64             60             54             59              1              1
             13             61             71             73             63             66             72             68             62             67              1              1
             14             63             73             75             65             68             74             70             64             69              1              1
             15             71             81             83             73             76             82             78             72             77              1              1
             16             73             83             85             75             78             84             80             74             79              1              1
             17             81             91             93             83             86             92             88             82             87              1              1
             18             83             93             95             85             88             94             90             84             89              1              1
             19             91            101            103             93             96            102             98             92             97              1              1
             20             93            103            105             95             98            104            100             94             99              1              1
             21            101            111            113            103            106            112            108            102            107              1              1
             22            103            113            115            105            108            114            110            104            109              1              1
             23            111            121            123            113            116            122            118            112            117              1              1
             24            113            123            125            115            118            124            120            114            119              1              1
             25            121            131            133            123            126            132            128            122            127              1              1
             26            123            133            135            125            128            134            130            124            129              1              1
             27            131            141            143            133            136            142            138            132            137              1              1
             28            133            143            145            135            138            144            140            134            139              1              1
             29            141            151            153            143            146            152            148            142            147              1              1
             30            143            153            155            145            148            154            150            144            149              1              1
             31            151            161            163            153            156            162            158            152            157              1              1
             32            153            163            165            155            158            164            160            154            159              1              1
             33            161            171            173            163            166            172            168            162            167              1              1
             34            163            173            175            165            168            174            170            164            169              1              1
             35            171            181            183            173            176            182            178            172            177              1              1
             36            173            183            185            175            178            184            180            174            179              1              1
             37            181            191            193            183            186            192            188            182            187              1              1
             38            183            193            195            185            188            194            190            184            189              1              1
             39            191            201            203            193            196            202            198            192            197              1              1
             40            193            203            205            195            198            204            200            194            199              1              1
             41            201            211            213            203            206            212            208            202            207              1              1
             42            203            213            215            205            208            214            210            204            209              1              1
             43            211            221            223            213            216            222            218            212            217              1              1
             44            213            223            225            215            218            224            220            214            219              1              1
             45            221            231            233            223            226            232            228            222            227              1              1
             46            223            233            235            225            228            234            230            224            229              1              1
             47            231            241            243            233            236            242            238            232            237              1              1
             48            233            243            245            235            238            244            240            234            239              1              1
             49            241            251            253            243            246            252            248            242            247              1              1
             50            243            253            255            245            248            254            250            244            249              1              1
             51            251            261            263            253            256            262            258            252            257              1              1
             52            253            263            265            255            258            264            260            254            259              1              1
             53            261            271            273            263            266            272            268            262            267              1              1
             54            263            273            275            265            268            274            270            264            269              1              1
             55            271            281            283            273            276            282            278            272            277              1              1
             56            273            283            285            275            278            284            280            274            279              1              1
             57            281            291            293            283            286            292            288            282            287              1              1
             58            283            293            295            285            288            294            290            284            289              1              1
             59            291            301            303            293            296            302            298            292            297              1              1
             60            293            303            305            295            298            304            300            294            299              1              1
             61            301            311            313            303            306            312            308            302            307              1              1
             62            303            313            315            305            308            314            310            304            309              1              1
             63            311            321            323            313            316            322            318            312            317              1              1
             64            313            323            325            315            318            324            320            314            319              1              1
             65            321            331            333            323            326            332            328            322            327              1              1
             66            323            333            335            325            328            334            330            324            329              1              1
             67            331            341            343            333            336            342            338            332            337              1              1
             68            333            343            345            335            338            344            340            334            339              1              1
             69            341            351            353            343            346            352            348            342            347              1              1
             70            343            353            355            345            348            354            350            344            349              1              1
             71            351            361            363            353            356            362            358            352            357              1              1
             72            353            363            365            355            358            364            360            354            359              1              1
             73            361            371            373            363            366            372            368            362            367              1              1
             74            363            373            375            365            368            374            370            364            369              1              1
             75            371            381            383            373            376            382            378            372            377              1              1
             76            373            383            385            375            378            384            380            374            379              1              1
             77            381            391            393            383            386            392            388            382            387              1              1
             78            383            393            395            385            388            394            390            384            389              1              1
             79            391            401            403            393            396            402            398            392            397              1              1
             80            393            403            405            395            398            404            400            394            399              1              1
             81            401            411            413            403            406            412            408            402            407              1              1
             82            403            413            415            405            408            414            410            404            409              1              1
             83            411            421            423            413            416            422            418            412            417              1              1
             84            413            423            425            415            418            424            420            414            419              1              1
             85            421            431            433            423            426            432            428            422            427              1              1
             86            423            433            435            425            428            434            430            424            429              1              1
             87            431            441            443            433            436            442            438            432            437              1              1
             88            433            443            445            435            438            444            440            434            439              1              1
             89            441            451            453            443            446            452            448            442            447              1              1
             90            443            453            455            445            448            454            450            444            449              1              1
             91            451            461            463            453            456            462            458            452            457              1              1
             92            453            463            465            455            458            464            460            454            459              1              1
             93            461            471            473            463            466            472            468            462            467              1              1
             94            463            473            475            465            468            474            470            464            469              1              1
             95            471            481            483            473            476            482            478            472            477              1              1
             96            473            483            485            475            478            484            480            474            479              1              1
             97            481            491            493            483            486            492            488            482            487              1              1
             98            483            493            495            485            488            494            490            484            489              1              1
             99            491            501            503            493            496            502            498            492            497              1              1
            100            493            503            505            495            498            504            500            494            499              1              1
            101            506            516            518            508            511            517            513            507            512              1              1
            102            508            518            520            510            513            519            515            509            514              1              1
            103            516            526            528            518            521            527            523            517            522              1              1
            104            518            528            530            520            523            529            525            519            524              1              1
            105            526            536            538            528            531            537            533            527            532              1              1
            106            528            538            540            530            533            539            535            529            534              1              1
            107            536            546            548            538            541            547            543            537            542              1              1
            108            538            548            550            540            543            549            545            539            544              1              1
            109            546            556            558            548            551            557            553            547            552              1              1
            110            548            558            560            550            553            559            555            549            554              1              1
            111            556            566            568            558            561            567            563            557            562              1              1
            112            558            568            570            560            563            569            565            559            564              1              1
            113            566            576            578            568            571            577            573            567            572              1              1
            114            568            578            580            570            573            579            575            569            574              1              1
            115            576            586            588            578            581            587            583            577            582              1              1
            116            578            588            590            580            583            589            585            579            584              1              1
            117            586            596            598            588            591            597            593            587            592              1              1
            118            588            598            600            590            593            599            595            589            594              1              1
            119            596            606            608            598            601            607            603            597            602              1              1
            120            598            608            610            600            603            609            605            599            604              1              1
            121            606            616            618            608            611            617            613            607            612              1              1
            122            608            618            620            610            613            619            615            609            614              1              1
            123            616            626            628            618            621            627            623            617            622              1              1
            124            618            628            630            620            623            629            625            619            624              1              1
            125            626            636            638            628            631            637            633            627            632              1              1
            126            628            638            640            630            633            639            635            629            634              1              1
            127            636            646            648            638            641            647            643            637            642              1              1
            128            638            648            650            640            643            649            645            639            644              1              1
            129            646            656            658            648            651            657            653            647            652              1              1
            130            648            658            660            650            653            659            655            649            654              1              1
            131            656            666            668            658            661            667            663            657            662              1              1
            132            658            668            670            660            663            669            665            659            664              1              1
            133            666            676            678            668            671            677            673            667            672              1              1
            134            668            678            680            670            673            679            675            669            674              1              1
            135            676            686            688            678            681            687            683            677            682              1              1
            136            678            688            690            680            683            689            685            679            684              1              1
            137            686            696            698            688            691            697            693            687            692              1              1
            138            688            698            700            690            693            699            695            689            694              1              1
            139            696            706            708            698            701            707            703            697            702              1              1
            140            698            708            710            700            703            709            705            699            704              1              1
            141            706            716            718            708            711            717            713            707            712              1              1
            142            708            718            720            710            713            719            715            709            714              1              1
            143            716            726            728            718            721            727            723            717            722              1              1
            144            718            728            730            720            723            729            725            719            724              1              1
            145            726            736            738            728            731            737            733            727            732              1              1
            146            728            738            740            730            733            739            735            729            734              1              1
            147            736            746            748            738            741            747            743            737            742              1              1
            148            738            748            750            740            743            749            745            739            744              1              1
            149            746            756            758            748            751            757            753            747            752              1              1
            150            748            758            760            750            753            759            755            749            754              1              1
            151            756            766            768            758            761            767            763            757            762              1              1
            152            758            768            770            760            763            769            765            759            764              1              1
            153            766            776            778            768            771            777            773            767            772              1              1
            154            768            778            780            770            773            779            775            769            774              1              1
            155            776            786            788            778            781            787            783            777            782              1              1
            156            778            788            790            780            783            789            785            779            784              1              1
            157            786            796            798            788            791            797            793            787            792              1              1
            158            788            798            800            790            793            799            795            789            794              1              1
            159            796            806            808            798            801            807            803            797            802              1              1
            160            798            808            810            800            803            809            805            799            804              1              1
            161            806            816            818            808            811            817            813            807            812              1              1
            162            808            818            820            810            813            819            815            809            814              1              1
            163            816            826            828            818            821            827            823            817            822              1              1
            164            818            828            830            820            823            829            825            819            824              1              1
            165            826            836            838            828            831            837            833            827            832              1              1
            166            828            838            840            830            833            839            835            829            834              1              1
            167            836            846            848            838            841            847            843            837            842              1              1
            168            838            848            850            840            843            849            845            839            844              1              1
            169            846            856            858            848            851            857            853            847            852              1              1
            170            848            858            860            850            853            859            855            849            854              1              1
            171            856            866            868            858            861            867            863            857            862              1              1
            172            858            868            870            860            863            869            865            859            864              1              1
            173            866            876            878            868            871            877            873            867            872              1              1
            174            868            878            880            870            873            879            875            869            874              1              1
            175            876            886            888            878            881            887            883            877            882              1              1
            176            878            888            890            880            883            889            885            879            884              1              1
            177            886            896            898            888            891            897            893            887            892              1              1
            178            888            898            900            890            893            899            895            889            894              1              1
            179            896            906            908            898            901            907            903            897            902              1              1
            180            898            908            910            900            903            909            905            899            904              1              1
            181            906            916            918            908            911            917            913            907            912              1              1
            182            908            918            920            910            913            919            915            909            914              1              1
            183            916            926            928            918            921            927            923            917            922              1              1
            184            918            928            930            920            923            929            925            919            924              1              1
            185            926            936            938            928            931            937            933            927            932              1              1
            186            928            938            940            930            933            939            935            929            934              1              1
            187            936            946            948            938            941            947            943            937            942              1              1
            188            938            948            950            940            943            949            945            939            944              1              1
            189            946            956            958            948            951            957            953            947            952              1              1
            190            948            958            960            950            953            959            955            949            954              1              1
            191            956            966            968            958            961            967            963            957            962              1              1
            192            958            968            970            960            963            969            965            959            964              1              1
            193            966            976            978            968            971            977            973            967            972              1              1
            194            968            978            980            970            973            979            975            969            974              1              1
            195            976            986            988            978            981            987            983            977            982              1              1
            196            978            988            990            980            983            989            985            979            984              1              1
            197            986            996            998            988            991            997            993            987            992              1              1
            198            988            998           1000            990            993            999            995            989            994              1              1
            199            996           1006           1008            998           1001           1007           1003            997           1002              1              1
            200            998           1008           1010           1000           1003           1009           1005            999           1004              1              1
       0      0         0           0
