Analysis for,q9 combined geometry  496   nodes  105    elements

   5.000000000000000E-06
  496    2
    1  -5.000000000000000E-01   1.250782228091118E-02
    2  -5.000000000000000E-01   5.417448894757726E-02
    3  -5.000000000000000E-01   9.584115561424511E-02
    4  -5.000000000000000E-01   1.375078222809112E-01
    5  -5.000000000000000E-01   1.791744889475773E-01
    6  -5.000000000000000E-01   2.208411556142451E-01
    7  -5.000000000000000E-01   2.625078222809112E-01
    8  -5.000000000000000E-01   3.041744889475773E-01
    9  -5.000000000000000E-01   3.458411556142451E-01
   10  -5.000000000000000E-01   3.875078222809112E-01
   11  -5.000000000000000E-01   4.291744889475773E-01
   12  -5.000000000000000E-01   4.708411556142451E-01
   13  -5.000000000000000E-01   5.125078222809112E-01
   14  -4.666666666666667E-01   1.089482374811368E-02
   15  -4.666666666666667E-01   5.269590695917969E-02
   16  -4.666666666666667E-01   9.449699017024749E-02
   17  -4.666666666666667E-01   1.362980733813135E-01
   18  -4.666666666666667E-01   1.780991565923795E-01
   19  -4.666666666666667E-01   2.199002398034473E-01
   20  -4.666666666666667E-01   2.617013230145133E-01
   21  -4.666666666666667E-01   3.035024062255776E-01
   22  -4.666666666666667E-01   3.453034894366453E-01
   23  -4.666666666666667E-01   3.871045726477114E-01
   24  -4.666666666666667E-01   4.289056558587774E-01
   25  -4.666666666666667E-01   4.707067390698452E-01
   26  -4.666666666666667E-01   5.125078222809112E-01
   27  -4.333333333333333E-01   9.393300593691478E-03
   28  -4.333333333333333E-01   5.131951073429164E-02
   29  -4.333333333333333E-01   9.324572087489535E-02
   30  -4.333333333333333E-01   1.351719310154955E-01
   31  -4.333333333333333E-01   1.770981411560975E-01
   32  -4.333333333333333E-01   2.190243512966994E-01
   33  -4.333333333333333E-01   2.609505614373013E-01
   34  -4.333333333333333E-01   3.028767715779033E-01
   35  -4.333333333333333E-01   3.448029817185052E-01
   36  -4.333333333333333E-01   3.867291918591071E-01
   37  -4.333333333333333E-01   4.286554019997073E-01
   38  -4.333333333333333E-01   4.705816121403110E-01
   39  -4.333333333333333E-01   5.125078222809112E-01
   40  -4.000000000000000E-01   8.003202562562706E-03
   41  -4.000000000000000E-01   5.004525420575767E-02
   42  -4.000000000000000E-01   9.208730584895441E-02
   43  -4.000000000000000E-01   1.341293574921494E-01
   44  -4.000000000000000E-01   1.761714091353443E-01
   45  -4.000000000000000E-01   2.182134607785411E-01
   46  -4.000000000000000E-01   2.602555124217361E-01
   47  -4.000000000000000E-01   3.022975640649328E-01
   48  -4.000000000000000E-01   3.443396157081295E-01
   49  -4.000000000000000E-01   3.863816673513245E-01
   50  -4.000000000000000E-01   4.284237189945195E-01
   51  -4.000000000000000E-01   4.704657706377162E-01
   52  -4.000000000000000E-01   5.125078222809112E-01
   53  -3.666666666666667E-01   6.724483155908345E-03
   54  -3.666666666666667E-01   4.887309474965740E-02
   55  -3.666666666666667E-01   9.102170634341000E-02
   56  -3.666666666666667E-01   1.331703179371591E-01
   57  -3.666666666666667E-01   1.753189295309081E-01
   58  -3.666666666666667E-01   2.174675411246607E-01
   59  -3.666666666666667E-01   2.596161527184098E-01
   60  -3.666666666666667E-01   3.017647643121588E-01
   61  -3.666666666666667E-01   3.439133759059114E-01
   62  -3.666666666666667E-01   3.860619874996605E-01
   63  -3.666666666666667E-01   4.282105990934095E-01
   64  -3.666666666666667E-01   4.703592106871621E-01
   65  -3.666666666666667E-01   5.125078222809112E-01
   66  -3.333333333333334E-01   5.557099623366923E-03
   67  -3.333333333333334E-01   4.780299317816095E-02
   68  -3.333333333333334E-01   9.004888673295852E-02
   69  -3.333333333333334E-01   1.322947802877525E-01
   70  -3.333333333333334E-01   1.745406738425483E-01
   71  -3.333333333333334E-01   2.167865673973441E-01
   72  -3.333333333333334E-01   2.590324609521382E-01
   73  -3.333333333333334E-01   3.012783545069340E-01
   74  -3.333333333333334E-01   3.435242480617298E-01
   75  -3.333333333333334E-01   3.857701416165256E-01
   76  -3.333333333333334E-01   4.280160351713196E-01
   77  -3.333333333333334E-01   4.702619287261172E-01
   78  -3.333333333333334E-01   5.125078222809112E-01
   79  -3.000000000000000E-01   4.501012955881123E-03
   80  -3.000000000000000E-01   4.683491373296711E-02
   81  -3.000000000000000E-01   8.916881451005310E-02
   82  -3.000000000000000E-01   1.315027152871391E-01
   83  -3.000000000000000E-01   1.738366160642233E-01
   84  -3.000000000000000E-01   2.161705168413111E-01
   85  -3.000000000000000E-01   2.585044176183970E-01
   86  -3.000000000000000E-01   3.008383183954813E-01
   87  -3.000000000000000E-01   3.431722191725690E-01
   88  -3.000000000000000E-01   3.855061199496532E-01
   89  -3.000000000000000E-01   4.278400207267392E-01
   90  -3.000000000000000E-01   4.701739215038252E-01
   91  -3.000000000000000E-01   5.125078222809112E-01
   92  -2.666666666666667E-01   3.556187879166117E-03
   93  -2.666666666666667E-01   4.596882407931169E-02
   94  -2.666666666666667E-01   8.838146027945726E-02
   95  -2.666666666666667E-01   1.307940964796028E-01
   96  -2.666666666666667E-01   1.732067326797466E-01
   97  -2.666666666666667E-01   2.156193688798940E-01
   98  -2.666666666666667E-01   2.580320050800395E-01
   99  -2.666666666666667E-01   3.004446412801833E-01
  100  -2.666666666666667E-01   3.428572774803307E-01
  101  -2.666666666666667E-01   3.852699136804745E-01
  102  -2.666666666666667E-01   4.276825498806200E-01
  103  -2.666666666666667E-01   4.700951860807656E-01
  104  -2.666666666666667E-01   5.125078222809112E-01
  105  -2.333333333333333E-01   2.722592847812066E-03
  106  -2.333333333333333E-01   4.520469530056914E-02
  107  -2.333333333333333E-01   8.768679775332977E-02
  108  -2.333333333333333E-01   1.301689002060868E-01
  109  -2.333333333333333E-01   1.726510026588439E-01
  110  -2.333333333333333E-01   2.151331051116046E-01
  111  -2.333333333333333E-01   2.576152075643616E-01
  112  -2.333333333333333E-01   3.000973100171187E-01
  113  -2.333333333333333E-01   3.425794124698793E-01
  114  -2.333333333333333E-01   3.850615149226364E-01
  115  -2.333333333333333E-01   4.275436173753935E-01
  116  -2.333333333333333E-01   4.700257198281541E-01
  117  -2.333333333333333E-01   5.125078222809112E-01
  118  -2.000000000000000E-01   2.000200040010114E-03
  119  -2.000000000000000E-01   4.454250189341735E-02
  120  -2.000000000000000E-01   8.708480374682814E-02
  121  -2.000000000000000E-01   1.296271056002354E-01
  122  -2.000000000000000E-01   1.721694074536426E-01
  123  -2.000000000000000E-01   2.147117093070534E-01
  124  -2.000000000000000E-01   2.572540111604606E-01
  125  -2.000000000000000E-01   2.997963130138679E-01
  126  -2.000000000000000E-01   3.423386148672787E-01
  127  -2.000000000000000E-01   3.848809167206859E-01
  128  -2.000000000000000E-01   4.274232185740932E-01
  129  -2.000000000000000E-01   4.699655204275039E-01
  130  -2.000000000000000E-01   5.125078222809112E-01
  131  -1.666666666666667E-01   1.388985352903660E-03
  132  -1.666666666666667E-01   4.398222176357081E-02
  133  -1.666666666666667E-01   8.657545817423795E-02
  134  -1.666666666666667E-01   1.291686945849051E-01
  135  -1.666666666666667E-01   1.717619309955722E-01
  136  -1.666666666666667E-01   2.143551674062412E-01
  137  -1.666666666666667E-01   2.569484038169065E-01
  138  -1.666666666666667E-01   2.995416402275737E-01
  139  -1.666666666666667E-01   3.421348766382426E-01
  140  -1.666666666666667E-01   3.847281130489097E-01
  141  -1.666666666666667E-01   4.273213494595751E-01
  142  -1.666666666666667E-01   4.699145858702440E-01
  143  -1.666666666666667E-01   5.125078222809112E-01
  144  -1.333333333333334E-01   8.889283985737961E-04
  145  -1.333333333333334E-01   4.352383622210176E-02
  146  -1.333333333333334E-01   8.615874404562973E-02
  147  -1.333333333333334E-01   1.287936518691577E-01
  148  -1.333333333333334E-01   1.714285596926857E-01
  149  -1.333333333333334E-01   2.140634675162154E-01
  150  -1.333333333333334E-01   2.566983753397416E-01
  151  -1.333333333333334E-01   2.993332831632696E-01
  152  -1.333333333333334E-01   3.419681909867993E-01
  153  -1.333333333333334E-01   3.846030988103273E-01
  154  -1.333333333333334E-01   4.272380066338535E-01
  155  -1.333333333333334E-01   4.698729144573832E-01
  156  -1.333333333333334E-01   5.125078222809112E-01
  157  -9.999999999999998E-02   5.000125006251466E-04
  158  -9.999999999999998E-02   4.316732998231565E-02
  159  -9.999999999999998E-02   8.583464746400615E-02
  160  -9.999999999999998E-02   1.285019649456967E-01
  161  -9.999999999999998E-02   1.711692824273872E-01
  162  -9.999999999999998E-02   2.138365999090777E-01
  163  -9.999999999999998E-02   2.565039173907682E-01
  164  -9.999999999999998E-02   2.991712348724587E-01
  165  -9.999999999999998E-02   3.418385523541492E-01
  166  -9.999999999999998E-02   3.845058698358397E-01
  167  -9.999999999999998E-02   4.271731873175302E-01
  168  -9.999999999999998E-02   4.698405047992207E-01
  169  -9.999999999999998E-02   5.125078222809112E-01
  170  -6.666666666666665E-02   2.222246914129755E-04
  171  -6.666666666666665E-02   4.291269115720375E-02
  172  -6.666666666666665E-02   8.560315762299631E-02
  173  -6.666666666666665E-02   1.282936240887871E-01
  174  -6.666666666666665E-02   1.709840905545779E-01
  175  -6.666666666666665E-02   2.136745570203704E-01
  176  -6.666666666666665E-02   2.563650234861612E-01
  177  -6.666666666666665E-02   2.990554899519537E-01
  178  -6.666666666666665E-02   3.417459564177463E-01
  179  -6.666666666666665E-02   3.844364228835371E-01
  180  -6.666666666666665E-02   4.271268893493279E-01
  181  -6.666666666666665E-02   4.698173558151204E-01
  182  -6.666666666666665E-02   5.125078222809112E-01
  183  -3.333333333333333E-02   5.555570987780811E-05
  184  -3.333333333333333E-02   4.275991125746259E-02
  185  -3.333333333333333E-02   8.546426680505093E-02
  186  -3.333333333333333E-02   1.281686223526357E-01
  187  -3.333333333333333E-02   1.708729779002223E-01
  188  -3.333333333333333E-02   2.135773334478088E-01
  189  -3.333333333333333E-02   2.562816889953936E-01
  190  -3.333333333333333E-02   2.989860445429802E-01
  191  -3.333333333333333E-02   3.416904000905667E-01
  192  -3.333333333333333E-02   3.843947556381533E-01
  193  -3.333333333333333E-02   4.270991111857381E-01
  194  -3.333333333333333E-02   4.698034667333264E-01
  195  -3.333333333333333E-02   5.125078222809112E-01
  196   0.000000000000000E+00   0.000000000000000E+00
  197   0.000000000000000E+00   4.270898519007460E-02
  198   0.000000000000000E+00   8.541797038015275E-02
  199   0.000000000000000E+00   1.281269555702274E-01
  200   0.000000000000000E+00   1.708359407603037E-01
  201   0.000000000000000E+00   2.135449259503801E-01
  202   0.000000000000000E+00   2.562539111404547E-01
  203   0.000000000000000E+00   2.989628963305311E-01
  204   0.000000000000000E+00   3.416718815206075E-01
  205   0.000000000000000E+00   3.843808667106838E-01
  206   0.000000000000000E+00   4.270898519007584E-01
  207   0.000000000000000E+00   4.697988370908366E-01
  208   0.000000000000000E+00   5.125078222809112E-01
  209   3.333333333333333E-02   5.555570987780811E-05
  210   3.333333333333333E-02   4.275991125746259E-02
  211   3.333333333333333E-02   8.546426680505093E-02
  212   3.333333333333333E-02   1.281686223526357E-01
  213   3.333333333333333E-02   1.708729779002223E-01
  214   3.333333333333333E-02   2.135773334478088E-01
  215   3.333333333333333E-02   2.562816889953936E-01
  216   3.333333333333333E-02   2.989860445429802E-01
  217   3.333333333333333E-02   3.416904000905667E-01
  218   3.333333333333333E-02   3.843947556381533E-01
  219   3.333333333333333E-02   4.270991111857381E-01
  220   3.333333333333333E-02   4.698034667333264E-01
  221   3.333333333333333E-02   5.125078222809112E-01
  222   6.666666666666665E-02   2.222246914129755E-04
  223   6.666666666666665E-02   4.291269115720375E-02
  224   6.666666666666665E-02   8.560315762299631E-02
  225   6.666666666666665E-02   1.282936240887871E-01
  226   6.666666666666665E-02   1.709840905545779E-01
  227   6.666666666666665E-02   2.136745570203704E-01
  228   6.666666666666665E-02   2.563650234861612E-01
  229   6.666666666666665E-02   2.990554899519537E-01
  230   6.666666666666665E-02   3.417459564177463E-01
  231   6.666666666666665E-02   3.844364228835371E-01
  232   6.666666666666665E-02   4.271268893493279E-01
  233   6.666666666666665E-02   4.698173558151204E-01
  234   6.666666666666665E-02   5.125078222809112E-01
  235   9.999999999999998E-02   5.000125006251466E-04
  236   9.999999999999998E-02   4.316732998231565E-02
  237   9.999999999999998E-02   8.583464746400615E-02
  238   9.999999999999998E-02   1.285019649456967E-01
  239   9.999999999999998E-02   1.711692824273872E-01
  240   9.999999999999998E-02   2.138365999090777E-01
  241   9.999999999999998E-02   2.565039173907682E-01
  242   9.999999999999998E-02   2.991712348724587E-01
  243   9.999999999999998E-02   3.418385523541492E-01
  244   9.999999999999998E-02   3.845058698358397E-01
  245   9.999999999999998E-02   4.271731873175302E-01
  246   9.999999999999998E-02   4.698405047992207E-01
  247   9.999999999999998E-02   5.125078222809112E-01
  248   1.333333333333333E-01   8.889283985737961E-04
  249   1.333333333333333E-01   4.352383622210176E-02
  250   1.333333333333333E-01   8.615874404562973E-02
  251   1.333333333333333E-01   1.287936518691577E-01
  252   1.333333333333333E-01   1.714285596926857E-01
  253   1.333333333333333E-01   2.140634675162154E-01
  254   1.333333333333333E-01   2.566983753397416E-01
  255   1.333333333333333E-01   2.993332831632696E-01
  256   1.333333333333333E-01   3.419681909867993E-01
  257   1.333333333333333E-01   3.846030988103273E-01
  258   1.333333333333333E-01   4.272380066338535E-01
  259   1.333333333333333E-01   4.698729144573832E-01
  260   1.333333333333333E-01   5.125078222809112E-01
  261   1.666666666666666E-01   1.388985352903660E-03
  262   1.666666666666666E-01   4.398222176357081E-02
  263   1.666666666666666E-01   8.657545817423795E-02
  264   1.666666666666666E-01   1.291686945849051E-01
  265   1.666666666666666E-01   1.717619309955722E-01
  266   1.666666666666666E-01   2.143551674062412E-01
  267   1.666666666666666E-01   2.569484038169065E-01
  268   1.666666666666666E-01   2.995416402275737E-01
  269   1.666666666666666E-01   3.421348766382426E-01
  270   1.666666666666666E-01   3.847281130489097E-01
  271   1.666666666666666E-01   4.273213494595751E-01
  272   1.666666666666666E-01   4.699145858702440E-01
  273   1.666666666666666E-01   5.125078222809112E-01
  274   2.000000000000000E-01   2.000200040010114E-03
  275   2.000000000000000E-01   4.454250189341735E-02
  276   2.000000000000000E-01   8.708480374682814E-02
  277   2.000000000000000E-01   1.296271056002354E-01
  278   2.000000000000000E-01   1.721694074536426E-01
  279   2.000000000000000E-01   2.147117093070534E-01
  280   2.000000000000000E-01   2.572540111604606E-01
  281   2.000000000000000E-01   2.997963130138679E-01
  282   2.000000000000000E-01   3.423386148672787E-01
  283   2.000000000000000E-01   3.848809167206859E-01
  284   2.000000000000000E-01   4.274232185740932E-01
  285   2.000000000000000E-01   4.699655204275039E-01
  286   2.000000000000000E-01   5.125078222809112E-01
  287   2.333333333333333E-01   2.722592847812066E-03
  288   2.333333333333333E-01   4.520469530056914E-02
  289   2.333333333333333E-01   8.768679775332977E-02
  290   2.333333333333333E-01   1.301689002060868E-01
  291   2.333333333333333E-01   1.726510026588439E-01
  292   2.333333333333333E-01   2.151331051116046E-01
  293   2.333333333333333E-01   2.576152075643616E-01
  294   2.333333333333333E-01   3.000973100171187E-01
  295   2.333333333333333E-01   3.425794124698793E-01
  296   2.333333333333333E-01   3.850615149226364E-01
  297   2.333333333333333E-01   4.275436173753935E-01
  298   2.333333333333333E-01   4.700257198281541E-01
  299   2.333333333333333E-01   5.125078222809112E-01
  300   2.666666666666666E-01   3.556187879166117E-03
  301   2.666666666666666E-01   4.596882407931169E-02
  302   2.666666666666666E-01   8.838146027945726E-02
  303   2.666666666666666E-01   1.307940964796028E-01
  304   2.666666666666666E-01   1.732067326797466E-01
  305   2.666666666666666E-01   2.156193688798940E-01
  306   2.666666666666666E-01   2.580320050800395E-01
  307   2.666666666666666E-01   3.004446412801833E-01
  308   2.666666666666666E-01   3.428572774803307E-01
  309   2.666666666666666E-01   3.852699136804745E-01
  310   2.666666666666666E-01   4.276825498806200E-01
  311   2.666666666666666E-01   4.700951860807656E-01
  312   2.666666666666666E-01   5.125078222809112E-01
  313   3.000000000000000E-01   4.501012955881123E-03
  314   3.000000000000000E-01   4.683491373296711E-02
  315   3.000000000000000E-01   8.916881451005310E-02
  316   3.000000000000000E-01   1.315027152871391E-01
  317   3.000000000000000E-01   1.738366160642233E-01
  318   3.000000000000000E-01   2.161705168413111E-01
  319   3.000000000000000E-01   2.585044176183970E-01
  320   3.000000000000000E-01   3.008383183954813E-01
  321   3.000000000000000E-01   3.431722191725690E-01
  322   3.000000000000000E-01   3.855061199496532E-01
  323   3.000000000000000E-01   4.278400207267392E-01
  324   3.000000000000000E-01   4.701739215038252E-01
  325   3.000000000000000E-01   5.125078222809112E-01
  326   3.333333333333334E-01   5.557099623366923E-03
  327   3.333333333333334E-01   4.780299317816095E-02
  328   3.333333333333334E-01   9.004888673295852E-02
  329   3.333333333333334E-01   1.322947802877525E-01
  330   3.333333333333334E-01   1.745406738425483E-01
  331   3.333333333333334E-01   2.167865673973441E-01
  332   3.333333333333334E-01   2.590324609521382E-01
  333   3.333333333333334E-01   3.012783545069340E-01
  334   3.333333333333334E-01   3.435242480617298E-01
  335   3.333333333333334E-01   3.857701416165256E-01
  336   3.333333333333334E-01   4.280160351713196E-01
  337   3.333333333333334E-01   4.702619287261172E-01
  338   3.333333333333334E-01   5.125078222809112E-01
  339   3.666666666666667E-01   6.724483155908345E-03
  340   3.666666666666667E-01   4.887309474965740E-02
  341   3.666666666666667E-01   9.102170634341000E-02
  342   3.666666666666667E-01   1.331703179371591E-01
  343   3.666666666666667E-01   1.753189295309081E-01
  344   3.666666666666667E-01   2.174675411246607E-01
  345   3.666666666666667E-01   2.596161527184098E-01
  346   3.666666666666667E-01   3.017647643121588E-01
  347   3.666666666666667E-01   3.439133759059114E-01
  348   3.666666666666667E-01   3.860619874996605E-01
  349   3.666666666666667E-01   4.282105990934095E-01
  350   3.666666666666667E-01   4.703592106871621E-01
  351   3.666666666666667E-01   5.125078222809112E-01
  352   4.000000000000000E-01   8.003202562562706E-03
  353   4.000000000000000E-01   5.004525420575767E-02
  354   4.000000000000000E-01   9.208730584895441E-02
  355   4.000000000000000E-01   1.341293574921494E-01
  356   4.000000000000000E-01   1.761714091353443E-01
  357   4.000000000000000E-01   2.182134607785411E-01
  358   4.000000000000000E-01   2.602555124217361E-01
  359   4.000000000000000E-01   3.022975640649328E-01
  360   4.000000000000000E-01   3.443396157081295E-01
  361   4.000000000000000E-01   3.863816673513245E-01
  362   4.000000000000000E-01   4.284237189945195E-01
  363   4.000000000000000E-01   4.704657706377162E-01
  364   4.000000000000000E-01   5.125078222809112E-01
  365   4.333333333333333E-01   9.393300593691478E-03
  366   4.333333333333333E-01   5.131951073429164E-02
  367   4.333333333333333E-01   9.324572087489535E-02
  368   4.333333333333333E-01   1.351719310154955E-01
  369   4.333333333333333E-01   1.770981411560975E-01
  370   4.333333333333333E-01   2.190243512966994E-01
  371   4.333333333333333E-01   2.609505614373013E-01
  372   4.333333333333333E-01   3.028767715779033E-01
  373   4.333333333333333E-01   3.448029817185052E-01
  374   4.333333333333333E-01   3.867291918591071E-01
  375   4.333333333333333E-01   4.286554019997073E-01
  376   4.333333333333333E-01   4.705816121403110E-01
  377   4.333333333333333E-01   5.125078222809112E-01
  378   4.666666666666667E-01   1.089482374811368E-02
  379   4.666666666666667E-01   5.269590695917969E-02
  380   4.666666666666667E-01   9.449699017024749E-02
  381   4.666666666666667E-01   1.362980733813135E-01
  382   4.666666666666667E-01   1.780991565923795E-01
  383   4.666666666666667E-01   2.199002398034473E-01
  384   4.666666666666667E-01   2.617013230145133E-01
  385   4.666666666666667E-01   3.035024062255776E-01
  386   4.666666666666667E-01   3.453034894366453E-01
  387   4.666666666666667E-01   3.871045726477114E-01
  388   4.666666666666667E-01   4.289056558587774E-01
  389   4.666666666666667E-01   4.707067390698452E-01
  390   4.666666666666667E-01   5.125078222809112E-01
  391   5.000000000000000E-01   1.250782228091118E-02
  392   5.000000000000000E-01   5.417448894757726E-02
  393   5.000000000000000E-01   9.584115561424511E-02
  394   5.000000000000000E-01   1.375078222809112E-01
  395   5.000000000000000E-01   1.791744889475773E-01
  396   5.000000000000000E-01   2.208411556142451E-01
  397   5.000000000000000E-01   2.625078222809112E-01
  398   5.000000000000000E-01   3.041744889475773E-01
  399   5.000000000000000E-01   3.458411556142451E-01
  400   5.000000000000000E-01   3.875078222809112E-01
  401   5.000000000000000E-01   4.291744889475773E-01
  402   5.000000000000000E-01   4.708411556142451E-01
  403   5.000000000000000E-01   5.125078222809112E-01
  404  -1.294095284438187E+00  -1.723708843437208E-01
  405  -1.294354103495075E+00  -1.714049585205899E-01
  406  -1.294612922551962E+00  -1.704390326974590E-01
  407  -1.209609538269095E+00  -1.505213793004501E-01
  408  -1.209851458191098E+00  -1.495510910117410E-01
  409  -1.210093380701291E+00  -1.485807930637746E-01
  410  -1.124755331958542E+00  -1.301496849332180E-01
  411  -1.124980283290504E+00  -1.291753157985722E-01
  412  -1.125205233656539E+00  -1.282009464051086E-01
  413  -1.039558512990872E+00  -1.112620127143549E-01
  414  -1.039766424771773E+00  -1.102838646554405E-01
  415  -1.039974336552673E+00  -1.093057165965252E-01
  416  -9.540450361600655E-01  -9.386409558438746E-02
  417  -9.542358471649266E-01  -9.288246277887424E-02
  418  -9.544266546156710E-01  -9.190083937380056E-02
  419  -8.682409480405938E-01  -7.796124590759845E-02
  420  -8.684145983199502E-01  -7.697643322769299E-02
  421  -8.685882450451904E-01  -7.599162994822439E-02
  422  -7.821723865985991E-01  -6.355830360402326E-02
  423  -7.823288200666889E-01  -6.257061695720623E-02
  424  -7.824852545007046E-01  -6.158293056920705E-02
  425  -6.958655656999146E-01  -5.065966305667846E-02
  426  -6.960047375524986E-01  -4.966940102054451E-02
  427  -6.961439110273477E-01  -4.867912906633354E-02
  428  -6.093467764227419E-01  -3.926925275776849E-02
  429  -6.094686463756234E-01  -3.827670476829237E-02
  430  -6.095905163285048E-01  -3.728415677881625E-02
  431  -5.226423764324678E-01  -2.939053246167056E-02
  432  -5.227469048206234E-01  -2.839600882625870E-02
  433  -5.228514341747049E-01  -2.740148544966470E-02
  434  -4.357787761119497E-01  -2.102651017408874E-02
  435  -4.358659290659116E-01  -2.003032275306005E-02
  436  -4.359530855739902E-01  -1.903412593159093E-02
  437  -3.487824301777718E-01  -1.417975025838825E-02
  438  -3.488521848000076E-01  -1.318219314646107E-02
  439  -3.489219420104344E-01  -1.218462637527562E-02
  440  -2.616798451352276E-01  -8.852334022114938E-03
  441  -2.617321736985769E-01  -7.853700019911258E-03
  442  -2.617845119211841E-01  -6.855068605896797E-03
  443  -1.744975451241666E-01  -5.045871270928259E-03
  444  -1.745324456347128E-01  -4.046480779797079E-03
  445  -1.745673461452590E-01  -3.047090288665899E-03
  446  -8.726209089075709E-02  -2.761526097606826E-03
  447  -8.727954624652323E-02  -1.761674765180743E-03
  448  -8.729699901409882E-02  -7.618330920129424E-04
  449  -5.629567900733434E-08  -2.000000234668953E-03
  450  -6.612501390890202E-08  -9.999985442190606E-04
  451  -6.370689997758916E-08  -3.924836455837521E-09
  452   8.726197199546082E-02  -2.761522618654588E-03
  453   8.727942738272487E-02  -1.761675877071767E-03
  454   8.729687311073064E-02  -7.618317236790517E-04
  455   1.744974190070283E-01  -5.045863532269657E-03
  456   1.745323277350936E-01  -4.046475151755935E-03
  457   1.745672242157104E-01  -3.047079700174038E-03
  458   2.616797188651703E-01  -8.852324945114454E-03
  459   2.617320568107908E-01  -7.853691266808127E-03
  460   2.617843973446019E-01  -6.855067247760083E-03
  461   3.487823051385575E-01  -1.417974310189063E-02
  462   3.488520630141261E-01  -1.318217719725290E-02
  463   3.489218208896945E-01  -1.218461129261428E-02
  464   4.357786572399880E-01  -2.102650714739873E-02
  465   4.358658109222580E-01  -2.003030535756611E-02
  466   4.359529671927185E-01  -1.903411322699089E-02
  467   5.226422585076598E-01  -2.939051859482777E-02
  468   5.227467890497661E-01  -2.839599657945246E-02
  469   5.228513099326144E-01  -2.740147715226726E-02
  470   6.093466600306061E-01  -3.926923634034907E-02
  471   6.094685214025954E-01  -3.827668595769040E-02
  472   6.095903950220336E-01  -3.728414264609814E-02
  473   6.958654413181584E-01  -5.065964579065341E-02
  474   6.960046145731651E-01  -4.966938270036358E-02
  475   6.961437852399821E-01  -4.867910995081637E-02
  476   7.821722689489989E-01  -6.355828455903634E-02
  477   7.823286983978117E-01  -6.257060320756569E-02
  478   7.824851349176929E-01  -6.158290960864488E-02
  479   8.682408282628498E-01  -7.796121935749944E-02
  480   8.684144801229634E-01  -7.697641867417371E-02
  481   8.685881293948876E-01  -7.599160833158969E-02
  482   9.540449135754905E-01  -9.386407358752713E-02
  483   9.542357295695041E-01  -9.288243835953836E-02
  484   9.544265384924504E-01  -9.190081537899797E-02
  485   1.039558395919292E+00  -1.112619842201701E-01
  486   1.039766306215858E+00  -1.102838333888654E-01
  487   1.039974219100614E+00  -1.093056922168190E-01
  488   1.124755209594580E+00  -1.301496675161689E-01
  489   1.124980168163745E+00  -1.291752929398067E-01
  490   1.125205117073651E+00  -1.282009209516373E-01
  491   1.209609416502752E+00  -1.505213500241380E-01
  492   1.209851338677530E+00  -1.495510539137408E-01
  493   1.210093260852307E+00  -1.485807578033453E-01
  494   1.294095166308064E+00  -1.723708517245148E-01
  495   1.294353986739983E+00  -1.714049311147230E-01
  496   1.294612804583712E+00  -1.704390008456720E-01
3
404   406      1   1   1   0
494   496      1   1   1   0
13 ,   403,      13,   1,   0,   0
     0,      0,      0,      0 ,     0,      0
       1,     9
2.00E+7  3.00E-01,  0.00E+00,  0.00E+00,  0.00E+00,  0.00E+00,  0.00E+00,  0.00E+00,  1.00E-04
     2 ,    9
 2.00E+11  3.00E-01,  0.00E+00,  0.00E+00,  0.00E+00,  0.00E+00,  0.00E+00,  0.00E+00,  1.00E-04
       0,      0,      0,      0,      0 ,     0,      0,      0,      0


    1
   p9_3
  105    9    9    3
              1              1             27             29              3             14             28             16              2             15              1              1
              2              3             29             31              5             16             30             18              4             17              1              1
              3              5             31             33              7             18             32             20              6             19              1              1
              4              7             33             35              9             20             34             22              8             21              1              1
              5              9             35             37             11             22             36             24             10             23              1              1
              6             11             37             39             13             24             38             26             12             25              1              1
              7             27             53             55             29             40             54             42             28             41              1              1
              8             29             55             57             31             42             56             44             30             43              1              1
              9             31             57             59             33             44             58             46             32             45              1              1
             10             33             59             61             35             46             60             48             34             47              1              1
             11             35             61             63             37             48             62             50             36             49              1              1
             12             37             63             65             39             50             64             52             38             51              1              1
             13             53             79             81             55             66             80             68             54             67              1              1
             14             55             81             83             57             68             82             70             56             69              1              1
             15             57             83             85             59             70             84             72             58             71              1              1
             16             59             85             87             61             72             86             74             60             73              1              1
             17             61             87             89             63             74             88             76             62             75              1              1
             18             63             89             91             65             76             90             78             64             77              1              1
             19             79            105            107             81             92            106             94             80             93              1              1
             20             81            107            109             83             94            108             96             82             95              1              1
             21             83            109            111             85             96            110             98             84             97              1              1
             22             85            111            113             87             98            112            100             86             99              1              1
             23             87            113            115             89            100            114            102             88            101              1              1
             24             89            115            117             91            102            116            104             90            103              1              1
             25            105            131            133            107            118            132            120            106            119              1              1
             26            107            133            135            109            120            134            122            108            121              1              1
             27            109            135            137            111            122            136            124            110            123              1              1
             28            111            137            139            113            124            138            126            112            125              1              1
             29            113            139            141            115            126            140            128            114            127              1              1
             30            115            141            143            117            128            142            130            116            129              1              1
             31            131            157            159            133            144            158            146            132            145              1              1
             32            133            159            161            135            146            160            148            134            147              1              1
             33            135            161            163            137            148            162            150            136            149              1              1
             34            137            163            165            139            150            164            152            138            151              1              1
             35            139            165            167            141            152            166            154            140            153              1              1
             36            141            167            169            143            154            168            156            142            155              1              1
             37            157            183            185            159            170            184            172            158            171              1              1
             38            159            185            187            161            172            186            174            160            173              1              1
             39            161            187            189            163            174            188            176            162            175              1              1
             40            163            189            191            165            176            190            178            164            177              1              1
             41            165            191            193            167            178            192            180            166            179              1              1
             42            167            193            195            169            180            194            182            168            181              1              1
             43            183            209            211            185            196            210            198            184            197              1              1
             44            185            211            213            187            198            212            200            186            199              1              1
             45            187            213            215            189            200            214            202            188            201              1              1
             46            189            215            217            191            202            216            204            190            203              1              1
             47            191            217            219            193            204            218            206            192            205              1              1
             48            193            219            221            195            206            220            208            194            207              1              1
             49            209            235            237            211            222            236            224            210            223              1              1
             50            211            237            239            213            224            238            226            212            225              1              1
             51            213            239            241            215            226            240            228            214            227              1              1
             52            215            241            243            217            228            242            230            216            229              1              1
             53            217            243            245            219            230            244            232            218            231              1              1
             54            219            245            247            221            232            246            234            220            233              1              1
             55            235            261            263            237            248            262            250            236            249              1              1
             56            237            263            265            239            250            264            252            238            251              1              1
             57            239            265            267            241            252            266            254            240            253              1              1
             58            241            267            269            243            254            268            256            242            255              1              1
             59            243            269            271            245            256            270            258            244            257              1              1
             60            245            271            273            247            258            272            260            246            259              1              1
             61            261            287            289            263            274            288            276            262            275              1              1
             62            263            289            291            265            276            290            278            264            277              1              1
             63            265            291            293            267            278            292            280            266            279              1              1
             64            267            293            295            269            280            294            282            268            281              1              1
             65            269            295            297            271            282            296            284            270            283              1              1
             66            271            297            299            273            284            298            286            272            285              1              1
             67            287            313            315            289            300            314            302            288            301              1              1
             68            289            315            317            291            302            316            304            290            303              1              1
             69            291            317            319            293            304            318            306            292            305              1              1
             70            293            319            321            295            306            320            308            294            307              1              1
             71            295            321            323            297            308            322            310            296            309              1              1
             72            297            323            325            299            310            324            312            298            311              1              1
             73            313            339            341            315            326            340            328            314            327              1              1
             74            315            341            343            317            328            342            330            316            329              1              1
             75            317            343            345            319            330            344            332            318            331              1              1
             76            319            345            347            321            332            346            334            320            333              1              1
             77            321            347            349            323            334            348            336            322            335              1              1
             78            323            349            351            325            336            350            338            324            337              1              1
             79            339            365            367            341            352            366            354            340            353              1              1
             80            341            367            369            343            354            368            356            342            355              1              1
             81            343            369            371            345            356            370            358            344            357              1              1
             82            345            371            373            347            358            372            360            346            359              1              1
             83            347            373            375            349            360            374            362            348            361              1              1
             84            349            375            377            351            362            376            364            350            363              1              1
             85            365            391            393            367            378            392            380            366            379              1              1
             86            367            393            395            369            380            394            382            368            381              1              1
             87            369            395            397            371            382            396            384            370            383              1              1
             88            371            397            399            373            384            398            386            372            385              1              1
             89            373            399            401            375            386            400            388            374            387              1              1
             90            375            401            403            377            388            402            390            376            389              1              1
             91            404            410            412            406            407            411            409            405            408              1              1
             92            410            416            418            412            413            417            415            411            414              1              1
             93            416            422            424            418            419            423            421            417            420              1              1
             94            422            428            430            424            425            429            427            423            426              1              1
             95            428            434            436            430            431            435            433            429            432              1              1
             96            434            440            442            436            437            441            439            435            438              1              1
             97            440            446            448            442            443            447            445            441            444              1              1
             98            446            452            454            448            449            453            451            447            450              1              1
             99            452            458            460            454            455            459            457            453            456              1              1
            100            458            464            466            460            461            465            463            459            462              1              1
            101            464            470            472            466            467            471            469            465            468              1              1
            102            470            476            478            472            473            477            475            471            474              1              1
            103            476            482            484            478            479            483            481            477            480              1              1
            104            482            488            490            484            485            489            487            483            486              1              1
            105            488            494            496            490            491            495            493            489            492              1              1
0,0,0,0,0,0,0
