Analysis for,q9 combined geometry  902   nodes  200    elements

1.00000E-09
  902    2
    1  -8.660254037844387E+00  -5.000000000000000E+00
    2  -8.660254037844387E+00  -4.500000000000000E+00
    3  -8.660254037844387E+00  -4.000000000000000E+00
    4  -8.660254037844387E+00  -3.500000000000000E+00
    5  -8.660254037844387E+00  -3.000000000000000E+00
    6  -8.660254037844387E+00  -2.500000000000000E+00
    7  -8.660254037844387E+00  -2.000000000000001E+00
    8  -8.660254037844387E+00  -1.500000000000001E+00
    9  -8.660254037844387E+00  -1.000000000000001E+00
   10  -8.660254037844387E+00  -5.000000000000009E-01
   11  -8.660254037844387E+00  -8.881784197001252E-16
   12  -8.227241335952169E+00  -5.000000000000000E+00
   13  -8.227241335952169E+00  -4.500000000000000E+00
   14  -8.227241335952169E+00  -4.000000000000000E+00
   15  -8.227241335952169E+00  -3.500000000000000E+00
   16  -8.227241335952169E+00  -3.000000000000000E+00
   17  -8.227241335952169E+00  -2.500000000000000E+00
   18  -8.227241335952169E+00  -2.000000000000001E+00
   19  -8.227241335952169E+00  -1.500000000000001E+00
   20  -8.227241335952169E+00  -1.000000000000001E+00
   21  -8.227241335952169E+00  -5.000000000000009E-01
   22  -8.227241335952169E+00  -8.881784197001252E-16
   23  -7.794228634059949E+00  -5.000000000000000E+00
   24  -7.794228634059949E+00  -4.500000000000000E+00
   25  -7.794228634059949E+00  -4.000000000000000E+00
   26  -7.794228634059949E+00  -3.500000000000000E+00
   27  -7.794228634059949E+00  -3.000000000000000E+00
   28  -7.794228634059949E+00  -2.500000000000000E+00
   29  -7.794228634059949E+00  -2.000000000000001E+00
   30  -7.794228634059949E+00  -1.500000000000001E+00
   31  -7.794228634059949E+00  -1.000000000000001E+00
   32  -7.794228634059949E+00  -5.000000000000009E-01
   33  -7.794228634059949E+00  -8.881784197001252E-16
   34  -7.361215932167729E+00  -5.000000000000000E+00
   35  -7.361215932167729E+00  -4.500000000000000E+00
   36  -7.361215932167729E+00  -4.000000000000000E+00
   37  -7.361215932167729E+00  -3.500000000000000E+00
   38  -7.361215932167729E+00  -3.000000000000000E+00
   39  -7.361215932167729E+00  -2.500000000000000E+00
   40  -7.361215932167729E+00  -2.000000000000001E+00
   41  -7.361215932167729E+00  -1.500000000000001E+00
   42  -7.361215932167729E+00  -1.000000000000001E+00
   43  -7.361215932167729E+00  -5.000000000000009E-01
   44  -7.361215932167729E+00  -8.881784197001252E-16
   45  -6.928203230275510E+00  -5.000000000000000E+00
   46  -6.928203230275510E+00  -4.500000000000000E+00
   47  -6.928203230275510E+00  -4.000000000000000E+00
   48  -6.928203230275510E+00  -3.500000000000000E+00
   49  -6.928203230275510E+00  -3.000000000000000E+00
   50  -6.928203230275510E+00  -2.500000000000000E+00
   51  -6.928203230275510E+00  -2.000000000000001E+00
   52  -6.928203230275510E+00  -1.500000000000001E+00
   53  -6.928203230275510E+00  -1.000000000000001E+00
   54  -6.928203230275510E+00  -5.000000000000009E-01
   55  -6.928203230275510E+00  -8.881784197001252E-16
   56  -6.495190528383290E+00  -5.000000000000000E+00
   57  -6.495190528383290E+00  -4.500000000000000E+00
   58  -6.495190528383290E+00  -4.000000000000000E+00
   59  -6.495190528383290E+00  -3.500000000000000E+00
   60  -6.495190528383290E+00  -3.000000000000000E+00
   61  -6.495190528383290E+00  -2.500000000000000E+00
   62  -6.495190528383290E+00  -2.000000000000001E+00
   63  -6.495190528383290E+00  -1.500000000000001E+00
   64  -6.495190528383290E+00  -1.000000000000001E+00
   65  -6.495190528383290E+00  -5.000000000000009E-01
   66  -6.495190528383290E+00  -8.881784197001252E-16
   67  -6.062177826491071E+00  -5.000000000000000E+00
   68  -6.062177826491071E+00  -4.500000000000000E+00
   69  -6.062177826491071E+00  -4.000000000000000E+00
   70  -6.062177826491071E+00  -3.500000000000000E+00
   71  -6.062177826491071E+00  -3.000000000000000E+00
   72  -6.062177826491071E+00  -2.500000000000000E+00
   73  -6.062177826491071E+00  -2.000000000000001E+00
   74  -6.062177826491071E+00  -1.500000000000001E+00
   75  -6.062177826491071E+00  -1.000000000000001E+00
   76  -6.062177826491071E+00  -5.000000000000009E-01
   77  -6.062177826491071E+00  -8.881784197001252E-16
   78  -5.629165124598852E+00  -5.000000000000000E+00
   79  -5.629165124598852E+00  -4.500000000000000E+00
   80  -5.629165124598852E+00  -4.000000000000000E+00
   81  -5.629165124598852E+00  -3.500000000000000E+00
   82  -5.629165124598852E+00  -3.000000000000000E+00
   83  -5.629165124598852E+00  -2.500000000000000E+00
   84  -5.629165124598852E+00  -2.000000000000001E+00
   85  -5.629165124598852E+00  -1.500000000000001E+00
   86  -5.629165124598852E+00  -1.000000000000001E+00
   87  -5.629165124598852E+00  -5.000000000000009E-01
   88  -5.629165124598852E+00  -8.881784197001252E-16
   89  -5.196152422706632E+00  -5.000000000000000E+00
   90  -5.196152422706632E+00  -4.500000000000000E+00
   91  -5.196152422706632E+00  -4.000000000000000E+00
   92  -5.196152422706632E+00  -3.500000000000000E+00
   93  -5.196152422706632E+00  -3.000000000000000E+00
   94  -5.196152422706632E+00  -2.500000000000000E+00
   95  -5.196152422706632E+00  -2.000000000000001E+00
   96  -5.196152422706632E+00  -1.500000000000001E+00
   97  -5.196152422706632E+00  -1.000000000000001E+00
   98  -5.196152422706632E+00  -5.000000000000009E-01
   99  -5.196152422706632E+00  -8.881784197001252E-16
  100  -4.763139720814413E+00  -5.000000000000000E+00
  101  -4.763139720814413E+00  -4.500000000000000E+00
  102  -4.763139720814413E+00  -4.000000000000000E+00
  103  -4.763139720814413E+00  -3.500000000000000E+00
  104  -4.763139720814413E+00  -3.000000000000000E+00
  105  -4.763139720814413E+00  -2.500000000000000E+00
  106  -4.763139720814413E+00  -2.000000000000001E+00
  107  -4.763139720814413E+00  -1.500000000000001E+00
  108  -4.763139720814413E+00  -1.000000000000001E+00
  109  -4.763139720814413E+00  -5.000000000000009E-01
  110  -4.763139720814413E+00  -8.881784197001252E-16
  111  -4.330127018922194E+00  -5.000000000000000E+00
  112  -4.330127018922194E+00  -4.500000000000000E+00
  113  -4.330127018922194E+00  -4.000000000000000E+00
  114  -4.330127018922194E+00  -3.500000000000000E+00
  115  -4.330127018922194E+00  -3.000000000000000E+00
  116  -4.330127018922194E+00  -2.500000000000000E+00
  117  -4.330127018922194E+00  -2.000000000000001E+00
  118  -4.330127018922194E+00  -1.500000000000001E+00
  119  -4.330127018922194E+00  -1.000000000000001E+00
  120  -4.330127018922194E+00  -5.000000000000009E-01
  121  -4.330127018922194E+00  -8.881784197001252E-16
  122  -3.897114317029974E+00  -5.000000000000000E+00
  123  -3.897114317029974E+00  -4.500000000000000E+00
  124  -3.897114317029974E+00  -4.000000000000000E+00
  125  -3.897114317029974E+00  -3.500000000000000E+00
  126  -3.897114317029974E+00  -3.000000000000000E+00
  127  -3.897114317029974E+00  -2.500000000000000E+00
  128  -3.897114317029974E+00  -2.000000000000001E+00
  129  -3.897114317029974E+00  -1.500000000000001E+00
  130  -3.897114317029974E+00  -1.000000000000001E+00
  131  -3.897114317029974E+00  -5.000000000000009E-01
  132  -3.897114317029974E+00  -8.881784197001252E-16
  133  -3.464101615137755E+00  -5.000000000000000E+00
  134  -3.464101615137755E+00  -4.500000000000000E+00
  135  -3.464101615137755E+00  -4.000000000000000E+00
  136  -3.464101615137755E+00  -3.500000000000000E+00
  137  -3.464101615137755E+00  -3.000000000000000E+00
  138  -3.464101615137755E+00  -2.500000000000000E+00
  139  -3.464101615137755E+00  -2.000000000000001E+00
  140  -3.464101615137755E+00  -1.500000000000001E+00
  141  -3.464101615137755E+00  -1.000000000000001E+00
  142  -3.464101615137755E+00  -5.000000000000009E-01
  143  -3.464101615137755E+00  -8.881784197001252E-16
  144  -3.031088913245536E+00  -5.000000000000000E+00
  145  -3.031088913245536E+00  -4.500000000000000E+00
  146  -3.031088913245536E+00  -4.000000000000000E+00
  147  -3.031088913245536E+00  -3.500000000000000E+00
  148  -3.031088913245536E+00  -3.000000000000000E+00
  149  -3.031088913245536E+00  -2.500000000000000E+00
  150  -3.031088913245536E+00  -2.000000000000001E+00
  151  -3.031088913245536E+00  -1.500000000000001E+00
  152  -3.031088913245536E+00  -1.000000000000001E+00
  153  -3.031088913245536E+00  -5.000000000000009E-01
  154  -3.031088913245536E+00  -8.881784197001252E-16
  155  -2.598076211353316E+00  -5.000000000000000E+00
  156  -2.598076211353316E+00  -4.500000000000000E+00
  157  -2.598076211353316E+00  -4.000000000000000E+00
  158  -2.598076211353316E+00  -3.500000000000000E+00
  159  -2.598076211353316E+00  -3.000000000000000E+00
  160  -2.598076211353316E+00  -2.500000000000000E+00
  161  -2.598076211353316E+00  -2.000000000000001E+00
  162  -2.598076211353316E+00  -1.500000000000001E+00
  163  -2.598076211353316E+00  -1.000000000000001E+00
  164  -2.598076211353316E+00  -5.000000000000009E-01
  165  -2.598076211353316E+00  -8.881784197001252E-16
  166  -2.165063509461097E+00  -5.000000000000000E+00
  167  -2.165063509461097E+00  -4.500000000000000E+00
  168  -2.165063509461097E+00  -4.000000000000000E+00
  169  -2.165063509461097E+00  -3.500000000000000E+00
  170  -2.165063509461097E+00  -3.000000000000000E+00
  171  -2.165063509461097E+00  -2.500000000000000E+00
  172  -2.165063509461097E+00  -2.000000000000001E+00
  173  -2.165063509461097E+00  -1.500000000000001E+00
  174  -2.165063509461097E+00  -1.000000000000001E+00
  175  -2.165063509461097E+00  -5.000000000000009E-01
  176  -2.165063509461097E+00  -8.881784197001252E-16
  177  -1.732050807568878E+00  -5.000000000000000E+00
  178  -1.732050807568878E+00  -4.500000000000000E+00
  179  -1.732050807568878E+00  -4.000000000000000E+00
  180  -1.732050807568878E+00  -3.500000000000000E+00
  181  -1.732050807568878E+00  -3.000000000000000E+00
  182  -1.732050807568878E+00  -2.500000000000000E+00
  183  -1.732050807568878E+00  -2.000000000000001E+00
  184  -1.732050807568878E+00  -1.500000000000001E+00
  185  -1.732050807568878E+00  -1.000000000000001E+00
  186  -1.732050807568878E+00  -5.000000000000009E-01
  187  -1.732050807568878E+00  -8.881784197001252E-16
  188  -1.299038105676658E+00  -5.000000000000000E+00
  189  -1.299038105676658E+00  -4.500000000000000E+00
  190  -1.299038105676658E+00  -4.000000000000000E+00
  191  -1.299038105676658E+00  -3.500000000000000E+00
  192  -1.299038105676658E+00  -3.000000000000000E+00
  193  -1.299038105676658E+00  -2.500000000000000E+00
  194  -1.299038105676658E+00  -2.000000000000001E+00
  195  -1.299038105676658E+00  -1.500000000000001E+00
  196  -1.299038105676658E+00  -1.000000000000001E+00
  197  -1.299038105676658E+00  -5.000000000000009E-01
  198  -1.299038105676658E+00  -8.881784197001252E-16
  199  -8.660254037844393E-01  -5.000000000000000E+00
  200  -8.660254037844393E-01  -4.500000000000000E+00
  201  -8.660254037844393E-01  -4.000000000000000E+00
  202  -8.660254037844393E-01  -3.500000000000000E+00
  203  -8.660254037844393E-01  -3.000000000000000E+00
  204  -8.660254037844393E-01  -2.500000000000000E+00
  205  -8.660254037844393E-01  -2.000000000000001E+00
  206  -8.660254037844393E-01  -1.500000000000001E+00
  207  -8.660254037844393E-01  -1.000000000000001E+00
  208  -8.660254037844393E-01  -5.000000000000009E-01
  209  -8.660254037844393E-01  -8.881784197001252E-16
  210  -4.330127018922187E-01  -5.000000000000000E+00
  211  -4.330127018922187E-01  -4.500000000000000E+00
  212  -4.330127018922187E-01  -4.000000000000000E+00
  213  -4.330127018922187E-01  -3.500000000000000E+00
  214  -4.330127018922187E-01  -3.000000000000000E+00
  215  -4.330127018922187E-01  -2.500000000000000E+00
  216  -4.330127018922187E-01  -2.000000000000001E+00
  217  -4.330127018922187E-01  -1.500000000000001E+00
  218  -4.330127018922187E-01  -1.000000000000001E+00
  219  -4.330127018922187E-01  -5.000000000000009E-01
  220  -4.330127018922187E-01  -8.881784197001252E-16
  221   0.000000000000000E+00  -5.000000000000000E+00
  222   0.000000000000000E+00  -4.500000000000000E+00
  223   0.000000000000000E+00  -4.000000000000000E+00
  224   0.000000000000000E+00  -3.500000000000000E+00
  225   0.000000000000000E+00  -3.000000000000000E+00
  226   0.000000000000000E+00  -2.500000000000000E+00
  227   0.000000000000000E+00  -2.000000000000001E+00
  228   0.000000000000000E+00  -1.500000000000001E+00
  229   0.000000000000000E+00  -1.000000000000001E+00
  230   0.000000000000000E+00  -5.000000000000009E-01
  231   0.000000000000000E+00  -8.881784197001252E-16
  232   4.330127018922187E-01  -5.000000000000000E+00
  233   4.330127018922187E-01  -4.500000000000000E+00
  234   4.330127018922187E-01  -4.000000000000000E+00
  235   4.330127018922187E-01  -3.500000000000000E+00
  236   4.330127018922187E-01  -3.000000000000000E+00
  237   4.330127018922187E-01  -2.500000000000000E+00
  238   4.330127018922187E-01  -2.000000000000001E+00
  239   4.330127018922187E-01  -1.500000000000001E+00
  240   4.330127018922187E-01  -1.000000000000001E+00
  241   4.330127018922187E-01  -5.000000000000009E-01
  242   4.330127018922187E-01  -8.881784197001252E-16
  243   8.660254037844393E-01  -5.000000000000000E+00
  244   8.660254037844393E-01  -4.500000000000000E+00
  245   8.660254037844393E-01  -4.000000000000000E+00
  246   8.660254037844393E-01  -3.500000000000000E+00
  247   8.660254037844393E-01  -3.000000000000000E+00
  248   8.660254037844393E-01  -2.500000000000000E+00
  249   8.660254037844393E-01  -2.000000000000001E+00
  250   8.660254037844393E-01  -1.500000000000001E+00
  251   8.660254037844393E-01  -1.000000000000001E+00
  252   8.660254037844393E-01  -5.000000000000009E-01
  253   8.660254037844393E-01  -8.881784197001252E-16
  254   1.299038105676658E+00  -5.000000000000000E+00
  255   1.299038105676658E+00  -4.500000000000000E+00
  256   1.299038105676658E+00  -4.000000000000000E+00
  257   1.299038105676658E+00  -3.500000000000000E+00
  258   1.299038105676658E+00  -3.000000000000000E+00
  259   1.299038105676658E+00  -2.500000000000000E+00
  260   1.299038105676658E+00  -2.000000000000001E+00
  261   1.299038105676658E+00  -1.500000000000001E+00
  262   1.299038105676658E+00  -1.000000000000001E+00
  263   1.299038105676658E+00  -5.000000000000009E-01
  264   1.299038105676658E+00  -8.881784197001252E-16
  265   1.732050807568877E+00  -5.000000000000000E+00
  266   1.732050807568877E+00  -4.500000000000000E+00
  267   1.732050807568877E+00  -4.000000000000000E+00
  268   1.732050807568877E+00  -3.500000000000000E+00
  269   1.732050807568877E+00  -3.000000000000000E+00
  270   1.732050807568877E+00  -2.500000000000000E+00
  271   1.732050807568877E+00  -2.000000000000001E+00
  272   1.732050807568877E+00  -1.500000000000001E+00
  273   1.732050807568877E+00  -1.000000000000001E+00
  274   1.732050807568877E+00  -5.000000000000009E-01
  275   1.732050807568877E+00  -8.881784197001252E-16
  276   2.165063509461097E+00  -5.000000000000000E+00
  277   2.165063509461097E+00  -4.500000000000000E+00
  278   2.165063509461097E+00  -4.000000000000000E+00
  279   2.165063509461097E+00  -3.500000000000000E+00
  280   2.165063509461097E+00  -3.000000000000000E+00
  281   2.165063509461097E+00  -2.500000000000000E+00
  282   2.165063509461097E+00  -2.000000000000001E+00
  283   2.165063509461097E+00  -1.500000000000001E+00
  284   2.165063509461097E+00  -1.000000000000001E+00
  285   2.165063509461097E+00  -5.000000000000009E-01
  286   2.165063509461097E+00  -8.881784197001252E-16
  287   2.598076211353316E+00  -5.000000000000000E+00
  288   2.598076211353316E+00  -4.500000000000000E+00
  289   2.598076211353316E+00  -4.000000000000000E+00
  290   2.598076211353316E+00  -3.500000000000000E+00
  291   2.598076211353316E+00  -3.000000000000000E+00
  292   2.598076211353316E+00  -2.500000000000000E+00
  293   2.598076211353316E+00  -2.000000000000001E+00
  294   2.598076211353316E+00  -1.500000000000001E+00
  295   2.598076211353316E+00  -1.000000000000001E+00
  296   2.598076211353316E+00  -5.000000000000009E-01
  297   2.598076211353316E+00  -8.881784197001252E-16
  298   3.031088913245535E+00  -5.000000000000000E+00
  299   3.031088913245535E+00  -4.500000000000000E+00
  300   3.031088913245535E+00  -4.000000000000000E+00
  301   3.031088913245535E+00  -3.500000000000000E+00
  302   3.031088913245535E+00  -3.000000000000000E+00
  303   3.031088913245535E+00  -2.500000000000000E+00
  304   3.031088913245535E+00  -2.000000000000001E+00
  305   3.031088913245535E+00  -1.500000000000001E+00
  306   3.031088913245535E+00  -1.000000000000001E+00
  307   3.031088913245535E+00  -5.000000000000009E-01
  308   3.031088913245535E+00  -8.881784197001252E-16
  309   3.464101615137755E+00  -5.000000000000000E+00
  310   3.464101615137755E+00  -4.500000000000000E+00
  311   3.464101615137755E+00  -4.000000000000000E+00
  312   3.464101615137755E+00  -3.500000000000000E+00
  313   3.464101615137755E+00  -3.000000000000000E+00
  314   3.464101615137755E+00  -2.500000000000000E+00
  315   3.464101615137755E+00  -2.000000000000001E+00
  316   3.464101615137755E+00  -1.500000000000001E+00
  317   3.464101615137755E+00  -1.000000000000001E+00
  318   3.464101615137755E+00  -5.000000000000009E-01
  319   3.464101615137755E+00  -8.881784197001252E-16
  320   3.897114317029974E+00  -5.000000000000000E+00
  321   3.897114317029974E+00  -4.500000000000000E+00
  322   3.897114317029974E+00  -4.000000000000000E+00
  323   3.897114317029974E+00  -3.500000000000000E+00
  324   3.897114317029974E+00  -3.000000000000000E+00
  325   3.897114317029974E+00  -2.500000000000000E+00
  326   3.897114317029974E+00  -2.000000000000001E+00
  327   3.897114317029974E+00  -1.500000000000001E+00
  328   3.897114317029974E+00  -1.000000000000001E+00
  329   3.897114317029974E+00  -5.000000000000009E-01
  330   3.897114317029974E+00  -8.881784197001252E-16
  331   4.330127018922193E+00  -5.000000000000000E+00
  332   4.330127018922193E+00  -4.500000000000000E+00
  333   4.330127018922193E+00  -4.000000000000000E+00
  334   4.330127018922193E+00  -3.500000000000000E+00
  335   4.330127018922193E+00  -3.000000000000000E+00
  336   4.330127018922193E+00  -2.500000000000000E+00
  337   4.330127018922193E+00  -2.000000000000001E+00
  338   4.330127018922193E+00  -1.500000000000001E+00
  339   4.330127018922193E+00  -1.000000000000001E+00
  340   4.330127018922193E+00  -5.000000000000009E-01
  341   4.330127018922193E+00  -8.881784197001252E-16
  342   4.763139720814413E+00  -5.000000000000000E+00
  343   4.763139720814413E+00  -4.500000000000000E+00
  344   4.763139720814413E+00  -4.000000000000000E+00
  345   4.763139720814413E+00  -3.500000000000000E+00
  346   4.763139720814413E+00  -3.000000000000000E+00
  347   4.763139720814413E+00  -2.500000000000000E+00
  348   4.763139720814413E+00  -2.000000000000001E+00
  349   4.763139720814413E+00  -1.500000000000001E+00
  350   4.763139720814413E+00  -1.000000000000001E+00
  351   4.763139720814413E+00  -5.000000000000009E-01
  352   4.763139720814413E+00  -8.881784197001252E-16
  353   5.196152422706632E+00  -5.000000000000000E+00
  354   5.196152422706632E+00  -4.500000000000000E+00
  355   5.196152422706632E+00  -4.000000000000000E+00
  356   5.196152422706632E+00  -3.500000000000000E+00
  357   5.196152422706632E+00  -3.000000000000000E+00
  358   5.196152422706632E+00  -2.500000000000000E+00
  359   5.196152422706632E+00  -2.000000000000001E+00
  360   5.196152422706632E+00  -1.500000000000001E+00
  361   5.196152422706632E+00  -1.000000000000001E+00
  362   5.196152422706632E+00  -5.000000000000009E-01
  363   5.196152422706632E+00  -8.881784197001252E-16
  364   5.629165124598851E+00  -5.000000000000000E+00
  365   5.629165124598851E+00  -4.500000000000000E+00
  366   5.629165124598851E+00  -4.000000000000000E+00
  367   5.629165124598851E+00  -3.500000000000000E+00
  368   5.629165124598851E+00  -3.000000000000000E+00
  369   5.629165124598851E+00  -2.500000000000000E+00
  370   5.629165124598851E+00  -2.000000000000001E+00
  371   5.629165124598851E+00  -1.500000000000001E+00
  372   5.629165124598851E+00  -1.000000000000001E+00
  373   5.629165124598851E+00  -5.000000000000009E-01
  374   5.629165124598851E+00  -8.881784197001252E-16
  375   6.062177826491071E+00  -5.000000000000000E+00
  376   6.062177826491071E+00  -4.500000000000000E+00
  377   6.062177826491071E+00  -4.000000000000000E+00
  378   6.062177826491071E+00  -3.500000000000000E+00
  379   6.062177826491071E+00  -3.000000000000000E+00
  380   6.062177826491071E+00  -2.500000000000000E+00
  381   6.062177826491071E+00  -2.000000000000001E+00
  382   6.062177826491071E+00  -1.500000000000001E+00
  383   6.062177826491071E+00  -1.000000000000001E+00
  384   6.062177826491071E+00  -5.000000000000009E-01
  385   6.062177826491071E+00  -8.881784197001252E-16
  386   6.495190528383290E+00  -5.000000000000000E+00
  387   6.495190528383290E+00  -4.500000000000000E+00
  388   6.495190528383290E+00  -4.000000000000000E+00
  389   6.495190528383290E+00  -3.500000000000000E+00
  390   6.495190528383290E+00  -3.000000000000000E+00
  391   6.495190528383290E+00  -2.500000000000000E+00
  392   6.495190528383290E+00  -2.000000000000001E+00
  393   6.495190528383290E+00  -1.500000000000001E+00
  394   6.495190528383290E+00  -1.000000000000001E+00
  395   6.495190528383290E+00  -5.000000000000009E-01
  396   6.495190528383290E+00  -8.881784197001252E-16
  397   6.928203230275509E+00  -5.000000000000000E+00
  398   6.928203230275509E+00  -4.500000000000000E+00
  399   6.928203230275509E+00  -4.000000000000000E+00
  400   6.928203230275509E+00  -3.500000000000000E+00
  401   6.928203230275509E+00  -3.000000000000000E+00
  402   6.928203230275509E+00  -2.500000000000000E+00
  403   6.928203230275509E+00  -2.000000000000001E+00
  404   6.928203230275509E+00  -1.500000000000001E+00
  405   6.928203230275509E+00  -1.000000000000001E+00
  406   6.928203230275509E+00  -5.000000000000009E-01
  407   6.928203230275509E+00  -8.881784197001252E-16
  408   7.361215932167729E+00  -5.000000000000000E+00
  409   7.361215932167729E+00  -4.500000000000000E+00
  410   7.361215932167729E+00  -4.000000000000000E+00
  411   7.361215932167729E+00  -3.500000000000000E+00
  412   7.361215932167729E+00  -3.000000000000000E+00
  413   7.361215932167729E+00  -2.500000000000000E+00
  414   7.361215932167729E+00  -2.000000000000001E+00
  415   7.361215932167729E+00  -1.500000000000001E+00
  416   7.361215932167729E+00  -1.000000000000001E+00
  417   7.361215932167729E+00  -5.000000000000009E-01
  418   7.361215932167729E+00  -8.881784197001252E-16
  419   7.794228634059950E+00  -5.000000000000000E+00
  420   7.794228634059950E+00  -4.500000000000000E+00
  421   7.794228634059950E+00  -4.000000000000000E+00
  422   7.794228634059950E+00  -3.500000000000000E+00
  423   7.794228634059950E+00  -3.000000000000000E+00
  424   7.794228634059950E+00  -2.500000000000000E+00
  425   7.794228634059950E+00  -2.000000000000001E+00
  426   7.794228634059950E+00  -1.500000000000001E+00
  427   7.794228634059950E+00  -1.000000000000001E+00
  428   7.794228634059950E+00  -5.000000000000009E-01
  429   7.794228634059950E+00  -8.881784197001252E-16
  430   8.227241335952167E+00  -5.000000000000000E+00
  431   8.227241335952167E+00  -4.500000000000000E+00
  432   8.227241335952167E+00  -4.000000000000000E+00
  433   8.227241335952167E+00  -3.500000000000000E+00
  434   8.227241335952167E+00  -3.000000000000000E+00
  435   8.227241335952167E+00  -2.500000000000000E+00
  436   8.227241335952167E+00  -2.000000000000001E+00
  437   8.227241335952167E+00  -1.500000000000001E+00
  438   8.227241335952167E+00  -1.000000000000001E+00
  439   8.227241335952167E+00  -5.000000000000009E-01
  440   8.227241335952167E+00  -8.881784197001252E-16
  441   8.660254037844387E+00  -5.000000000000000E+00
  442   8.660254037844387E+00  -4.500000000000000E+00
  443   8.660254037844387E+00  -4.000000000000000E+00
  444   8.660254037844387E+00  -3.500000000000000E+00
  445   8.660254037844387E+00  -3.000000000000000E+00
  446   8.660254037844387E+00  -2.500000000000000E+00
  447   8.660254037844387E+00  -2.000000000000001E+00
  448   8.660254037844387E+00  -1.500000000000001E+00
  449   8.660254037844387E+00  -1.000000000000001E+00
  450   8.660254037844387E+00  -5.000000000000009E-01
  451   8.660254037844387E+00  -8.881784197001252E-16
  452  -8.660254037844387E+00  -1.500000000000000E+01
  453  -8.660254037844387E+00  -1.450000000000000E+01
  454  -8.660254037844387E+00  -1.400000000000000E+01
  455  -8.660254037844387E+00  -1.350000000000000E+01
  456  -8.660254037844387E+00  -1.300000000000000E+01
  457  -8.660254037844387E+00  -1.250000000000000E+01
  458  -8.660254037844387E+00  -1.200000000000000E+01
  459  -8.660254037844387E+00  -1.150000000000000E+01
  460  -8.660254037844387E+00  -1.100000000000000E+01
  461  -8.660254037844387E+00  -1.050000000000000E+01
  462  -8.660254037844387E+00  -1.000000000000000E+01
  463  -8.227241335952169E+00  -1.500000000000000E+01
  464  -8.227241335952169E+00  -1.450000000000000E+01
  465  -8.227241335952169E+00  -1.400000000000000E+01
  466  -8.227241335952169E+00  -1.350000000000000E+01
  467  -8.227241335952169E+00  -1.300000000000000E+01
  468  -8.227241335952169E+00  -1.250000000000000E+01
  469  -8.227241335952169E+00  -1.200000000000000E+01
  470  -8.227241335952169E+00  -1.150000000000000E+01
  471  -8.227241335952169E+00  -1.100000000000000E+01
  472  -8.227241335952169E+00  -1.050000000000000E+01
  473  -8.227241335952169E+00  -1.000000000000000E+01
  474  -7.794228634059949E+00  -1.500000000000000E+01
  475  -7.794228634059949E+00  -1.450000000000000E+01
  476  -7.794228634059949E+00  -1.400000000000000E+01
  477  -7.794228634059949E+00  -1.350000000000000E+01
  478  -7.794228634059949E+00  -1.300000000000000E+01
  479  -7.794228634059949E+00  -1.250000000000000E+01
  480  -7.794228634059949E+00  -1.200000000000000E+01
  481  -7.794228634059949E+00  -1.150000000000000E+01
  482  -7.794228634059949E+00  -1.100000000000000E+01
  483  -7.794228634059949E+00  -1.050000000000000E+01
  484  -7.794228634059949E+00  -1.000000000000000E+01
  485  -7.361215932167729E+00  -1.500000000000000E+01
  486  -7.361215932167729E+00  -1.450000000000000E+01
  487  -7.361215932167729E+00  -1.400000000000000E+01
  488  -7.361215932167729E+00  -1.350000000000000E+01
  489  -7.361215932167729E+00  -1.300000000000000E+01
  490  -7.361215932167729E+00  -1.250000000000000E+01
  491  -7.361215932167729E+00  -1.200000000000000E+01
  492  -7.361215932167729E+00  -1.150000000000000E+01
  493  -7.361215932167729E+00  -1.100000000000000E+01
  494  -7.361215932167729E+00  -1.050000000000000E+01
  495  -7.361215932167729E+00  -1.000000000000000E+01
  496  -6.928203230275510E+00  -1.500000000000000E+01
  497  -6.928203230275510E+00  -1.450000000000000E+01
  498  -6.928203230275510E+00  -1.400000000000000E+01
  499  -6.928203230275510E+00  -1.350000000000000E+01
  500  -6.928203230275510E+00  -1.300000000000000E+01
  501  -6.928203230275510E+00  -1.250000000000000E+01
  502  -6.928203230275510E+00  -1.200000000000000E+01
  503  -6.928203230275510E+00  -1.150000000000000E+01
  504  -6.928203230275510E+00  -1.100000000000000E+01
  505  -6.928203230275510E+00  -1.050000000000000E+01
  506  -6.928203230275510E+00  -1.000000000000000E+01
  507  -6.495190528383290E+00  -1.500000000000000E+01
  508  -6.495190528383290E+00  -1.450000000000000E+01
  509  -6.495190528383290E+00  -1.400000000000000E+01
  510  -6.495190528383290E+00  -1.350000000000000E+01
  511  -6.495190528383290E+00  -1.300000000000000E+01
  512  -6.495190528383290E+00  -1.250000000000000E+01
  513  -6.495190528383290E+00  -1.200000000000000E+01
  514  -6.495190528383290E+00  -1.150000000000000E+01
  515  -6.495190528383290E+00  -1.100000000000000E+01
  516  -6.495190528383290E+00  -1.050000000000000E+01
  517  -6.495190528383290E+00  -1.000000000000000E+01
  518  -6.062177826491071E+00  -1.500000000000000E+01
  519  -6.062177826491071E+00  -1.450000000000000E+01
  520  -6.062177826491071E+00  -1.400000000000000E+01
  521  -6.062177826491071E+00  -1.350000000000000E+01
  522  -6.062177826491071E+00  -1.300000000000000E+01
  523  -6.062177826491071E+00  -1.250000000000000E+01
  524  -6.062177826491071E+00  -1.200000000000000E+01
  525  -6.062177826491071E+00  -1.150000000000000E+01
  526  -6.062177826491071E+00  -1.100000000000000E+01
  527  -6.062177826491071E+00  -1.050000000000000E+01
  528  -6.062177826491071E+00  -1.000000000000000E+01
  529  -5.629165124598852E+00  -1.500000000000000E+01
  530  -5.629165124598852E+00  -1.450000000000000E+01
  531  -5.629165124598852E+00  -1.400000000000000E+01
  532  -5.629165124598852E+00  -1.350000000000000E+01
  533  -5.629165124598852E+00  -1.300000000000000E+01
  534  -5.629165124598852E+00  -1.250000000000000E+01
  535  -5.629165124598852E+00  -1.200000000000000E+01
  536  -5.629165124598852E+00  -1.150000000000000E+01
  537  -5.629165124598852E+00  -1.100000000000000E+01
  538  -5.629165124598852E+00  -1.050000000000000E+01
  539  -5.629165124598852E+00  -1.000000000000000E+01
  540  -5.196152422706632E+00  -1.500000000000000E+01
  541  -5.196152422706632E+00  -1.450000000000000E+01
  542  -5.196152422706632E+00  -1.400000000000000E+01
  543  -5.196152422706632E+00  -1.350000000000000E+01
  544  -5.196152422706632E+00  -1.300000000000000E+01
  545  -5.196152422706632E+00  -1.250000000000000E+01
  546  -5.196152422706632E+00  -1.200000000000000E+01
  547  -5.196152422706632E+00  -1.150000000000000E+01
  548  -5.196152422706632E+00  -1.100000000000000E+01
  549  -5.196152422706632E+00  -1.050000000000000E+01
  550  -5.196152422706632E+00  -1.000000000000000E+01
  551  -4.763139720814413E+00  -1.500000000000000E+01
  552  -4.763139720814413E+00  -1.450000000000000E+01
  553  -4.763139720814413E+00  -1.400000000000000E+01
  554  -4.763139720814413E+00  -1.350000000000000E+01
  555  -4.763139720814413E+00  -1.300000000000000E+01
  556  -4.763139720814413E+00  -1.250000000000000E+01
  557  -4.763139720814413E+00  -1.200000000000000E+01
  558  -4.763139720814413E+00  -1.150000000000000E+01
  559  -4.763139720814413E+00  -1.100000000000000E+01
  560  -4.763139720814413E+00  -1.050000000000000E+01
  561  -4.763139720814413E+00  -1.000000000000000E+01
  562  -4.330127018922194E+00  -1.500000000000000E+01
  563  -4.330127018922194E+00  -1.450000000000000E+01
  564  -4.330127018922194E+00  -1.400000000000000E+01
  565  -4.330127018922194E+00  -1.350000000000000E+01
  566  -4.330127018922194E+00  -1.300000000000000E+01
  567  -4.330127018922194E+00  -1.250000000000000E+01
  568  -4.330127018922194E+00  -1.200000000000000E+01
  569  -4.330127018922194E+00  -1.150000000000000E+01
  570  -4.330127018922194E+00  -1.100000000000000E+01
  571  -4.330127018922194E+00  -1.050000000000000E+01
  572  -4.330127018922194E+00  -1.000000000000000E+01
  573  -3.897114317029974E+00  -1.500000000000000E+01
  574  -3.897114317029974E+00  -1.450000000000000E+01
  575  -3.897114317029974E+00  -1.400000000000000E+01
  576  -3.897114317029974E+00  -1.350000000000000E+01
  577  -3.897114317029974E+00  -1.300000000000000E+01
  578  -3.897114317029974E+00  -1.250000000000000E+01
  579  -3.897114317029974E+00  -1.200000000000000E+01
  580  -3.897114317029974E+00  -1.150000000000000E+01
  581  -3.897114317029974E+00  -1.100000000000000E+01
  582  -3.897114317029974E+00  -1.050000000000000E+01
  583  -3.897114317029974E+00  -1.000000000000000E+01
  584  -3.464101615137755E+00  -1.500000000000000E+01
  585  -3.464101615137755E+00  -1.450000000000000E+01
  586  -3.464101615137755E+00  -1.400000000000000E+01
  587  -3.464101615137755E+00  -1.350000000000000E+01
  588  -3.464101615137755E+00  -1.300000000000000E+01
  589  -3.464101615137755E+00  -1.250000000000000E+01
  590  -3.464101615137755E+00  -1.200000000000000E+01
  591  -3.464101615137755E+00  -1.150000000000000E+01
  592  -3.464101615137755E+00  -1.100000000000000E+01
  593  -3.464101615137755E+00  -1.050000000000000E+01
  594  -3.464101615137755E+00  -1.000000000000000E+01
  595  -3.031088913245536E+00  -1.500000000000000E+01
  596  -3.031088913245536E+00  -1.450000000000000E+01
  597  -3.031088913245536E+00  -1.400000000000000E+01
  598  -3.031088913245536E+00  -1.350000000000000E+01
  599  -3.031088913245536E+00  -1.300000000000000E+01
  600  -3.031088913245536E+00  -1.250000000000000E+01
  601  -3.031088913245536E+00  -1.200000000000000E+01
  602  -3.031088913245536E+00  -1.150000000000000E+01
  603  -3.031088913245536E+00  -1.100000000000000E+01
  604  -3.031088913245536E+00  -1.050000000000000E+01
  605  -3.031088913245536E+00  -1.000000000000000E+01
  606  -2.598076211353316E+00  -1.500000000000000E+01
  607  -2.598076211353316E+00  -1.450000000000000E+01
  608  -2.598076211353316E+00  -1.400000000000000E+01
  609  -2.598076211353316E+00  -1.350000000000000E+01
  610  -2.598076211353316E+00  -1.300000000000000E+01
  611  -2.598076211353316E+00  -1.250000000000000E+01
  612  -2.598076211353316E+00  -1.200000000000000E+01
  613  -2.598076211353316E+00  -1.150000000000000E+01
  614  -2.598076211353316E+00  -1.100000000000000E+01
  615  -2.598076211353316E+00  -1.050000000000000E+01
  616  -2.598076211353316E+00  -1.000000000000000E+01
  617  -2.165063509461097E+00  -1.500000000000000E+01
  618  -2.165063509461097E+00  -1.450000000000000E+01
  619  -2.165063509461097E+00  -1.400000000000000E+01
  620  -2.165063509461097E+00  -1.350000000000000E+01
  621  -2.165063509461097E+00  -1.300000000000000E+01
  622  -2.165063509461097E+00  -1.250000000000000E+01
  623  -2.165063509461097E+00  -1.200000000000000E+01
  624  -2.165063509461097E+00  -1.150000000000000E+01
  625  -2.165063509461097E+00  -1.100000000000000E+01
  626  -2.165063509461097E+00  -1.050000000000000E+01
  627  -2.165063509461097E+00  -1.000000000000000E+01
  628  -1.732050807568878E+00  -1.500000000000000E+01
  629  -1.732050807568878E+00  -1.450000000000000E+01
  630  -1.732050807568878E+00  -1.400000000000000E+01
  631  -1.732050807568878E+00  -1.350000000000000E+01
  632  -1.732050807568878E+00  -1.300000000000000E+01
  633  -1.732050807568878E+00  -1.250000000000000E+01
  634  -1.732050807568878E+00  -1.200000000000000E+01
  635  -1.732050807568878E+00  -1.150000000000000E+01
  636  -1.732050807568878E+00  -1.100000000000000E+01
  637  -1.732050807568878E+00  -1.050000000000000E+01
  638  -1.732050807568878E+00  -1.000000000000000E+01
  639  -1.299038105676658E+00  -1.500000000000000E+01
  640  -1.299038105676658E+00  -1.450000000000000E+01
  641  -1.299038105676658E+00  -1.400000000000000E+01
  642  -1.299038105676658E+00  -1.350000000000000E+01
  643  -1.299038105676658E+00  -1.300000000000000E+01
  644  -1.299038105676658E+00  -1.250000000000000E+01
  645  -1.299038105676658E+00  -1.200000000000000E+01
  646  -1.299038105676658E+00  -1.150000000000000E+01
  647  -1.299038105676658E+00  -1.100000000000000E+01
  648  -1.299038105676658E+00  -1.050000000000000E+01
  649  -1.299038105676658E+00  -1.000000000000000E+01
  650  -8.660254037844393E-01  -1.500000000000000E+01
  651  -8.660254037844393E-01  -1.450000000000000E+01
  652  -8.660254037844393E-01  -1.400000000000000E+01
  653  -8.660254037844393E-01  -1.350000000000000E+01
  654  -8.660254037844393E-01  -1.300000000000000E+01
  655  -8.660254037844393E-01  -1.250000000000000E+01
  656  -8.660254037844393E-01  -1.200000000000000E+01
  657  -8.660254037844393E-01  -1.150000000000000E+01
  658  -8.660254037844393E-01  -1.100000000000000E+01
  659  -8.660254037844393E-01  -1.050000000000000E+01
  660  -8.660254037844393E-01  -1.000000000000000E+01
  661  -4.330127018922187E-01  -1.500000000000000E+01
  662  -4.330127018922187E-01  -1.450000000000000E+01
  663  -4.330127018922187E-01  -1.400000000000000E+01
  664  -4.330127018922187E-01  -1.350000000000000E+01
  665  -4.330127018922187E-01  -1.300000000000000E+01
  666  -4.330127018922187E-01  -1.250000000000000E+01
  667  -4.330127018922187E-01  -1.200000000000000E+01
  668  -4.330127018922187E-01  -1.150000000000000E+01
  669  -4.330127018922187E-01  -1.100000000000000E+01
  670  -4.330127018922187E-01  -1.050000000000000E+01
  671  -4.330127018922187E-01  -1.000000000000000E+01
  672   0.000000000000000E+00  -1.500000000000000E+01
  673   0.000000000000000E+00  -1.450000000000000E+01
  674   0.000000000000000E+00  -1.400000000000000E+01
  675   0.000000000000000E+00  -1.350000000000000E+01
  676   0.000000000000000E+00  -1.300000000000000E+01
  677   0.000000000000000E+00  -1.250000000000000E+01
  678   0.000000000000000E+00  -1.200000000000000E+01
  679   0.000000000000000E+00  -1.150000000000000E+01
  680   0.000000000000000E+00  -1.100000000000000E+01
  681   0.000000000000000E+00  -1.050000000000000E+01
  682   0.000000000000000E+00  -1.000000000000000E+01
  683   4.330127018922187E-01  -1.500000000000000E+01
  684   4.330127018922187E-01  -1.450000000000000E+01
  685   4.330127018922187E-01  -1.400000000000000E+01
  686   4.330127018922187E-01  -1.350000000000000E+01
  687   4.330127018922187E-01  -1.300000000000000E+01
  688   4.330127018922187E-01  -1.250000000000000E+01
  689   4.330127018922187E-01  -1.200000000000000E+01
  690   4.330127018922187E-01  -1.150000000000000E+01
  691   4.330127018922187E-01  -1.100000000000000E+01
  692   4.330127018922187E-01  -1.050000000000000E+01
  693   4.330127018922187E-01  -1.000000000000000E+01
  694   8.660254037844393E-01  -1.500000000000000E+01
  695   8.660254037844393E-01  -1.450000000000000E+01
  696   8.660254037844393E-01  -1.400000000000000E+01
  697   8.660254037844393E-01  -1.350000000000000E+01
  698   8.660254037844393E-01  -1.300000000000000E+01
  699   8.660254037844393E-01  -1.250000000000000E+01
  700   8.660254037844393E-01  -1.200000000000000E+01
  701   8.660254037844393E-01  -1.150000000000000E+01
  702   8.660254037844393E-01  -1.100000000000000E+01
  703   8.660254037844393E-01  -1.050000000000000E+01
  704   8.660254037844393E-01  -1.000000000000000E+01
  705   1.299038105676658E+00  -1.500000000000000E+01
  706   1.299038105676658E+00  -1.450000000000000E+01
  707   1.299038105676658E+00  -1.400000000000000E+01
  708   1.299038105676658E+00  -1.350000000000000E+01
  709   1.299038105676658E+00  -1.300000000000000E+01
  710   1.299038105676658E+00  -1.250000000000000E+01
  711   1.299038105676658E+00  -1.200000000000000E+01
  712   1.299038105676658E+00  -1.150000000000000E+01
  713   1.299038105676658E+00  -1.100000000000000E+01
  714   1.299038105676658E+00  -1.050000000000000E+01
  715   1.299038105676658E+00  -1.000000000000000E+01
  716   1.732050807568877E+00  -1.500000000000000E+01
  717   1.732050807568877E+00  -1.450000000000000E+01
  718   1.732050807568877E+00  -1.400000000000000E+01
  719   1.732050807568877E+00  -1.350000000000000E+01
  720   1.732050807568877E+00  -1.300000000000000E+01
  721   1.732050807568877E+00  -1.250000000000000E+01
  722   1.732050807568877E+00  -1.200000000000000E+01
  723   1.732050807568877E+00  -1.150000000000000E+01
  724   1.732050807568877E+00  -1.100000000000000E+01
  725   1.732050807568877E+00  -1.050000000000000E+01
  726   1.732050807568877E+00  -1.000000000000000E+01
  727   2.165063509461097E+00  -1.500000000000000E+01
  728   2.165063509461097E+00  -1.450000000000000E+01
  729   2.165063509461097E+00  -1.400000000000000E+01
  730   2.165063509461097E+00  -1.350000000000000E+01
  731   2.165063509461097E+00  -1.300000000000000E+01
  732   2.165063509461097E+00  -1.250000000000000E+01
  733   2.165063509461097E+00  -1.200000000000000E+01
  734   2.165063509461097E+00  -1.150000000000000E+01
  735   2.165063509461097E+00  -1.100000000000000E+01
  736   2.165063509461097E+00  -1.050000000000000E+01
  737   2.165063509461097E+00  -1.000000000000000E+01
  738   2.598076211353316E+00  -1.500000000000000E+01
  739   2.598076211353316E+00  -1.450000000000000E+01
  740   2.598076211353316E+00  -1.400000000000000E+01
  741   2.598076211353316E+00  -1.350000000000000E+01
  742   2.598076211353316E+00  -1.300000000000000E+01
  743   2.598076211353316E+00  -1.250000000000000E+01
  744   2.598076211353316E+00  -1.200000000000000E+01
  745   2.598076211353316E+00  -1.150000000000000E+01
  746   2.598076211353316E+00  -1.100000000000000E+01
  747   2.598076211353316E+00  -1.050000000000000E+01
  748   2.598076211353316E+00  -1.000000000000000E+01
  749   3.031088913245535E+00  -1.500000000000000E+01
  750   3.031088913245535E+00  -1.450000000000000E+01
  751   3.031088913245535E+00  -1.400000000000000E+01
  752   3.031088913245535E+00  -1.350000000000000E+01
  753   3.031088913245535E+00  -1.300000000000000E+01
  754   3.031088913245535E+00  -1.250000000000000E+01
  755   3.031088913245535E+00  -1.200000000000000E+01
  756   3.031088913245535E+00  -1.150000000000000E+01
  757   3.031088913245535E+00  -1.100000000000000E+01
  758   3.031088913245535E+00  -1.050000000000000E+01
  759   3.031088913245535E+00  -1.000000000000000E+01
  760   3.464101615137755E+00  -1.500000000000000E+01
  761   3.464101615137755E+00  -1.450000000000000E+01
  762   3.464101615137755E+00  -1.400000000000000E+01
  763   3.464101615137755E+00  -1.350000000000000E+01
  764   3.464101615137755E+00  -1.300000000000000E+01
  765   3.464101615137755E+00  -1.250000000000000E+01
  766   3.464101615137755E+00  -1.200000000000000E+01
  767   3.464101615137755E+00  -1.150000000000000E+01
  768   3.464101615137755E+00  -1.100000000000000E+01
  769   3.464101615137755E+00  -1.050000000000000E+01
  770   3.464101615137755E+00  -1.000000000000000E+01
  771   3.897114317029974E+00  -1.500000000000000E+01
  772   3.897114317029974E+00  -1.450000000000000E+01
  773   3.897114317029974E+00  -1.400000000000000E+01
  774   3.897114317029974E+00  -1.350000000000000E+01
  775   3.897114317029974E+00  -1.300000000000000E+01
  776   3.897114317029974E+00  -1.250000000000000E+01
  777   3.897114317029974E+00  -1.200000000000000E+01
  778   3.897114317029974E+00  -1.150000000000000E+01
  779   3.897114317029974E+00  -1.100000000000000E+01
  780   3.897114317029974E+00  -1.050000000000000E+01
  781   3.897114317029974E+00  -1.000000000000000E+01
  782   4.330127018922193E+00  -1.500000000000000E+01
  783   4.330127018922193E+00  -1.450000000000000E+01
  784   4.330127018922193E+00  -1.400000000000000E+01
  785   4.330127018922193E+00  -1.350000000000000E+01
  786   4.330127018922193E+00  -1.300000000000000E+01
  787   4.330127018922193E+00  -1.250000000000000E+01
  788   4.330127018922193E+00  -1.200000000000000E+01
  789   4.330127018922193E+00  -1.150000000000000E+01
  790   4.330127018922193E+00  -1.100000000000000E+01
  791   4.330127018922193E+00  -1.050000000000000E+01
  792   4.330127018922193E+00  -1.000000000000000E+01
  793   4.763139720814413E+00  -1.500000000000000E+01
  794   4.763139720814413E+00  -1.450000000000000E+01
  795   4.763139720814413E+00  -1.400000000000000E+01
  796   4.763139720814413E+00  -1.350000000000000E+01
  797   4.763139720814413E+00  -1.300000000000000E+01
  798   4.763139720814413E+00  -1.250000000000000E+01
  799   4.763139720814413E+00  -1.200000000000000E+01
  800   4.763139720814413E+00  -1.150000000000000E+01
  801   4.763139720814413E+00  -1.100000000000000E+01
  802   4.763139720814413E+00  -1.050000000000000E+01
  803   4.763139720814413E+00  -1.000000000000000E+01
  804   5.196152422706632E+00  -1.500000000000000E+01
  805   5.196152422706632E+00  -1.450000000000000E+01
  806   5.196152422706632E+00  -1.400000000000000E+01
  807   5.196152422706632E+00  -1.350000000000000E+01
  808   5.196152422706632E+00  -1.300000000000000E+01
  809   5.196152422706632E+00  -1.250000000000000E+01
  810   5.196152422706632E+00  -1.200000000000000E+01
  811   5.196152422706632E+00  -1.150000000000000E+01
  812   5.196152422706632E+00  -1.100000000000000E+01
  813   5.196152422706632E+00  -1.050000000000000E+01
  814   5.196152422706632E+00  -1.000000000000000E+01
  815   5.629165124598851E+00  -1.500000000000000E+01
  816   5.629165124598851E+00  -1.450000000000000E+01
  817   5.629165124598851E+00  -1.400000000000000E+01
  818   5.629165124598851E+00  -1.350000000000000E+01
  819   5.629165124598851E+00  -1.300000000000000E+01
  820   5.629165124598851E+00  -1.250000000000000E+01
  821   5.629165124598851E+00  -1.200000000000000E+01
  822   5.629165124598851E+00  -1.150000000000000E+01
  823   5.629165124598851E+00  -1.100000000000000E+01
  824   5.629165124598851E+00  -1.050000000000000E+01
  825   5.629165124598851E+00  -1.000000000000000E+01
  826   6.062177826491071E+00  -1.500000000000000E+01
  827   6.062177826491071E+00  -1.450000000000000E+01
  828   6.062177826491071E+00  -1.400000000000000E+01
  829   6.062177826491071E+00  -1.350000000000000E+01
  830   6.062177826491071E+00  -1.300000000000000E+01
  831   6.062177826491071E+00  -1.250000000000000E+01
  832   6.062177826491071E+00  -1.200000000000000E+01
  833   6.062177826491071E+00  -1.150000000000000E+01
  834   6.062177826491071E+00  -1.100000000000000E+01
  835   6.062177826491071E+00  -1.050000000000000E+01
  836   6.062177826491071E+00  -1.000000000000000E+01
  837   6.495190528383290E+00  -1.500000000000000E+01
  838   6.495190528383290E+00  -1.450000000000000E+01
  839   6.495190528383290E+00  -1.400000000000000E+01
  840   6.495190528383290E+00  -1.350000000000000E+01
  841   6.495190528383290E+00  -1.300000000000000E+01
  842   6.495190528383290E+00  -1.250000000000000E+01
  843   6.495190528383290E+00  -1.200000000000000E+01
  844   6.495190528383290E+00  -1.150000000000000E+01
  845   6.495190528383290E+00  -1.100000000000000E+01
  846   6.495190528383290E+00  -1.050000000000000E+01
  847   6.495190528383290E+00  -1.000000000000000E+01
  848   6.928203230275509E+00  -1.500000000000000E+01
  849   6.928203230275509E+00  -1.450000000000000E+01
  850   6.928203230275509E+00  -1.400000000000000E+01
  851   6.928203230275509E+00  -1.350000000000000E+01
  852   6.928203230275509E+00  -1.300000000000000E+01
  853   6.928203230275509E+00  -1.250000000000000E+01
  854   6.928203230275509E+00  -1.200000000000000E+01
  855   6.928203230275509E+00  -1.150000000000000E+01
  856   6.928203230275509E+00  -1.100000000000000E+01
  857   6.928203230275509E+00  -1.050000000000000E+01
  858   6.928203230275509E+00  -1.000000000000000E+01
  859   7.361215932167729E+00  -1.500000000000000E+01
  860   7.361215932167729E+00  -1.450000000000000E+01
  861   7.361215932167729E+00  -1.400000000000000E+01
  862   7.361215932167729E+00  -1.350000000000000E+01
  863   7.361215932167729E+00  -1.300000000000000E+01
  864   7.361215932167729E+00  -1.250000000000000E+01
  865   7.361215932167729E+00  -1.200000000000000E+01
  866   7.361215932167729E+00  -1.150000000000000E+01
  867   7.361215932167729E+00  -1.100000000000000E+01
  868   7.361215932167729E+00  -1.050000000000000E+01
  869   7.361215932167729E+00  -1.000000000000000E+01
  870   7.794228634059950E+00  -1.500000000000000E+01
  871   7.794228634059950E+00  -1.450000000000000E+01
  872   7.794228634059950E+00  -1.400000000000000E+01
  873   7.794228634059950E+00  -1.350000000000000E+01
  874   7.794228634059950E+00  -1.300000000000000E+01
  875   7.794228634059950E+00  -1.250000000000000E+01
  876   7.794228634059950E+00  -1.200000000000000E+01
  877   7.794228634059950E+00  -1.150000000000000E+01
  878   7.794228634059950E+00  -1.100000000000000E+01
  879   7.794228634059950E+00  -1.050000000000000E+01
  880   7.794228634059950E+00  -1.000000000000000E+01
  881   8.227241335952167E+00  -1.500000000000000E+01
  882   8.227241335952167E+00  -1.450000000000000E+01
  883   8.227241335952167E+00  -1.400000000000000E+01
  884   8.227241335952167E+00  -1.350000000000000E+01
  885   8.227241335952167E+00  -1.300000000000000E+01
  886   8.227241335952167E+00  -1.250000000000000E+01
  887   8.227241335952167E+00  -1.200000000000000E+01
  888   8.227241335952167E+00  -1.150000000000000E+01
  889   8.227241335952167E+00  -1.100000000000000E+01
  890   8.227241335952167E+00  -1.050000000000000E+01
  891   8.227241335952167E+00  -1.000000000000000E+01
  892   8.660254037844387E+00  -1.500000000000000E+01
  893   8.660254037844387E+00  -1.450000000000000E+01
  894   8.660254037844387E+00  -1.400000000000000E+01
  895   8.660254037844387E+00  -1.350000000000000E+01
  896   8.660254037844387E+00  -1.300000000000000E+01
  897   8.660254037844387E+00  -1.250000000000000E+01
  898   8.660254037844387E+00  -1.200000000000000E+01
  899   8.660254037844387E+00  -1.150000000000000E+01
  900   8.660254037844387E+00  -1.100000000000000E+01
  901   8.660254037844387E+00  -1.050000000000000E+01
  902   8.660254037844387E+00  -1.000000000000000E+01
      3
   452        892   11    1       1     0
    11        451   11    1       0       0
      0      0      0      0      0      0
       1     9
 300.0d8  3.00E-01  0.00E+00  0.00E+00  0.00E+00  0.00E+00  0.00E+00  0.00E+00  1.00E-3  
       0      0      0      0      0      0      0      0      0      0      0      0

  1
'p9_3'
    200      9      9      3
              1              1             23             25              3             12             24             14              2             13              1              1
              2              3             25             27              5             14             26             16              4             15              1              1
              3              5             27             29              7             16             28             18              6             17              1              1
              4              7             29             31              9             18             30             20              8             19              1              1
              5              9             31             33             11             20             32             22             10             21              1              1
              6             23             45             47             25             34             46             36             24             35              1              1
              7             25             47             49             27             36             48             38             26             37              1              1
              8             27             49             51             29             38             50             40             28             39              1              1
              9             29             51             53             31             40             52             42             30             41              1              1
             10             31             53             55             33             42             54             44             32             43              1              1
             11             45             67             69             47             56             68             58             46             57              1              1
             12             47             69             71             49             58             70             60             48             59              1              1
             13             49             71             73             51             60             72             62             50             61              1              1
             14             51             73             75             53             62             74             64             52             63              1              1
             15             53             75             77             55             64             76             66             54             65              1              1
             16             67             89             91             69             78             90             80             68             79              1              1
             17             69             91             93             71             80             92             82             70             81              1              1
             18             71             93             95             73             82             94             84             72             83              1              1
             19             73             95             97             75             84             96             86             74             85              1              1
             20             75             97             99             77             86             98             88             76             87              1              1
             21             89            111            113             91            100            112            102             90            101              1              1
             22             91            113            115             93            102            114            104             92            103              1              1
             23             93            115            117             95            104            116            106             94            105              1              1
             24             95            117            119             97            106            118            108             96            107              1              1
             25             97            119            121             99            108            120            110             98            109              1              1
             26            111            133            135            113            122            134            124            112            123              1              1
             27            113            135            137            115            124            136            126            114            125              1              1
             28            115            137            139            117            126            138            128            116            127              1              1
             29            117            139            141            119            128            140            130            118            129              1              1
             30            119            141            143            121            130            142            132            120            131              1              1
             31            133            155            157            135            144            156            146            134            145              1              1
             32            135            157            159            137            146            158            148            136            147              1              1
             33            137            159            161            139            148            160            150            138            149              1              1
             34            139            161            163            141            150            162            152            140            151              1              1
             35            141            163            165            143            152            164            154            142            153              1              1
             36            155            177            179            157            166            178            168            156            167              1              1
             37            157            179            181            159            168            180            170            158            169              1              1
             38            159            181            183            161            170            182            172            160            171              1              1
             39            161            183            185            163            172            184            174            162            173              1              1
             40            163            185            187            165            174            186            176            164            175              1              1
             41            177            199            201            179            188            200            190            178            189              1              1
             42            179            201            203            181            190            202            192            180            191              1              1
             43            181            203            205            183            192            204            194            182            193              1              1
             44            183            205            207            185            194            206            196            184            195              1              1
             45            185            207            209            187            196            208            198            186            197              1              1
             46            199            221            223            201            210            222            212            200            211              1              1
             47            201            223            225            203            212            224            214            202            213              1              1
             48            203            225            227            205            214            226            216            204            215              1              1
             49            205            227            229            207            216            228            218            206            217              1              1
             50            207            229            231            209            218            230            220            208            219              1              1
             51            221            243            245            223            232            244            234            222            233              1              1
             52            223            245            247            225            234            246            236            224            235              1              1
             53            225            247            249            227            236            248            238            226            237              1              1
             54            227            249            251            229            238            250            240            228            239              1              1
             55            229            251            253            231            240            252            242            230            241              1              1
             56            243            265            267            245            254            266            256            244            255              1              1
             57            245            267            269            247            256            268            258            246            257              1              1
             58            247            269            271            249            258            270            260            248            259              1              1
             59            249            271            273            251            260            272            262            250            261              1              1
             60            251            273            275            253            262            274            264            252            263              1              1
             61            265            287            289            267            276            288            278            266            277              1              1
             62            267            289            291            269            278            290            280            268            279              1              1
             63            269            291            293            271            280            292            282            270            281              1              1
             64            271            293            295            273            282            294            284            272            283              1              1
             65            273            295            297            275            284            296            286            274            285              1              1
             66            287            309            311            289            298            310            300            288            299              1              1
             67            289            311            313            291            300            312            302            290            301              1              1
             68            291            313            315            293            302            314            304            292            303              1              1
             69            293            315            317            295            304            316            306            294            305              1              1
             70            295            317            319            297            306            318            308            296            307              1              1
             71            309            331            333            311            320            332            322            310            321              1              1
             72            311            333            335            313            322            334            324            312            323              1              1
             73            313            335            337            315            324            336            326            314            325              1              1
             74            315            337            339            317            326            338            328            316            327              1              1
             75            317            339            341            319            328            340            330            318            329              1              1
             76            331            353            355            333            342            354            344            332            343              1              1
             77            333            355            357            335            344            356            346            334            345              1              1
             78            335            357            359            337            346            358            348            336            347              1              1
             79            337            359            361            339            348            360            350            338            349              1              1
             80            339            361            363            341            350            362            352            340            351              1              1
             81            353            375            377            355            364            376            366            354            365              1              1
             82            355            377            379            357            366            378            368            356            367              1              1
             83            357            379            381            359            368            380            370            358            369              1              1
             84            359            381            383            361            370            382            372            360            371              1              1
             85            361            383            385            363            372            384            374            362            373              1              1
             86            375            397            399            377            386            398            388            376            387              1              1
             87            377            399            401            379            388            400            390            378            389              1              1
             88            379            401            403            381            390            402            392            380            391              1              1
             89            381            403            405            383            392            404            394            382            393              1              1
             90            383            405            407            385            394            406            396            384            395              1              1
             91            397            419            421            399            408            420            410            398            409              1              1
             92            399            421            423            401            410            422            412            400            411              1              1
             93            401            423            425            403            412            424            414            402            413              1              1
             94            403            425            427            405            414            426            416            404            415              1              1
             95            405            427            429            407            416            428            418            406            417              1              1
             96            419            441            443            421            430            442            432            420            431              1              1
             97            421            443            445            423            432            444            434            422            433              1              1
             98            423            445            447            425            434            446            436            424            435              1              1
             99            425            447            449            427            436            448            438            426            437              1              1
            100            427            449            451            429            438            450            440            428            439              1              1
            101            452            474            476            454            463            475            465            453            464              1              1
            102            454            476            478            456            465            477            467            455            466              1              1
            103            456            478            480            458            467            479            469            457            468              1              1
            104            458            480            482            460            469            481            471            459            470              1              1
            105            460            482            484            462            471            483            473            461            472              1              1
            106            474            496            498            476            485            497            487            475            486              1              1
            107            476            498            500            478            487            499            489            477            488              1              1
            108            478            500            502            480            489            501            491            479            490              1              1
            109            480            502            504            482            491            503            493            481            492              1              1
            110            482            504            506            484            493            505            495            483            494              1              1
            111            496            518            520            498            507            519            509            497            508              1              1
            112            498            520            522            500            509            521            511            499            510              1              1
            113            500            522            524            502            511            523            513            501            512              1              1
            114            502            524            526            504            513            525            515            503            514              1              1
            115            504            526            528            506            515            527            517            505            516              1              1
            116            518            540            542            520            529            541            531            519            530              1              1
            117            520            542            544            522            531            543            533            521            532              1              1
            118            522            544            546            524            533            545            535            523            534              1              1
            119            524            546            548            526            535            547            537            525            536              1              1
            120            526            548            550            528            537            549            539            527            538              1              1
            121            540            562            564            542            551            563            553            541            552              1              1
            122            542            564            566            544            553            565            555            543            554              1              1
            123            544            566            568            546            555            567            557            545            556              1              1
            124            546            568            570            548            557            569            559            547            558              1              1
            125            548            570            572            550            559            571            561            549            560              1              1
            126            562            584            586            564            573            585            575            563            574              1              1
            127            564            586            588            566            575            587            577            565            576              1              1
            128            566            588            590            568            577            589            579            567            578              1              1
            129            568            590            592            570            579            591            581            569            580              1              1
            130            570            592            594            572            581            593            583            571            582              1              1
            131            584            606            608            586            595            607            597            585            596              1              1
            132            586            608            610            588            597            609            599            587            598              1              1
            133            588            610            612            590            599            611            601            589            600              1              1
            134            590            612            614            592            601            613            603            591            602              1              1
            135            592            614            616            594            603            615            605            593            604              1              1
            136            606            628            630            608            617            629            619            607            618              1              1
            137            608            630            632            610            619            631            621            609            620              1              1
            138            610            632            634            612            621            633            623            611            622              1              1
            139            612            634            636            614            623            635            625            613            624              1              1
            140            614            636            638            616            625            637            627            615            626              1              1
            141            628            650            652            630            639            651            641            629            640              1              1
            142            630            652            654            632            641            653            643            631            642              1              1
            143            632            654            656            634            643            655            645            633            644              1              1
            144            634            656            658            636            645            657            647            635            646              1              1
            145            636            658            660            638            647            659            649            637            648              1              1
            146            650            672            674            652            661            673            663            651            662              1              1
            147            652            674            676            654            663            675            665            653            664              1              1
            148            654            676            678            656            665            677            667            655            666              1              1
            149            656            678            680            658            667            679            669            657            668              1              1
            150            658            680            682            660            669            681            671            659            670              1              1
            151            672            694            696            674            683            695            685            673            684              1              1
            152            674            696            698            676            685            697            687            675            686              1              1
            153            676            698            700            678            687            699            689            677            688              1              1
            154            678            700            702            680            689            701            691            679            690              1              1
            155            680            702            704            682            691            703            693            681            692              1              1
            156            694            716            718            696            705            717            707            695            706              1              1
            157            696            718            720            698            707            719            709            697            708              1              1
            158            698            720            722            700            709            721            711            699            710              1              1
            159            700            722            724            702            711            723            713            701            712              1              1
            160            702            724            726            704            713            725            715            703            714              1              1
            161            716            738            740            718            727            739            729            717            728              1              1
            162            718            740            742            720            729            741            731            719            730              1              1
            163            720            742            744            722            731            743            733            721            732              1              1
            164            722            744            746            724            733            745            735            723            734              1              1
            165            724            746            748            726            735            747            737            725            736              1              1
            166            738            760            762            740            749            761            751            739            750              1              1
            167            740            762            764            742            751            763            753            741            752              1              1
            168            742            764            766            744            753            765            755            743            754              1              1
            169            744            766            768            746            755            767            757            745            756              1              1
            170            746            768            770            748            757            769            759            747            758              1              1
            171            760            782            784            762            771            783            773            761            772              1              1
            172            762            784            786            764            773            785            775            763            774              1              1
            173            764            786            788            766            775            787            777            765            776              1              1
            174            766            788            790            768            777            789            779            767            778              1              1
            175            768            790            792            770            779            791            781            769            780              1              1
            176            782            804            806            784            793            805            795            783            794              1              1
            177            784            806            808            786            795            807            797            785            796              1              1
            178            786            808            810            788            797            809            799            787            798              1              1
            179            788            810            812            790            799            811            801            789            800              1              1
            180            790            812            814            792            801            813            803            791            802              1              1
            181            804            826            828            806            815            827            817            805            816              1              1
            182            806            828            830            808            817            829            819            807            818              1              1
            183            808            830            832            810            819            831            821            809            820              1              1
            184            810            832            834            812            821            833            823            811            822              1              1
            185            812            834            836            814            823            835            825            813            824              1              1
            186            826            848            850            828            837            849            839            827            838              1              1
            187            828            850            852            830            839            851            841            829            840              1              1
            188            830            852            854            832            841            853            843            831            842              1              1
            189            832            854            856            834            843            855            845            833            844              1              1
            190            834            856            858            836            845            857            847            835            846              1              1
            191            848            870            872            850            859            871            861            849            860              1              1
            192            850            872            874            852            861            873            863            851            862              1              1
            193            852            874            876            854            863            875            865            853            864              1              1
            194            854            876            878            856            865            877            867            855            866              1              1
            195            856            878            880            858            867            879            869            857            868              1              1
            196            870            892            894            872            881            893            883            871            882              1              1
            197            872            894            896            874            883            895            885            873            884              1              1
            198            874            896            898            876            885            897            887            875            886              1              1
            199            876            898            900            878            887            899            889            877            888              1              1
            200            878            900            902            880            889            901            891            879            890              1              1
       0      0      0      0      0      0      0      0      0      0      0      0
