Analysis for,q9 combined geometry  574   nodes  120    elements

   5.000000000000000E-06
  574    2
    1  -2.500000000000000E-01   3.125488433896706E-03
    2  -2.500000000000000E-01   2.812548843389706E-02
    3  -2.500000000000000E-01   5.312548843389742E-02
    4  -2.500000000000000E-01   7.812548843389600E-02
    5  -2.500000000000000E-01   1.031254884338964E-01
    6  -2.500000000000000E-01   1.281254884338967E-01
    7  -2.500000000000000E-01   1.531254884338971E-01
    8  -2.500000000000000E-01   1.781254884338974E-01
    9  -2.500000000000000E-01   2.031254884338960E-01
   10  -2.500000000000000E-01   2.281254884338964E-01
   11  -2.500000000000000E-01   2.531254884338967E-01
   12  -2.375000000000000E-01   2.820710320335706E-03
   13  -2.375000000000000E-01   2.785118813169163E-02
   14  -2.375000000000000E-01   5.288166594304933E-02
   15  -2.375000000000000E-01   7.791214375440347E-02
   16  -2.375000000000000E-01   1.029426215657594E-01
   17  -2.375000000000000E-01   1.279730993771153E-01
   18  -2.375000000000000E-01   1.530035771884730E-01
   19  -2.375000000000000E-01   1.780340549998289E-01
   20  -2.375000000000000E-01   2.030645328111831E-01
   21  -2.375000000000000E-01   2.280950106225408E-01
   22  -2.375000000000000E-01   2.531254884338967E-01
   23  -2.250000000000000E-01   2.531570442444675E-03
   24  -2.250000000000000E-01   2.759096224158952E-02
   25  -2.250000000000000E-01   5.265035404073615E-02
   26  -2.250000000000000E-01   7.770974583987922E-02
   27  -2.250000000000000E-01   1.027691376390258E-01
   28  -2.250000000000000E-01   1.278285294381707E-01
   29  -2.250000000000000E-01   1.528879212373155E-01
   30  -2.250000000000000E-01   1.779473130364622E-01
   31  -2.250000000000000E-01   2.030067048356052E-01
   32  -2.250000000000000E-01   2.280660966347519E-01
   33  -2.250000000000000E-01   2.531254884338967E-01
   34  -2.125000000000000E-01   2.258067443429823E-03
   35  -2.125000000000000E-01   2.734480954247687E-02
   36  -2.125000000000000E-01   5.243155164152391E-02
   37  -2.125000000000000E-01   7.751829374056918E-02
   38  -2.125000000000000E-01   1.026050358396162E-01
   39  -2.125000000000000E-01   1.276917779386633E-01
   40  -2.125000000000000E-01   1.527785200377103E-01
   41  -2.125000000000000E-01   1.778652621367574E-01
   42  -2.125000000000000E-01   2.029520042358026E-01
   43  -2.125000000000000E-01   2.280387463348497E-01
   44  -2.125000000000000E-01   2.531254884338967E-01
   45  -2.000000000000000E-01   2.000200040010114E-03
   46  -2.000000000000000E-01   2.711272887939842E-02
   47  -2.000000000000000E-01   5.222525771878850E-02
   48  -2.000000000000000E-01   7.733778655817503E-02
   49  -2.000000000000000E-01   1.024503153975651E-01
   50  -2.000000000000000E-01   1.275628442369534E-01
   51  -2.000000000000000E-01   1.526753730763417E-01
   52  -2.000000000000000E-01   1.777879019157318E-01
   53  -2.000000000000000E-01   2.029004307551183E-01
   54  -2.000000000000000E-01   2.280129595945084E-01
   55  -2.000000000000000E-01   2.531254884338967E-01
   56  -1.875000000000000E-01   1.757967022403051E-03
   57  -1.875000000000000E-01   2.689471916355224E-02
   58  -1.875000000000000E-01   5.203147130470320E-02
   59  -1.875000000000000E-01   7.716822344585061E-02
   60  -1.875000000000000E-01   1.023049755869998E-01
   61  -1.875000000000000E-01   1.274417277281508E-01
   62  -1.875000000000000E-01   1.525784798693000E-01
   63  -1.875000000000000E-01   1.777152320104491E-01
   64  -1.875000000000000E-01   2.028519841515966E-01
   65  -1.875000000000000E-01   2.279887362927475E-01
   66  -1.875000000000000E-01   2.531254884338967E-01
   67  -1.750000000000000E-01   1.531367254283822E-03
   68  -1.750000000000000E-01   2.669077937224529E-02
   69  -1.750000000000000E-01   5.185019149020675E-02
   70  -1.750000000000000E-01   7.700960360816644E-02
   71  -1.750000000000000E-01   1.021690157261279E-01
   72  -1.750000000000000E-01   1.273284278440912E-01
   73  -1.750000000000000E-01   1.524878399620526E-01
   74  -1.750000000000000E-01   1.776472520800141E-01
   75  -1.750000000000000E-01   2.028066641979738E-01
   76  -1.750000000000000E-01   2.279660763159352E-01
   77  -1.750000000000000E-01   2.531254884338967E-01
   78  -1.625000000000000E-01   1.320399672763983E-03
   79  -1.625000000000000E-01   2.650090854887743E-02
   80  -1.625000000000000E-01   5.168141742499088E-02
   81  -1.625000000000000E-01   7.686192630110256E-02
   82  -1.625000000000000E-01   1.020424351772160E-01
   83  -1.625000000000000E-01   1.272229440533295E-01
   84  -1.625000000000000E-01   1.524034529294447E-01
   85  -1.625000000000000E-01   1.775839618055581E-01
   86  -1.625000000000000E-01   2.027644706816698E-01
   87  -1.625000000000000E-01   2.279449795577833E-01
   88  -1.625000000000000E-01   2.531254884338967E-01
   89  -1.500000000000000E-01   1.125063288370143E-03
   90  -1.500000000000000E-01   2.632510580292369E-02
   91  -1.500000000000000E-01   5.152514831747546E-02
   92  -1.500000000000000E-01   7.672519083202722E-02
   93  -1.500000000000000E-01   1.019252333465808E-01
   94  -1.500000000000000E-01   1.271252758611325E-01
   95  -1.500000000000000E-01   1.523253183756861E-01
   96  -1.500000000000000E-01   1.775253608902396E-01
   97  -1.500000000000000E-01   2.027254034047914E-01
   98  -1.500000000000000E-01   2.279254459193432E-01
   99  -1.500000000000000E-01   2.531254884338967E-01
  100  -1.375000000000000E-01   9.453571850102094E-04
  101  -1.375000000000000E-01   2.616337030989868E-02
  102  -1.375000000000000E-01   5.138138343478893E-02
  103  -1.375000000000000E-01   7.659939655967563E-02
  104  -1.375000000000000E-01   1.018174096845641E-01
  105  -1.375000000000000E-01   1.270354228094526E-01
  106  -1.375000000000000E-01   1.522534359343428E-01
  107  -1.375000000000000E-01   1.774714490592313E-01
  108  -1.375000000000000E-01   2.026894621841180E-01
  109  -1.375000000000000E-01   2.279074753090082E-01
  110  -1.375000000000000E-01   2.531254884338967E-01
  111  -1.250000000000000E-01   7.812805199627348E-04
  112  -1.250000000000000E-01   2.601570131135666E-02
  113  -1.250000000000000E-01   5.125012210275059E-02
  114  -1.250000000000000E-01   7.648454289414275E-02
  115  -1.250000000000000E-01   1.017189636855367E-01
  116  -1.250000000000000E-01   1.269533844769306E-01
  117  -1.250000000000000E-01   1.521878052683228E-01
  118  -1.250000000000000E-01   1.774222260597167E-01
  119  -1.250000000000000E-01   2.026566468511088E-01
  120  -1.250000000000000E-01   2.278910676425028E-01
  121  -1.250000000000000E-01   2.531254884338967E-01
  122  -1.125000000000000E-01   6.328325238502686E-04
  123  -1.125000000000000E-01   2.588209811485598E-02
  124  -1.125000000000000E-01   5.113136370585991E-02
  125  -1.125000000000000E-01   7.638062929686384E-02
  126  -1.125000000000000E-01   1.016298948878678E-01
  127  -1.125000000000000E-01   1.268791604788735E-01
  128  -1.125000000000000E-01   1.521284260698792E-01
  129  -1.125000000000000E-01   1.773776916608831E-01
  130  -1.125000000000000E-01   2.026269572518871E-01
  131  -1.125000000000000E-01   2.278762228428910E-01
  132  -1.125000000000000E-01   2.531254884338967E-01
  133  -9.999999999999998E-02   5.000125006251466E-04
  134  -9.999999999999998E-02   2.576256009395195E-02
  135  -9.999999999999998E-02   5.102510768728052E-02
  136  -9.999999999999998E-02   7.628765528060555E-02
  137  -9.999999999999998E-02   1.015502028739341E-01
  138  -9.999999999999998E-02   1.268127504672609E-01
  139  -9.999999999999998E-02   1.520752980605877E-01
  140  -9.999999999999998E-02   1.773378456539163E-01
  141  -9.999999999999998E-02   2.026003932472413E-01
  142  -9.999999999999998E-02   2.278629408405699E-01
  143  -9.999999999999998E-02   2.531254884338967E-01
  144  -8.749999999999999E-02   3.828198275517281E-04
  145  -8.749999999999999E-02   2.565708668818623E-02
  146  -8.749999999999999E-02   5.093135354882072E-02
  147  -8.749999999999999E-02   7.620562040945522E-02
  148  -8.749999999999999E-02   1.014798872700897E-01
  149  -8.749999999999999E-02   1.267541541307242E-01
  150  -8.749999999999999E-02   1.520284209913587E-01
  151  -8.749999999999999E-02   1.773026878519932E-01
  152  -8.749999999999999E-02   2.025769547126277E-01
  153  -8.749999999999999E-02   2.278512215732622E-01
  154  -8.749999999999999E-02   2.531254884338967E-01
  155  -7.499999999999998E-02   2.812539551886317E-04
  156  -7.499999999999998E-02   2.556567740306015E-02
  157  -7.499999999999998E-02   5.085010085093167E-02
  158  -7.499999999999998E-02   7.613452429879963E-02
  159  -7.499999999999998E-02   1.014189477466712E-01
  160  -7.499999999999998E-02   1.267033711945427E-01
  161  -7.499999999999998E-02   1.519877946424142E-01
  162  -7.499999999999998E-02   1.772722180902857E-01
  163  -7.499999999999998E-02   2.025566415381537E-01
  164  -7.499999999999998E-02   2.278410649860252E-01
  165  -7.499999999999998E-02   2.531254884338967E-01
  166  -6.250000000000000E-02   1.953144073851831E-04
  167  -6.250000000000000E-02   2.548833181003651E-02
  168  -6.250000000000000E-02   5.078134921268784E-02
  169  -6.250000000000000E-02   7.607436661533740E-02
  170  -6.250000000000000E-02   1.013673840179887E-01
  171  -6.250000000000000E-02   1.266604014206401E-01
  172  -6.250000000000000E-02   1.519534188232932E-01
  173  -6.250000000000000E-02   1.772464362259445E-01
  174  -6.250000000000000E-02   2.025394536285940E-01
  175  -6.250000000000000E-02   2.278324710312454E-01
  176  -6.250000000000000E-02   2.531254884338967E-01
  177  -4.999999999999999E-02   1.250007812600984E-04
  178  -4.999999999999999E-02   2.542504954652358E-02
  179  -4.999999999999999E-02   5.072509831178884E-02
  180  -4.999999999999999E-02   7.602514707705055E-02
  181  -4.999999999999999E-02   1.013251958423140E-01
  182  -4.999999999999999E-02   1.266252446075775E-01
  183  -4.999999999999999E-02   1.519252933728428E-01
  184  -4.999999999999999E-02   1.772253421381063E-01
  185  -4.999999999999999E-02   2.025253909033680E-01
  186  -4.999999999999999E-02   2.278254396686332E-01
  187  -4.999999999999999E-02   2.531254884338967E-01
  188  -3.749999999999998E-02   7.031274719437874E-05
  189  -3.749999999999998E-02   2.537583031586443E-02
  190  -3.749999999999998E-02   5.068134788453627E-02
  191  -3.749999999999998E-02   7.598686545320454E-02
  192  -3.749999999999998E-02   1.012923830218746E-01
  193  -3.749999999999998E-02   1.265979005905464E-01
  194  -3.749999999999998E-02   1.519034181592165E-01
  195  -3.749999999999998E-02   1.772089357278865E-01
  196  -3.749999999999998E-02   2.025144532965548E-01
  197  -3.749999999999998E-02   2.278199708652267E-01
  198  -3.749999999999998E-02   2.531254884338967E-01
  199  -2.499999999999999E-02   3.125004882775784E-05
  200  -2.499999999999999E-02   2.534067388733519E-02
  201  -2.499999999999999E-02   5.065009772584261E-02
  202  -2.499999999999999E-02   7.595952156434826E-02
  203  -2.499999999999999E-02   1.012689454028557E-01
  204  -2.499999999999999E-02   1.265783692413613E-01
  205  -2.499999999999999E-02   1.518877930798688E-01
  206  -2.499999999999999E-02   1.771972169183762E-01
  207  -2.499999999999999E-02   2.025066407568819E-01
  208  -2.499999999999999E-02   2.278160645953893E-01
  209  -2.499999999999999E-02   2.531254884338967E-01
  210  -1.249999999999998E-02   7.812503051596309E-06
  211  -1.249999999999998E-02   2.531958009613611E-02
  212  -1.249999999999998E-02   5.063134768922062E-02
  213  -1.249999999999998E-02   7.594311528230513E-02
  214  -1.249999999999998E-02   1.012548828753896E-01
  215  -1.249999999999998E-02   1.265666504684742E-01
  216  -1.249999999999998E-02   1.518784180615587E-01
  217  -1.249999999999998E-02   1.771901856546432E-01
  218  -1.249999999999998E-02   2.025019532477277E-01
  219  -1.249999999999998E-02   2.278137208408122E-01
  220  -1.249999999999998E-02   2.531254884338967E-01
  221   0.000000000000000E+00   0.000000000000000E+00
  222   0.000000000000000E+00   2.531254884338985E-02
  223   0.000000000000000E+00   5.062509768677970E-02
  224   0.000000000000000E+00   7.593764653016777E-02
  225   0.000000000000000E+00   1.012501953735576E-01
  226   0.000000000000000E+00   1.265627442169475E-01
  227   0.000000000000000E+00   1.518752930603391E-01
  228   0.000000000000000E+00   1.771878419037289E-01
  229   0.000000000000000E+00   2.025003907471170E-01
  230   0.000000000000000E+00   2.278129395905069E-01
  231   0.000000000000000E+00   2.531254884338967E-01
  232   1.250000000000001E-02   7.812503051596309E-06
  233   1.250000000000001E-02   2.531958009613611E-02
  234   1.250000000000001E-02   5.063134768922062E-02
  235   1.250000000000001E-02   7.594311528230513E-02
  236   1.250000000000001E-02   1.012548828753896E-01
  237   1.250000000000001E-02   1.265666504684742E-01
  238   1.250000000000001E-02   1.518784180615587E-01
  239   1.250000000000001E-02   1.771901856546432E-01
  240   1.250000000000001E-02   2.025019532477277E-01
  241   1.250000000000001E-02   2.278137208408122E-01
  242   1.250000000000001E-02   2.531254884338967E-01
  243   2.500000000000002E-02   3.125004882775784E-05
  244   2.500000000000002E-02   2.534067388733519E-02
  245   2.500000000000002E-02   5.065009772584261E-02
  246   2.500000000000002E-02   7.595952156434826E-02
  247   2.500000000000002E-02   1.012689454028557E-01
  248   2.500000000000002E-02   1.265783692413613E-01
  249   2.500000000000002E-02   1.518877930798688E-01
  250   2.500000000000002E-02   1.771972169183762E-01
  251   2.500000000000002E-02   2.025066407568819E-01
  252   2.500000000000002E-02   2.278160645953893E-01
  253   2.500000000000002E-02   2.531254884338967E-01
  254   3.750000000000003E-02   7.031274719437874E-05
  255   3.750000000000003E-02   2.537583031586443E-02
  256   3.750000000000003E-02   5.068134788453627E-02
  257   3.750000000000003E-02   7.598686545320454E-02
  258   3.750000000000003E-02   1.012923830218746E-01
  259   3.750000000000003E-02   1.265979005905464E-01
  260   3.750000000000003E-02   1.519034181592165E-01
  261   3.750000000000003E-02   1.772089357278865E-01
  262   3.750000000000003E-02   2.025144532965548E-01
  263   3.750000000000003E-02   2.278199708652267E-01
  264   3.750000000000003E-02   2.531254884338967E-01
  265   5.000000000000004E-02   1.250007812600984E-04
  266   5.000000000000004E-02   2.542504954652358E-02
  267   5.000000000000004E-02   5.072509831178884E-02
  268   5.000000000000004E-02   7.602514707705055E-02
  269   5.000000000000004E-02   1.013251958423140E-01
  270   5.000000000000004E-02   1.266252446075775E-01
  271   5.000000000000004E-02   1.519252933728428E-01
  272   5.000000000000004E-02   1.772253421381063E-01
  273   5.000000000000004E-02   2.025253909033680E-01
  274   5.000000000000004E-02   2.278254396686332E-01
  275   5.000000000000004E-02   2.531254884338967E-01
  276   6.250000000000000E-02   1.953144073851831E-04
  277   6.250000000000000E-02   2.548833181003651E-02
  278   6.250000000000000E-02   5.078134921268784E-02
  279   6.250000000000000E-02   7.607436661533740E-02
  280   6.250000000000000E-02   1.013673840179887E-01
  281   6.250000000000000E-02   1.266604014206401E-01
  282   6.250000000000000E-02   1.519534188232932E-01
  283   6.250000000000000E-02   1.772464362259445E-01
  284   6.250000000000000E-02   2.025394536285940E-01
  285   6.250000000000000E-02   2.278324710312454E-01
  286   6.250000000000000E-02   2.531254884338967E-01
  287   7.500000000000001E-02   2.812539551886317E-04
  288   7.500000000000001E-02   2.556567740306015E-02
  289   7.500000000000001E-02   5.085010085093167E-02
  290   7.500000000000001E-02   7.613452429879963E-02
  291   7.500000000000001E-02   1.014189477466712E-01
  292   7.500000000000001E-02   1.267033711945427E-01
  293   7.500000000000001E-02   1.519877946424142E-01
  294   7.500000000000001E-02   1.772722180902857E-01
  295   7.500000000000001E-02   2.025566415381537E-01
  296   7.500000000000001E-02   2.278410649860252E-01
  297   7.500000000000001E-02   2.531254884338967E-01
  298   8.750000000000002E-02   3.828198275517281E-04
  299   8.750000000000002E-02   2.565708668818623E-02
  300   8.750000000000002E-02   5.093135354882072E-02
  301   8.750000000000002E-02   7.620562040945522E-02
  302   8.750000000000002E-02   1.014798872700897E-01
  303   8.750000000000002E-02   1.267541541307242E-01
  304   8.750000000000002E-02   1.520284209913587E-01
  305   8.750000000000002E-02   1.773026878519932E-01
  306   8.750000000000002E-02   2.025769547126277E-01
  307   8.750000000000002E-02   2.278512215732622E-01
  308   8.750000000000002E-02   2.531254884338967E-01
  309   1.000000000000000E-01   5.000125006251466E-04
  310   1.000000000000000E-01   2.576256009395195E-02
  311   1.000000000000000E-01   5.102510768728052E-02
  312   1.000000000000000E-01   7.628765528060555E-02
  313   1.000000000000000E-01   1.015502028739341E-01
  314   1.000000000000000E-01   1.268127504672609E-01
  315   1.000000000000000E-01   1.520752980605877E-01
  316   1.000000000000000E-01   1.773378456539163E-01
  317   1.000000000000000E-01   2.026003932472413E-01
  318   1.000000000000000E-01   2.278629408405699E-01
  319   1.000000000000000E-01   2.531254884338967E-01
  320   1.125000000000000E-01   6.328325238502686E-04
  321   1.125000000000000E-01   2.588209811485598E-02
  322   1.125000000000000E-01   5.113136370585991E-02
  323   1.125000000000000E-01   7.638062929686384E-02
  324   1.125000000000000E-01   1.016298948878678E-01
  325   1.125000000000000E-01   1.268791604788735E-01
  326   1.125000000000000E-01   1.521284260698792E-01
  327   1.125000000000000E-01   1.773776916608831E-01
  328   1.125000000000000E-01   2.026269572518871E-01
  329   1.125000000000000E-01   2.278762228428910E-01
  330   1.125000000000000E-01   2.531254884338967E-01
  331   1.250000000000000E-01   7.812805199627348E-04
  332   1.250000000000000E-01   2.601570131135666E-02
  333   1.250000000000000E-01   5.125012210275059E-02
  334   1.250000000000000E-01   7.648454289414275E-02
  335   1.250000000000000E-01   1.017189636855367E-01
  336   1.250000000000000E-01   1.269533844769306E-01
  337   1.250000000000000E-01   1.521878052683228E-01
  338   1.250000000000000E-01   1.774222260597167E-01
  339   1.250000000000000E-01   2.026566468511088E-01
  340   1.250000000000000E-01   2.278910676425028E-01
  341   1.250000000000000E-01   2.531254884338967E-01
  342   1.375000000000000E-01   9.453571850102094E-04
  343   1.375000000000000E-01   2.616337030989868E-02
  344   1.375000000000000E-01   5.138138343478893E-02
  345   1.375000000000000E-01   7.659939655967563E-02
  346   1.375000000000000E-01   1.018174096845641E-01
  347   1.375000000000000E-01   1.270354228094526E-01
  348   1.375000000000000E-01   1.522534359343428E-01
  349   1.375000000000000E-01   1.774714490592313E-01
  350   1.375000000000000E-01   2.026894621841180E-01
  351   1.375000000000000E-01   2.279074753090082E-01
  352   1.375000000000000E-01   2.531254884338967E-01
  353   1.500000000000000E-01   1.125063288370143E-03
  354   1.500000000000000E-01   2.632510580292369E-02
  355   1.500000000000000E-01   5.152514831747546E-02
  356   1.500000000000000E-01   7.672519083202722E-02
  357   1.500000000000000E-01   1.019252333465808E-01
  358   1.500000000000000E-01   1.271252758611325E-01
  359   1.500000000000000E-01   1.523253183756861E-01
  360   1.500000000000000E-01   1.775253608902396E-01
  361   1.500000000000000E-01   2.027254034047914E-01
  362   1.500000000000000E-01   2.279254459193432E-01
  363   1.500000000000000E-01   2.531254884338967E-01
  364   1.625000000000000E-01   1.320399672763983E-03
  365   1.625000000000000E-01   2.650090854887743E-02
  366   1.625000000000000E-01   5.168141742499088E-02
  367   1.625000000000000E-01   7.686192630110256E-02
  368   1.625000000000000E-01   1.020424351772160E-01
  369   1.625000000000000E-01   1.272229440533295E-01
  370   1.625000000000000E-01   1.524034529294447E-01
  371   1.625000000000000E-01   1.775839618055581E-01
  372   1.625000000000000E-01   2.027644706816698E-01
  373   1.625000000000000E-01   2.279449795577833E-01
  374   1.625000000000000E-01   2.531254884338967E-01
  375   1.750000000000000E-01   1.531367254283822E-03
  376   1.750000000000000E-01   2.669077937224529E-02
  377   1.750000000000000E-01   5.185019149020675E-02
  378   1.750000000000000E-01   7.700960360816644E-02
  379   1.750000000000000E-01   1.021690157261279E-01
  380   1.750000000000000E-01   1.273284278440912E-01
  381   1.750000000000000E-01   1.524878399620526E-01
  382   1.750000000000000E-01   1.776472520800141E-01
  383   1.750000000000000E-01   2.028066641979738E-01
  384   1.750000000000000E-01   2.279660763159352E-01
  385   1.750000000000000E-01   2.531254884338967E-01
  386   1.875000000000000E-01   1.757967022403051E-03
  387   1.875000000000000E-01   2.689471916355224E-02
  388   1.875000000000000E-01   5.203147130470320E-02
  389   1.875000000000000E-01   7.716822344585061E-02
  390   1.875000000000000E-01   1.023049755869998E-01
  391   1.875000000000000E-01   1.274417277281508E-01
  392   1.875000000000000E-01   1.525784798693000E-01
  393   1.875000000000000E-01   1.777152320104491E-01
  394   1.875000000000000E-01   2.028519841515966E-01
  395   1.875000000000000E-01   2.279887362927475E-01
  396   1.875000000000000E-01   2.531254884338967E-01
  397   2.000000000000000E-01   2.000200040010114E-03
  398   2.000000000000000E-01   2.711272887939842E-02
  399   2.000000000000000E-01   5.222525771878850E-02
  400   2.000000000000000E-01   7.733778655817503E-02
  401   2.000000000000000E-01   1.024503153975651E-01
  402   2.000000000000000E-01   1.275628442369534E-01
  403   2.000000000000000E-01   1.526753730763417E-01
  404   2.000000000000000E-01   1.777879019157318E-01
  405   2.000000000000000E-01   2.029004307551183E-01
  406   2.000000000000000E-01   2.280129595945084E-01
  407   2.000000000000000E-01   2.531254884338967E-01
  408   2.125000000000000E-01   2.258067443429823E-03
  409   2.125000000000000E-01   2.734480954247687E-02
  410   2.125000000000000E-01   5.243155164152391E-02
  411   2.125000000000000E-01   7.751829374056918E-02
  412   2.125000000000000E-01   1.026050358396162E-01
  413   2.125000000000000E-01   1.276917779386633E-01
  414   2.125000000000000E-01   1.527785200377103E-01
  415   2.125000000000000E-01   1.778652621367574E-01
  416   2.125000000000000E-01   2.029520042358026E-01
  417   2.125000000000000E-01   2.280387463348497E-01
  418   2.125000000000000E-01   2.531254884338967E-01
  419   2.250000000000000E-01   2.531570442444675E-03
  420   2.250000000000000E-01   2.759096224158952E-02
  421   2.250000000000000E-01   5.265035404073615E-02
  422   2.250000000000000E-01   7.770974583987922E-02
  423   2.250000000000000E-01   1.027691376390258E-01
  424   2.250000000000000E-01   1.278285294381707E-01
  425   2.250000000000000E-01   1.528879212373155E-01
  426   2.250000000000000E-01   1.779473130364622E-01
  427   2.250000000000000E-01   2.030067048356052E-01
  428   2.250000000000000E-01   2.280660966347519E-01
  429   2.250000000000000E-01   2.531254884338967E-01
  430   2.375000000000000E-01   2.820710320335706E-03
  431   2.375000000000000E-01   2.785118813169163E-02
  432   2.375000000000000E-01   5.288166594304933E-02
  433   2.375000000000000E-01   7.791214375440347E-02
  434   2.375000000000000E-01   1.029426215657594E-01
  435   2.375000000000000E-01   1.279730993771153E-01
  436   2.375000000000000E-01   1.530035771884730E-01
  437   2.375000000000000E-01   1.780340549998289E-01
  438   2.375000000000000E-01   2.030645328111831E-01
  439   2.375000000000000E-01   2.280950106225408E-01
  440   2.375000000000000E-01   2.531254884338967E-01
  441   2.500000000000000E-01   3.125488433896706E-03
  442   2.500000000000000E-01   2.812548843389706E-02
  443   2.500000000000000E-01   5.312548843389742E-02
  444   2.500000000000000E-01   7.812548843389600E-02
  445   2.500000000000000E-01   1.031254884338964E-01
  446   2.500000000000000E-01   1.281254884338967E-01
  447   2.500000000000000E-01   1.531254884338971E-01
  448   2.500000000000000E-01   1.781254884338974E-01
  449   2.500000000000000E-01   2.031254884338960E-01
  450   2.500000000000000E-01   2.281254884338964E-01
  451   2.500000000000000E-01   2.531254884338967E-01
  452  -1.294095284438187E+00  -1.723708843437208E-01
  453  -1.294354103495075E+00  -1.714049585205899E-01
  454  -1.294612922551962E+00  -1.704390326974590E-01
  455  -1.230766524781645E+00  -1.558454644140363E-01
  456  -1.231012676962163E+00  -1.548762376863024E-01
  457  -1.231258831827464E+00  -1.539070013251918E-01
  458  -1.167226876890825E+00  -1.401504168451355E-01
  459  -1.167460323874887E+00  -1.391780445891513E-01
  460  -1.167693769893023E+00  -1.382056720743474E-01
  461  -1.103487234098333E+00  -1.252884120305522E-01
  462  -1.103707931616731E+00  -1.243130687341321E-01
  463  -1.103928630101054E+00  -1.233377256965289E-01
  464  -1.039558512990872E+00  -1.112620127143549E-01
  465  -1.039766424771773E+00  -1.102838646554405E-01
  466  -1.039974336552673E+00  -1.093057165965252E-01
  467  -9.754516710436140E-01  -9.807360624693207E-02
  468  -9.756467617811095E-01  -9.709281996228558E-02
  469  -9.758418499304147E-01  -9.611204333689560E-02
  470  -9.111776874403437E-01  -8.572547191510083E-02
  471  -9.113599237603791E-01  -8.474221445912100E-02
  472  -9.115421574922238E-01  -8.375896666239857E-02
  473  -8.467475802248721E-01  -7.421971306847386E-02
  474  -8.469169280970525E-01  -7.323416167245700E-02
  475  -8.470862785574238E-01  -7.224860061718097E-02
  476  -7.821723865985991E-01  -6.355830360402326E-02
  477  -7.823288200666889E-01  -6.257061695720623E-02
  478  -7.824852545007046E-01  -6.158293056920705E-02
  479  -7.174631693724085E-01  -5.374307934209632E-02
  480  -7.176066618238327E-01  -5.275342631061086E-02
  481  -7.177501552411830E-01  -5.176377353794415E-02
  482  -6.526310224898016E-01  -4.477569809528603E-02
  483  -6.527615476215721E-01  -4.378425798098196E-02
  484  -6.528920753415334E-01  -4.279280820741960E-02
  485  -5.876870467672554E-01  -3.665772634293685E-02
  486  -5.878045860409561E-01  -3.566464946988823E-02
  487  -5.879221236923922E-01  -3.467158251491576E-02
  488  -5.226423764324678E-01  -2.939053246167056E-02
  489  -5.227469048206234E-01  -2.839600882625870E-02
  490  -5.228514341747049E-01  -2.740148544966470E-02
  491  -4.575081555210553E-01  -2.297536322298654E-02
  492  -4.575996551044236E-01  -2.197956402071544E-02
  493  -4.576911582419083E-01  -2.098375541800568E-02
  494  -3.922955404647440E-01  -1.741333413400881E-02
  495  -3.923739978441246E-01  -1.641642141876343E-02
  496  -3.924524578116958E-01  -1.541949904426065E-02
  497  -3.270157065804281E-01  -1.270538976517699E-02
  498  -3.270811112543983E-01  -1.170752636729944E-02
  499  -3.271465123742522E-01  -1.070967236986142E-02
  500  -2.616798451352276E-01  -8.852334022114938E-03
  501  -2.617321736985769E-01  -7.853700019911258E-03
  502  -2.617845119211841E-01  -6.855068605896797E-03
  503  -1.962991343687133E-01  -5.854822381058611E-03
  504  -1.963384007777509E-01  -4.855597511060239E-03
  505  -1.963776601157212E-01  -3.856360393614366E-03
  506  -1.308848013121591E-01  -3.713378453277016E-03
  507  -1.309109834743531E-01  -2.713722439999344E-03
  508  -1.309371559772889E-01  -1.714063838530677E-03
  509  -6.544803454563275E-02  -2.428360255643192E-03
  510  -6.546112709877638E-02  -1.428447659236554E-03
  511  -6.547421965192002E-02  -4.285350628290274E-04
  512  -5.629567900733434E-08  -2.000000234668953E-03
  513  -6.612501390890202E-08  -9.999985442190606E-04
  514  -6.370689997758916E-08  -3.924836455837521E-09
  515   6.544791809640005E-02  -2.428363347785734E-03
  516   6.546100601233862E-02  -1.428444535252815E-03
  517   6.547409651646796E-02  -4.285353819781790E-04
  518   1.308846782798569E-01  -3.713378629301545E-03
  519   1.309108596440178E-01  -2.713719843029594E-03
  520   1.309370313489202E-01  -1.714063644948638E-03
  521   1.962990137181195E-01  -5.854819871893291E-03
  522   1.963382816452603E-01  -4.855588600966243E-03
  523   1.963775399131427E-01  -3.856359918229302E-03
  524   2.616797188651703E-01  -8.852324945114454E-03
  525   2.617320568107908E-01  -7.853691266808127E-03
  526   2.617843973446019E-01  -6.855067247760083E-03
  527   3.270155879891670E-01  -1.270537647688563E-02
  528   3.270809916562156E-01  -1.170751753954224E-02
  529   3.271463953232645E-01  -1.070965860219797E-02
  530   3.922954203488225E-01  -1.741332117200667E-02
  531   3.923738731927988E-01  -1.641640705290026E-02
  532   3.924523356960337E-01  -1.541949034560464E-02
  533   4.575080369237303E-01  -2.297535497651815E-02
  534   4.575995320593929E-01  -2.197955316473621E-02
  535   4.576910368543137E-01  -2.098374876476239E-02
  536   5.226422585076598E-01  -2.939051859482777E-02
  537   5.227467890497661E-01  -2.839599657945246E-02
  538   5.228513099326144E-01  -2.740147715226726E-02
  539   5.876869302034511E-01  -3.665771163183873E-02
  540   5.878044602889849E-01  -3.566464466652697E-02
  541   5.879220000337764E-01  -3.467157511302421E-02
  542   6.526308995163108E-01  -4.477568811008137E-02
  543   6.527614319192874E-01  -4.378424109572610E-02
  544   6.528919546630059E-01  -4.279279666956182E-02
  545   7.174630479197734E-01  -5.374305836439053E-02
  546   7.176065467771766E-01  -5.275340655464955E-02
  547   7.177500359753217E-01  -5.176375733309868E-02
  548   7.821722689489989E-01  -6.355828455903634E-02
  549   7.823286983978117E-01  -6.257060320756569E-02
  550   7.824851349176929E-01  -6.158290960864488E-02
  551   8.467474611297019E-01  -7.421969293516728E-02
  552   8.469168116964916E-01  -7.323413987179261E-02
  553   8.470861596750912E-01  -7.224857714915789E-02
  554   9.111775640269935E-01  -8.572545379879237E-02
  555   9.113598069198117E-01  -8.474219202972133E-02
  556   9.115420427415621E-01  -8.375894250809868E-02
  557   9.754515485861275E-01  -9.807358410897482E-02
  558   9.756466408708890E-01  -9.709280113531182E-02
  559   9.758417331556513E-01  -9.611201816164883E-02
  560   1.039558395919292E+00  -1.112619842201701E-01
  561   1.039766306215858E+00  -1.102838333888654E-01
  562   1.039974219100614E+00  -1.093056922168190E-01
  563   1.103487113342434E+00  -1.252883818213713E-01
  564   1.103707818035235E+00  -1.243130454571482E-01
  565   1.103928510480589E+00  -1.233377020218578E-01
  566   1.167226759563661E+00  -1.401503873034633E-01
  567   1.167460205365852E+00  -1.391780142703940E-01
  568   1.167693651168043E+00  -1.382056412373247E-01
  569   1.230766407247390E+00  -1.558454313207962E-01
  570   1.231012560884144E+00  -1.548762065317950E-01
  571   1.231258711932708E+00  -1.539069720835373E-01
  572   1.294095166308064E+00  -1.723708517245148E-01
  573   1.294353986739983E+00  -1.714049311147230E-01
  574   1.294612804583712E+00  -1.704390008456720E-01
3
452   454      1   1   1   0
572   574      1   1   1   0
11 ,   451,      11,   1,   0,   0
     0,      0,      0,      0 ,     0,      0
       1,     9
2.00E+7  3.00E-01,  0.00E+00,  0.00E+00,  0.00E+00,  0.00E+00,  0.00E+00,  0.00E+00,  1.00E-04
     2 ,    9
 2.00E+11  3.00E-01,  0.00E+00,  0.00E+00,  0.00E+00,  0.00E+00,  0.00E+00,  0.00E+00,  1.00E-04
       0,      0,      0,      0,      0 ,     0,      0,      0,      0


    1
   ph9_3
  120    9    9    3
              1              1             23             25              3             12             24             14              2             13              1              1
              2              3             25             27              5             14             26             16              4             15              1              1
              3              5             27             29              7             16             28             18              6             17              1              1
              4              7             29             31              9             18             30             20              8             19              1              1
              5              9             31             33             11             20             32             22             10             21              1              1
              6             23             45             47             25             34             46             36             24             35              1              1
              7             25             47             49             27             36             48             38             26             37              1              1
              8             27             49             51             29             38             50             40             28             39              1              1
              9             29             51             53             31             40             52             42             30             41              1              1
             10             31             53             55             33             42             54             44             32             43              1              1
             11             45             67             69             47             56             68             58             46             57              1              1
             12             47             69             71             49             58             70             60             48             59              1              1
             13             49             71             73             51             60             72             62             50             61              1              1
             14             51             73             75             53             62             74             64             52             63              1              1
             15             53             75             77             55             64             76             66             54             65              1              1
             16             67             89             91             69             78             90             80             68             79              1              1
             17             69             91             93             71             80             92             82             70             81              1              1
             18             71             93             95             73             82             94             84             72             83              1              1
             19             73             95             97             75             84             96             86             74             85              1              1
             20             75             97             99             77             86             98             88             76             87              1              1
             21             89            111            113             91            100            112            102             90            101              1              1
             22             91            113            115             93            102            114            104             92            103              1              1
             23             93            115            117             95            104            116            106             94            105              1              1
             24             95            117            119             97            106            118            108             96            107              1              1
             25             97            119            121             99            108            120            110             98            109              1              1
             26            111            133            135            113            122            134            124            112            123              1              1
             27            113            135            137            115            124            136            126            114            125              1              1
             28            115            137            139            117            126            138            128            116            127              1              1
             29            117            139            141            119            128            140            130            118            129              1              1
             30            119            141            143            121            130            142            132            120            131              1              1
             31            133            155            157            135            144            156            146            134            145              1              1
             32            135            157            159            137            146            158            148            136            147              1              1
             33            137            159            161            139            148            160            150            138            149              1              1
             34            139            161            163            141            150            162            152            140            151              1              1
             35            141            163            165            143            152            164            154            142            153              1              1
             36            155            177            179            157            166            178            168            156            167              1              1
             37            157            179            181            159            168            180            170            158            169              1              1
             38            159            181            183            161            170            182            172            160            171              1              1
             39            161            183            185            163            172            184            174            162            173              1              1
             40            163            185            187            165            174            186            176            164            175              1              1
             41            177            199            201            179            188            200            190            178            189              1              1
             42            179            201            203            181            190            202            192            180            191              1              1
             43            181            203            205            183            192            204            194            182            193              1              1
             44            183            205            207            185            194            206            196            184            195              1              1
             45            185            207            209            187            196            208            198            186            197              1              1
             46            199            221            223            201            210            222            212            200            211              1              1
             47            201            223            225            203            212            224            214            202            213              1              1
             48            203            225            227            205            214            226            216            204            215              1              1
             49            205            227            229            207            216            228            218            206            217              1              1
             50            207            229            231            209            218            230            220            208            219              1              1
             51            221            243            245            223            232            244            234            222            233              1              1
             52            223            245            247            225            234            246            236            224            235              1              1
             53            225            247            249            227            236            248            238            226            237              1              1
             54            227            249            251            229            238            250            240            228            239              1              1
             55            229            251            253            231            240            252            242            230            241              1              1
             56            243            265            267            245            254            266            256            244            255              1              1
             57            245            267            269            247            256            268            258            246            257              1              1
             58            247            269            271            249            258            270            260            248            259              1              1
             59            249            271            273            251            260            272            262            250            261              1              1
             60            251            273            275            253            262            274            264            252            263              1              1
             61            265            287            289            267            276            288            278            266            277              1              1
             62            267            289            291            269            278            290            280            268            279              1              1
             63            269            291            293            271            280            292            282            270            281              1              1
             64            271            293            295            273            282            294            284            272            283              1              1
             65            273            295            297            275            284            296            286            274            285              1              1
             66            287            309            311            289            298            310            300            288            299              1              1
             67            289            311            313            291            300            312            302            290            301              1              1
             68            291            313            315            293            302            314            304            292            303              1              1
             69            293            315            317            295            304            316            306            294            305              1              1
             70            295            317            319            297            306            318            308            296            307              1              1
             71            309            331            333            311            320            332            322            310            321              1              1
             72            311            333            335            313            322            334            324            312            323              1              1
             73            313            335            337            315            324            336            326            314            325              1              1
             74            315            337            339            317            326            338            328            316            327              1              1
             75            317            339            341            319            328            340            330            318            329              1              1
             76            331            353            355            333            342            354            344            332            343              1              1
             77            333            355            357            335            344            356            346            334            345              1              1
             78            335            357            359            337            346            358            348            336            347              1              1
             79            337            359            361            339            348            360            350            338            349              1              1
             80            339            361            363            341            350            362            352            340            351              1              1
             81            353            375            377            355            364            376            366            354            365              1              1
             82            355            377            379            357            366            378            368            356            367              1              1
             83            357            379            381            359            368            380            370            358            369              1              1
             84            359            381            383            361            370            382            372            360            371              1              1
             85            361            383            385            363            372            384            374            362            373              1              1
             86            375            397            399            377            386            398            388            376            387              1              1
             87            377            399            401            379            388            400            390            378            389              1              1
             88            379            401            403            381            390            402            392            380            391              1              1
             89            381            403            405            383            392            404            394            382            393              1              1
             90            383            405            407            385            394            406            396            384            395              1              1
             91            397            419            421            399            408            420            410            398            409              1              1
             92            399            421            423            401            410            422            412            400            411              1              1
             93            401            423            425            403            412            424            414            402            413              1              1
             94            403            425            427            405            414            426            416            404            415              1              1
             95            405            427            429            407            416            428            418            406            417              1              1
             96            419            441            443            421            430            442            432            420            431              1              1
             97            421            443            445            423            432            444            434            422            433              1              1
             98            423            445            447            425            434            446            436            424            435              1              1
             99            425            447            449            427            436            448            438            426            437              1              1
            100            427            449            451            429            438            450            440            428            439              1              1
            101            452            458            460            454            455            459            457            453            456              1              1
            102            458            464            466            460            461            465            463            459            462              1              1
            103            464            470            472            466            467            471            469            465            468              1              1
            104            470            476            478            472            473            477            475            471            474              1              1
            105            476            482            484            478            479            483            481            477            480              1              1
            106            482            488            490            484            485            489            487            483            486              1              1
            107            488            494            496            490            491            495            493            489            492              1              1
            108            494            500            502            496            497            501            499            495            498              1              1
            109            500            506            508            502            503            507            505            501            504              1              1
            110            506            512            514            508            509            513            511            507            510              1              1
            111            512            518            520            514            515            519            517            513            516              1              1
            112            518            524            526            520            521            525            523            519            522              1              1
            113            524            530            532            526            527            531            529            525            528              1              1
            114            530            536            538            532            533            537            535            531            534              1              1
            115            536            542            544            538            539            543            541            537            540              1              1
            116            542            548            550            544            545            549            547            543            546              1              1
            117            548            554            556            550            551            555            553            549            552              1              1
            118            554            560            562            556            557            561            559            555            558              1              1
            119            560            566            568            562            563            567            565            561            564              1              1
            120            566            572            574            568            569            573            571            567            570              1              1
0,0,0,0,0,0,0
