Analysis for,q9 combined geometry  294   nodes   60    elements

   5.000000000000000E-06
  294    2
    1  -2.500000000000000E-01   3.125488433896706E-03
    2  -2.500000000000000E-01   2.812548843389706E-02
    3  -2.500000000000000E-01   5.312548843389742E-02
    4  -2.500000000000000E-01   7.812548843389600E-02
    5  -2.500000000000000E-01   1.031254884338964E-01
    6  -2.500000000000000E-01   1.281254884338967E-01
    7  -2.500000000000000E-01   1.531254884338971E-01
    8  -2.500000000000000E-01   1.781254884338974E-01
    9  -2.500000000000000E-01   2.031254884338960E-01
   10  -2.500000000000000E-01   2.281254884338964E-01
   11  -2.500000000000000E-01   2.531254884338967E-01
   12  -2.250000000000000E-01   2.531570442444675E-03
   13  -2.250000000000000E-01   2.759096224158952E-02
   14  -2.250000000000000E-01   5.265035404073615E-02
   15  -2.250000000000000E-01   7.770974583987922E-02
   16  -2.250000000000000E-01   1.027691376390258E-01
   17  -2.250000000000000E-01   1.278285294381707E-01
   18  -2.250000000000000E-01   1.528879212373155E-01
   19  -2.250000000000000E-01   1.779473130364622E-01
   20  -2.250000000000000E-01   2.030067048356052E-01
   21  -2.250000000000000E-01   2.280660966347519E-01
   22  -2.250000000000000E-01   2.531254884338967E-01
   23  -2.000000000000000E-01   2.000200040010114E-03
   24  -2.000000000000000E-01   2.711272887939842E-02
   25  -2.000000000000000E-01   5.222525771878850E-02
   26  -2.000000000000000E-01   7.733778655817503E-02
   27  -2.000000000000000E-01   1.024503153975651E-01
   28  -2.000000000000000E-01   1.275628442369534E-01
   29  -2.000000000000000E-01   1.526753730763417E-01
   30  -2.000000000000000E-01   1.777879019157318E-01
   31  -2.000000000000000E-01   2.029004307551183E-01
   32  -2.000000000000000E-01   2.280129595945084E-01
   33  -2.000000000000000E-01   2.531254884338967E-01
   34  -1.750000000000000E-01   1.531367254283822E-03
   35  -1.750000000000000E-01   2.669077937224529E-02
   36  -1.750000000000000E-01   5.185019149020675E-02
   37  -1.750000000000000E-01   7.700960360816644E-02
   38  -1.750000000000000E-01   1.021690157261279E-01
   39  -1.750000000000000E-01   1.273284278440912E-01
   40  -1.750000000000000E-01   1.524878399620526E-01
   41  -1.750000000000000E-01   1.776472520800141E-01
   42  -1.750000000000000E-01   2.028066641979738E-01
   43  -1.750000000000000E-01   2.279660763159352E-01
   44  -1.750000000000000E-01   2.531254884338967E-01
   45  -1.500000000000000E-01   1.125063288370143E-03
   46  -1.500000000000000E-01   2.632510580292369E-02
   47  -1.500000000000000E-01   5.152514831747546E-02
   48  -1.500000000000000E-01   7.672519083202722E-02
   49  -1.500000000000000E-01   1.019252333465808E-01
   50  -1.500000000000000E-01   1.271252758611325E-01
   51  -1.500000000000000E-01   1.523253183756861E-01
   52  -1.500000000000000E-01   1.775253608902396E-01
   53  -1.500000000000000E-01   2.027254034047914E-01
   54  -1.500000000000000E-01   2.279254459193432E-01
   55  -1.500000000000000E-01   2.531254884338967E-01
   56  -1.250000000000000E-01   7.812805199627348E-04
   57  -1.250000000000000E-01   2.601570131135666E-02
   58  -1.250000000000000E-01   5.125012210275059E-02
   59  -1.250000000000000E-01   7.648454289414275E-02
   60  -1.250000000000000E-01   1.017189636855367E-01
   61  -1.250000000000000E-01   1.269533844769306E-01
   62  -1.250000000000000E-01   1.521878052683228E-01
   63  -1.250000000000000E-01   1.774222260597167E-01
   64  -1.250000000000000E-01   2.026566468511088E-01
   65  -1.250000000000000E-01   2.278910676425028E-01
   66  -1.250000000000000E-01   2.531254884338967E-01
   67  -9.999999999999998E-02   5.000125006251466E-04
   68  -9.999999999999998E-02   2.576256009395195E-02
   69  -9.999999999999998E-02   5.102510768728052E-02
   70  -9.999999999999998E-02   7.628765528060555E-02
   71  -9.999999999999998E-02   1.015502028739341E-01
   72  -9.999999999999998E-02   1.268127504672609E-01
   73  -9.999999999999998E-02   1.520752980605877E-01
   74  -9.999999999999998E-02   1.773378456539163E-01
   75  -9.999999999999998E-02   2.026003932472413E-01
   76  -9.999999999999998E-02   2.278629408405699E-01
   77  -9.999999999999998E-02   2.531254884338967E-01
   78  -7.499999999999998E-02   2.812539551886317E-04
   79  -7.499999999999998E-02   2.556567740306015E-02
   80  -7.499999999999998E-02   5.085010085093167E-02
   81  -7.499999999999998E-02   7.613452429879963E-02
   82  -7.499999999999998E-02   1.014189477466712E-01
   83  -7.499999999999998E-02   1.267033711945427E-01
   84  -7.499999999999998E-02   1.519877946424142E-01
   85  -7.499999999999998E-02   1.772722180902857E-01
   86  -7.499999999999998E-02   2.025566415381537E-01
   87  -7.499999999999998E-02   2.278410649860252E-01
   88  -7.499999999999998E-02   2.531254884338967E-01
   89  -4.999999999999999E-02   1.250007812600984E-04
   90  -4.999999999999999E-02   2.542504954652358E-02
   91  -4.999999999999999E-02   5.072509831178884E-02
   92  -4.999999999999999E-02   7.602514707705055E-02
   93  -4.999999999999999E-02   1.013251958423140E-01
   94  -4.999999999999999E-02   1.266252446075775E-01
   95  -4.999999999999999E-02   1.519252933728428E-01
   96  -4.999999999999999E-02   1.772253421381063E-01
   97  -4.999999999999999E-02   2.025253909033680E-01
   98  -4.999999999999999E-02   2.278254396686332E-01
   99  -4.999999999999999E-02   2.531254884338967E-01
  100  -2.499999999999999E-02   3.125004882775784E-05
  101  -2.499999999999999E-02   2.534067388733519E-02
  102  -2.499999999999999E-02   5.065009772584261E-02
  103  -2.499999999999999E-02   7.595952156434826E-02
  104  -2.499999999999999E-02   1.012689454028557E-01
  105  -2.499999999999999E-02   1.265783692413613E-01
  106  -2.499999999999999E-02   1.518877930798688E-01
  107  -2.499999999999999E-02   1.771972169183762E-01
  108  -2.499999999999999E-02   2.025066407568819E-01
  109  -2.499999999999999E-02   2.278160645953893E-01
  110  -2.499999999999999E-02   2.531254884338967E-01
  111   0.000000000000000E+00   0.000000000000000E+00
  112   0.000000000000000E+00   2.531254884338985E-02
  113   0.000000000000000E+00   5.062509768677970E-02
  114   0.000000000000000E+00   7.593764653016777E-02
  115   0.000000000000000E+00   1.012501953735576E-01
  116   0.000000000000000E+00   1.265627442169475E-01
  117   0.000000000000000E+00   1.518752930603391E-01
  118   0.000000000000000E+00   1.771878419037289E-01
  119   0.000000000000000E+00   2.025003907471170E-01
  120   0.000000000000000E+00   2.278129395905069E-01
  121   0.000000000000000E+00   2.531254884338967E-01
  122   2.500000000000002E-02   3.125004882775784E-05
  123   2.500000000000002E-02   2.534067388733519E-02
  124   2.500000000000002E-02   5.065009772584261E-02
  125   2.500000000000002E-02   7.595952156434826E-02
  126   2.500000000000002E-02   1.012689454028557E-01
  127   2.500000000000002E-02   1.265783692413613E-01
  128   2.500000000000002E-02   1.518877930798688E-01
  129   2.500000000000002E-02   1.771972169183762E-01
  130   2.500000000000002E-02   2.025066407568819E-01
  131   2.500000000000002E-02   2.278160645953893E-01
  132   2.500000000000002E-02   2.531254884338967E-01
  133   5.000000000000004E-02   1.250007812600984E-04
  134   5.000000000000004E-02   2.542504954652358E-02
  135   5.000000000000004E-02   5.072509831178884E-02
  136   5.000000000000004E-02   7.602514707705055E-02
  137   5.000000000000004E-02   1.013251958423140E-01
  138   5.000000000000004E-02   1.266252446075775E-01
  139   5.000000000000004E-02   1.519252933728428E-01
  140   5.000000000000004E-02   1.772253421381063E-01
  141   5.000000000000004E-02   2.025253909033680E-01
  142   5.000000000000004E-02   2.278254396686332E-01
  143   5.000000000000004E-02   2.531254884338967E-01
  144   7.500000000000001E-02   2.812539551886317E-04
  145   7.500000000000001E-02   2.556567740306015E-02
  146   7.500000000000001E-02   5.085010085093167E-02
  147   7.500000000000001E-02   7.613452429879963E-02
  148   7.500000000000001E-02   1.014189477466712E-01
  149   7.500000000000001E-02   1.267033711945427E-01
  150   7.500000000000001E-02   1.519877946424142E-01
  151   7.500000000000001E-02   1.772722180902857E-01
  152   7.500000000000001E-02   2.025566415381537E-01
  153   7.500000000000001E-02   2.278410649860252E-01
  154   7.500000000000001E-02   2.531254884338967E-01
  155   1.000000000000000E-01   5.000125006251466E-04
  156   1.000000000000000E-01   2.576256009395195E-02
  157   1.000000000000000E-01   5.102510768728052E-02
  158   1.000000000000000E-01   7.628765528060555E-02
  159   1.000000000000000E-01   1.015502028739341E-01
  160   1.000000000000000E-01   1.268127504672609E-01
  161   1.000000000000000E-01   1.520752980605877E-01
  162   1.000000000000000E-01   1.773378456539163E-01
  163   1.000000000000000E-01   2.026003932472413E-01
  164   1.000000000000000E-01   2.278629408405699E-01
  165   1.000000000000000E-01   2.531254884338967E-01
  166   1.250000000000000E-01   7.812805199627348E-04
  167   1.250000000000000E-01   2.601570131135666E-02
  168   1.250000000000000E-01   5.125012210275059E-02
  169   1.250000000000000E-01   7.648454289414275E-02
  170   1.250000000000000E-01   1.017189636855367E-01
  171   1.250000000000000E-01   1.269533844769306E-01
  172   1.250000000000000E-01   1.521878052683228E-01
  173   1.250000000000000E-01   1.774222260597167E-01
  174   1.250000000000000E-01   2.026566468511088E-01
  175   1.250000000000000E-01   2.278910676425028E-01
  176   1.250000000000000E-01   2.531254884338967E-01
  177   1.500000000000000E-01   1.125063288370143E-03
  178   1.500000000000000E-01   2.632510580292369E-02
  179   1.500000000000000E-01   5.152514831747546E-02
  180   1.500000000000000E-01   7.672519083202722E-02
  181   1.500000000000000E-01   1.019252333465808E-01
  182   1.500000000000000E-01   1.271252758611325E-01
  183   1.500000000000000E-01   1.523253183756861E-01
  184   1.500000000000000E-01   1.775253608902396E-01
  185   1.500000000000000E-01   2.027254034047914E-01
  186   1.500000000000000E-01   2.279254459193432E-01
  187   1.500000000000000E-01   2.531254884338967E-01
  188   1.750000000000000E-01   1.531367254283822E-03
  189   1.750000000000000E-01   2.669077937224529E-02
  190   1.750000000000000E-01   5.185019149020675E-02
  191   1.750000000000000E-01   7.700960360816644E-02
  192   1.750000000000000E-01   1.021690157261279E-01
  193   1.750000000000000E-01   1.273284278440912E-01
  194   1.750000000000000E-01   1.524878399620526E-01
  195   1.750000000000000E-01   1.776472520800141E-01
  196   1.750000000000000E-01   2.028066641979738E-01
  197   1.750000000000000E-01   2.279660763159352E-01
  198   1.750000000000000E-01   2.531254884338967E-01
  199   2.000000000000000E-01   2.000200040010114E-03
  200   2.000000000000000E-01   2.711272887939842E-02
  201   2.000000000000000E-01   5.222525771878850E-02
  202   2.000000000000000E-01   7.733778655817503E-02
  203   2.000000000000000E-01   1.024503153975651E-01
  204   2.000000000000000E-01   1.275628442369534E-01
  205   2.000000000000000E-01   1.526753730763417E-01
  206   2.000000000000000E-01   1.777879019157318E-01
  207   2.000000000000000E-01   2.029004307551183E-01
  208   2.000000000000000E-01   2.280129595945084E-01
  209   2.000000000000000E-01   2.531254884338967E-01
  210   2.250000000000000E-01   2.531570442444675E-03
  211   2.250000000000000E-01   2.759096224158952E-02
  212   2.250000000000000E-01   5.265035404073615E-02
  213   2.250000000000000E-01   7.770974583987922E-02
  214   2.250000000000000E-01   1.027691376390258E-01
  215   2.250000000000000E-01   1.278285294381707E-01
  216   2.250000000000000E-01   1.528879212373155E-01
  217   2.250000000000000E-01   1.779473130364622E-01
  218   2.250000000000000E-01   2.030067048356052E-01
  219   2.250000000000000E-01   2.280660966347519E-01
  220   2.250000000000000E-01   2.531254884338967E-01
  221   2.500000000000000E-01   3.125488433896706E-03
  222   2.500000000000000E-01   2.812548843389706E-02
  223   2.500000000000000E-01   5.312548843389742E-02
  224   2.500000000000000E-01   7.812548843389600E-02
  225   2.500000000000000E-01   1.031254884338964E-01
  226   2.500000000000000E-01   1.281254884338967E-01
  227   2.500000000000000E-01   1.531254884338971E-01
  228   2.500000000000000E-01   1.781254884338974E-01
  229   2.500000000000000E-01   2.031254884338960E-01
  230   2.500000000000000E-01   2.281254884338964E-01
  231   2.500000000000000E-01   2.531254884338967E-01
  232  -1.294095284438187E+00  -1.723708843437208E-01
  233  -1.294354103495075E+00  -1.714049585205899E-01
  234  -1.294612922551962E+00  -1.704390326974590E-01
  235  -1.167226876890825E+00  -1.401504168451355E-01
  236  -1.167460323874887E+00  -1.391780445891513E-01
  237  -1.167693769893023E+00  -1.382056720743474E-01
  238  -1.039558512990872E+00  -1.112620127143549E-01
  239  -1.039766424771773E+00  -1.102838646554405E-01
  240  -1.039974336552673E+00  -1.093057165965252E-01
  241  -9.111776874403437E-01  -8.572547191510083E-02
  242  -9.113599237603791E-01  -8.474221445912100E-02
  243  -9.115421574922238E-01  -8.375896666239857E-02
  244  -7.821723865985991E-01  -6.355830360402326E-02
  245  -7.823288200666889E-01  -6.257061695720623E-02
  246  -7.824852545007046E-01  -6.158293056920705E-02
  247  -6.526310224898016E-01  -4.477569809528603E-02
  248  -6.527615476215721E-01  -4.378425798098196E-02
  249  -6.528920753415334E-01  -4.279280820741960E-02
  250  -5.226423764324678E-01  -2.939053246167056E-02
  251  -5.227469048206234E-01  -2.839600882625870E-02
  252  -5.228514341747049E-01  -2.740148544966470E-02
  253  -3.922955404647440E-01  -1.741333413400881E-02
  254  -3.923739978441246E-01  -1.641642141876343E-02
  255  -3.924524578116958E-01  -1.541949904426065E-02
  256  -2.616798451352276E-01  -8.852334022114938E-03
  257  -2.617321736985769E-01  -7.853700019911258E-03
  258  -2.617845119211841E-01  -6.855068605896797E-03
  259  -1.308848013121591E-01  -3.713378453277016E-03
  260  -1.309109834743531E-01  -2.713722439999344E-03
  261  -1.309371559772889E-01  -1.714063838530677E-03
  262  -5.629567900733434E-08  -2.000000234668953E-03
  263  -6.612501390890202E-08  -9.999985442190606E-04
  264  -6.370689997758916E-08  -3.924836455837521E-09
  265   1.308846782798569E-01  -3.713378629301545E-03
  266   1.309108596440178E-01  -2.713719843029594E-03
  267   1.309370313489202E-01  -1.714063644948638E-03
  268   2.616797188651703E-01  -8.852324945114454E-03
  269   2.617320568107908E-01  -7.853691266808127E-03
  270   2.617843973446019E-01  -6.855067247760083E-03
  271   3.922954203488225E-01  -1.741332117200667E-02
  272   3.923738731927988E-01  -1.641640705290026E-02
  273   3.924523356960337E-01  -1.541949034560464E-02
  274   5.226422585076598E-01  -2.939051859482777E-02
  275   5.227467890497661E-01  -2.839599657945246E-02
  276   5.228513099326144E-01  -2.740147715226726E-02
  277   6.526308995163108E-01  -4.477568811008137E-02
  278   6.527614319192874E-01  -4.378424109572610E-02
  279   6.528919546630059E-01  -4.279279666956182E-02
  280   7.821722689489989E-01  -6.355828455903634E-02
  281   7.823286983978117E-01  -6.257060320756569E-02
  282   7.824851349176929E-01  -6.158290960864488E-02
  283   9.111775640269935E-01  -8.572545379879237E-02
  284   9.113598069198117E-01  -8.474219202972133E-02
  285   9.115420427415621E-01  -8.375894250809868E-02
  286   1.039558395919292E+00  -1.112619842201701E-01
  287   1.039766306215858E+00  -1.102838333888654E-01
  288   1.039974219100614E+00  -1.093056922168190E-01
  289   1.167226759563661E+00  -1.401503873034633E-01
  290   1.167460205365852E+00  -1.391780142703940E-01
  291   1.167693651168043E+00  -1.382056412373247E-01
  292   1.294095166308064E+00  -1.723708517245148E-01
  293   1.294353986739983E+00  -1.714049311147230E-01
  294   1.294612804583712E+00  -1.704390008456720E-01
3
232   234      1   1   1   0
292   294      1   1   1   0
11 ,   231,      11,   1,   1,   0
     0,      0,      0,      0 ,     0,      0
       1,     9
2.00E+7  3.00E-01,  0.00E+00,  0.00E+00,  0.00E+00,  0.00E+00,  0.00E+00,  0.00E+00,  1.00E-04
     2 ,    9
 2.00E+11  3.00E-01,  0.00E+00,  0.00E+00,  0.00E+00,  0.00E+00,  0.00E+00,  0.00E+00,  1.00E-04
       0,      0,      0,      0,      0 ,     0,      0,      0,      0


    1
   p9_3
   60    9    9    3
              1              1             23             25              3             12             24             14              2             13              1              1
              2              3             25             27              5             14             26             16              4             15              1              1
              3              5             27             29              7             16             28             18              6             17              1              1
              4              7             29             31              9             18             30             20              8             19              1              1
              5              9             31             33             11             20             32             22             10             21              1              1
              6             23             45             47             25             34             46             36             24             35              1              1
              7             25             47             49             27             36             48             38             26             37              1              1
              8             27             49             51             29             38             50             40             28             39              1              1
              9             29             51             53             31             40             52             42             30             41              1              1
             10             31             53             55             33             42             54             44             32             43              1              1
             11             45             67             69             47             56             68             58             46             57              1              1
             12             47             69             71             49             58             70             60             48             59              1              1
             13             49             71             73             51             60             72             62             50             61              1              1
             14             51             73             75             53             62             74             64             52             63              1              1
             15             53             75             77             55             64             76             66             54             65              1              1
             16             67             89             91             69             78             90             80             68             79              1              1
             17             69             91             93             71             80             92             82             70             81              1              1
             18             71             93             95             73             82             94             84             72             83              1              1
             19             73             95             97             75             84             96             86             74             85              1              1
             20             75             97             99             77             86             98             88             76             87              1              1
             21             89            111            113             91            100            112            102             90            101              1              1
             22             91            113            115             93            102            114            104             92            103              1              1
             23             93            115            117             95            104            116            106             94            105              1              1
             24             95            117            119             97            106            118            108             96            107              1              1
             25             97            119            121             99            108            120            110             98            109              1              1
             26            111            133            135            113            122            134            124            112            123              1              1
             27            113            135            137            115            124            136            126            114            125              1              1
             28            115            137            139            117            126            138            128            116            127              1              1
             29            117            139            141            119            128            140            130            118            129              1              1
             30            119            141            143            121            130            142            132            120            131              1              1
             31            133            155            157            135            144            156            146            134            145              1              1
             32            135            157            159            137            146            158            148            136            147              1              1
             33            137            159            161            139            148            160            150            138            149              1              1
             34            139            161            163            141            150            162            152            140            151              1              1
             35            141            163            165            143            152            164            154            142            153              1              1
             36            155            177            179            157            166            178            168            156            167              1              1
             37            157            179            181            159            168            180            170            158            169              1              1
             38            159            181            183            161            170            182            172            160            171              1              1
             39            161            183            185            163            172            184            174            162            173              1              1
             40            163            185            187            165            174            186            176            164            175              1              1
             41            177            199            201            179            188            200            190            178            189              1              1
             42            179            201            203            181            190            202            192            180            191              1              1
             43            181            203            205            183            192            204            194            182            193              1              1
             44            183            205            207            185            194            206            196            184            195              1              1
             45            185            207            209            187            196            208            198            186            197              1              1
             46            199            221            223            201            210            222            212            200            211              1              1
             47            201            223            225            203            212            224            214            202            213              1              1
             48            203            225            227            205            214            226            216            204            215              1              1
             49            205            227            229            207            216            228            218            206            217              1              1
             50            207            229            231            209            218            230            220            208            219              1              1
             51            232            238            240            234            235            239            237            233            236              1              1
             52            238            244            246            240            241            245            243            239            242              1              1
             53            244            250            252            246            247            251            249            245            248              1              1
             54            250            256            258            252            253            257            255            251            254              1              1
             55            256            262            264            258            259            263            261            257            260              1              1
             56            262            268            270            264            265            269            267            263            266              1              1
             57            268            274            276            270            271            275            273            269            272              1              1
             58            274            280            282            276            277            281            279            275            278              1              1
             59            280            286            288            282            283            287            285            281            284              1              1
             60            286            292            294            288            289            293            291            287            290              1              1
0,0,0,0,0,0,0
