Analysis for,q9 combined geometry  902   nodes  200    elements

1.00000E-08
  902    2
    1  -3.464101615137755E+01  -2.000000000000000E+01
    2  -3.464101615137755E+01  -1.800000000000000E+01
    3  -3.464101615137755E+01  -1.600000000000000E+01
    4  -3.464101615137755E+01  -1.400000000000000E+01
    5  -3.464101615137755E+01  -1.200000000000000E+01
    6  -3.464101615137755E+01  -1.000000000000000E+01
    7  -3.464101615137755E+01  -8.000000000000000E+00
    8  -3.464101615137755E+01  -6.000000000000000E+00
    9  -3.464101615137755E+01  -4.000000000000000E+00
   10  -3.464101615137755E+01  -2.000000000000000E+00
   11  -3.464101615137755E+01   0.000000000000000E+00
   12  -3.290896534380867E+01  -2.000000000000000E+01
   13  -3.290896534380867E+01  -1.800000000000000E+01
   14  -3.290896534380867E+01  -1.600000000000000E+01
   15  -3.290896534380867E+01  -1.400000000000000E+01
   16  -3.290896534380867E+01  -1.200000000000000E+01
   17  -3.290896534380867E+01  -1.000000000000000E+01
   18  -3.290896534380867E+01  -8.000000000000000E+00
   19  -3.290896534380867E+01  -6.000000000000000E+00
   20  -3.290896534380867E+01  -4.000000000000000E+00
   21  -3.290896534380867E+01  -2.000000000000000E+00
   22  -3.290896534380867E+01   0.000000000000000E+00
   23  -3.117691453623980E+01  -2.000000000000000E+01
   24  -3.117691453623980E+01  -1.800000000000000E+01
   25  -3.117691453623980E+01  -1.600000000000000E+01
   26  -3.117691453623980E+01  -1.400000000000000E+01
   27  -3.117691453623980E+01  -1.200000000000000E+01
   28  -3.117691453623980E+01  -1.000000000000000E+01
   29  -3.117691453623980E+01  -8.000000000000000E+00
   30  -3.117691453623980E+01  -6.000000000000000E+00
   31  -3.117691453623980E+01  -4.000000000000000E+00
   32  -3.117691453623980E+01  -2.000000000000000E+00
   33  -3.117691453623980E+01   0.000000000000000E+00
   34  -2.944486372867092E+01  -2.000000000000000E+01
   35  -2.944486372867092E+01  -1.800000000000000E+01
   36  -2.944486372867092E+01  -1.600000000000000E+01
   37  -2.944486372867092E+01  -1.400000000000000E+01
   38  -2.944486372867092E+01  -1.200000000000000E+01
   39  -2.944486372867092E+01  -1.000000000000000E+01
   40  -2.944486372867092E+01  -8.000000000000000E+00
   41  -2.944486372867092E+01  -6.000000000000000E+00
   42  -2.944486372867092E+01  -4.000000000000000E+00
   43  -2.944486372867092E+01  -2.000000000000000E+00
   44  -2.944486372867092E+01   0.000000000000000E+00
   45  -2.771281292110204E+01  -2.000000000000000E+01
   46  -2.771281292110204E+01  -1.800000000000000E+01
   47  -2.771281292110204E+01  -1.600000000000000E+01
   48  -2.771281292110204E+01  -1.400000000000000E+01
   49  -2.771281292110204E+01  -1.200000000000000E+01
   50  -2.771281292110204E+01  -1.000000000000000E+01
   51  -2.771281292110204E+01  -8.000000000000000E+00
   52  -2.771281292110204E+01  -6.000000000000000E+00
   53  -2.771281292110204E+01  -4.000000000000000E+00
   54  -2.771281292110204E+01  -2.000000000000000E+00
   55  -2.771281292110204E+01   0.000000000000000E+00
   56  -2.598076211353316E+01  -2.000000000000000E+01
   57  -2.598076211353316E+01  -1.800000000000000E+01
   58  -2.598076211353316E+01  -1.600000000000000E+01
   59  -2.598076211353316E+01  -1.400000000000000E+01
   60  -2.598076211353316E+01  -1.200000000000000E+01
   61  -2.598076211353316E+01  -1.000000000000000E+01
   62  -2.598076211353316E+01  -8.000000000000000E+00
   63  -2.598076211353316E+01  -6.000000000000000E+00
   64  -2.598076211353316E+01  -4.000000000000000E+00
   65  -2.598076211353316E+01  -2.000000000000000E+00
   66  -2.598076211353316E+01   0.000000000000000E+00
   67  -2.424871130596429E+01  -2.000000000000000E+01
   68  -2.424871130596429E+01  -1.800000000000000E+01
   69  -2.424871130596429E+01  -1.600000000000000E+01
   70  -2.424871130596429E+01  -1.400000000000000E+01
   71  -2.424871130596429E+01  -1.200000000000000E+01
   72  -2.424871130596429E+01  -1.000000000000000E+01
   73  -2.424871130596429E+01  -8.000000000000000E+00
   74  -2.424871130596429E+01  -6.000000000000000E+00
   75  -2.424871130596429E+01  -4.000000000000000E+00
   76  -2.424871130596429E+01  -2.000000000000000E+00
   77  -2.424871130596429E+01   0.000000000000000E+00
   78  -2.251666049839541E+01  -2.000000000000000E+01
   79  -2.251666049839541E+01  -1.800000000000000E+01
   80  -2.251666049839541E+01  -1.600000000000000E+01
   81  -2.251666049839541E+01  -1.400000000000000E+01
   82  -2.251666049839541E+01  -1.200000000000000E+01
   83  -2.251666049839541E+01  -1.000000000000000E+01
   84  -2.251666049839541E+01  -8.000000000000000E+00
   85  -2.251666049839541E+01  -6.000000000000000E+00
   86  -2.251666049839541E+01  -4.000000000000000E+00
   87  -2.251666049839541E+01  -2.000000000000000E+00
   88  -2.251666049839541E+01   0.000000000000000E+00
   89  -2.078460969082653E+01  -2.000000000000000E+01
   90  -2.078460969082653E+01  -1.800000000000000E+01
   91  -2.078460969082653E+01  -1.600000000000000E+01
   92  -2.078460969082653E+01  -1.400000000000000E+01
   93  -2.078460969082653E+01  -1.200000000000000E+01
   94  -2.078460969082653E+01  -1.000000000000000E+01
   95  -2.078460969082653E+01  -8.000000000000000E+00
   96  -2.078460969082653E+01  -6.000000000000000E+00
   97  -2.078460969082653E+01  -4.000000000000000E+00
   98  -2.078460969082653E+01  -2.000000000000000E+00
   99  -2.078460969082653E+01   0.000000000000000E+00
  100  -1.905255888325765E+01  -2.000000000000000E+01
  101  -1.905255888325765E+01  -1.800000000000000E+01
  102  -1.905255888325765E+01  -1.600000000000000E+01
  103  -1.905255888325765E+01  -1.400000000000000E+01
  104  -1.905255888325765E+01  -1.200000000000000E+01
  105  -1.905255888325765E+01  -1.000000000000000E+01
  106  -1.905255888325765E+01  -8.000000000000000E+00
  107  -1.905255888325765E+01  -6.000000000000000E+00
  108  -1.905255888325765E+01  -4.000000000000000E+00
  109  -1.905255888325765E+01  -2.000000000000000E+00
  110  -1.905255888325765E+01   0.000000000000000E+00
  111  -1.732050807568877E+01  -2.000000000000000E+01
  112  -1.732050807568877E+01  -1.800000000000000E+01
  113  -1.732050807568877E+01  -1.600000000000000E+01
  114  -1.732050807568877E+01  -1.400000000000000E+01
  115  -1.732050807568877E+01  -1.200000000000000E+01
  116  -1.732050807568877E+01  -1.000000000000000E+01
  117  -1.732050807568877E+01  -8.000000000000000E+00
  118  -1.732050807568877E+01  -6.000000000000000E+00
  119  -1.732050807568877E+01  -4.000000000000000E+00
  120  -1.732050807568877E+01  -2.000000000000000E+00
  121  -1.732050807568877E+01   0.000000000000000E+00
  122  -1.558845726811990E+01  -2.000000000000000E+01
  123  -1.558845726811990E+01  -1.800000000000000E+01
  124  -1.558845726811990E+01  -1.600000000000000E+01
  125  -1.558845726811990E+01  -1.400000000000000E+01
  126  -1.558845726811990E+01  -1.200000000000000E+01
  127  -1.558845726811990E+01  -1.000000000000000E+01
  128  -1.558845726811990E+01  -8.000000000000000E+00
  129  -1.558845726811990E+01  -6.000000000000000E+00
  130  -1.558845726811990E+01  -4.000000000000000E+00
  131  -1.558845726811990E+01  -2.000000000000000E+00
  132  -1.558845726811990E+01   0.000000000000000E+00
  133  -1.385640646055102E+01  -2.000000000000000E+01
  134  -1.385640646055102E+01  -1.800000000000000E+01
  135  -1.385640646055102E+01  -1.600000000000000E+01
  136  -1.385640646055102E+01  -1.400000000000000E+01
  137  -1.385640646055102E+01  -1.200000000000000E+01
  138  -1.385640646055102E+01  -1.000000000000000E+01
  139  -1.385640646055102E+01  -8.000000000000000E+00
  140  -1.385640646055102E+01  -6.000000000000000E+00
  141  -1.385640646055102E+01  -4.000000000000000E+00
  142  -1.385640646055102E+01  -2.000000000000000E+00
  143  -1.385640646055102E+01   0.000000000000000E+00
  144  -1.212435565298214E+01  -2.000000000000000E+01
  145  -1.212435565298214E+01  -1.800000000000000E+01
  146  -1.212435565298214E+01  -1.600000000000000E+01
  147  -1.212435565298214E+01  -1.400000000000000E+01
  148  -1.212435565298214E+01  -1.200000000000000E+01
  149  -1.212435565298214E+01  -1.000000000000000E+01
  150  -1.212435565298214E+01  -8.000000000000000E+00
  151  -1.212435565298214E+01  -6.000000000000000E+00
  152  -1.212435565298214E+01  -4.000000000000000E+00
  153  -1.212435565298214E+01  -2.000000000000000E+00
  154  -1.212435565298214E+01   0.000000000000000E+00
  155  -1.039230484541326E+01  -2.000000000000000E+01
  156  -1.039230484541326E+01  -1.800000000000000E+01
  157  -1.039230484541326E+01  -1.600000000000000E+01
  158  -1.039230484541326E+01  -1.400000000000000E+01
  159  -1.039230484541326E+01  -1.200000000000000E+01
  160  -1.039230484541326E+01  -1.000000000000000E+01
  161  -1.039230484541326E+01  -8.000000000000000E+00
  162  -1.039230484541326E+01  -6.000000000000000E+00
  163  -1.039230484541326E+01  -4.000000000000000E+00
  164  -1.039230484541326E+01  -2.000000000000000E+00
  165  -1.039230484541326E+01   0.000000000000000E+00
  166  -8.660254037844389E+00  -2.000000000000000E+01
  167  -8.660254037844389E+00  -1.800000000000000E+01
  168  -8.660254037844389E+00  -1.600000000000000E+01
  169  -8.660254037844389E+00  -1.400000000000000E+01
  170  -8.660254037844389E+00  -1.200000000000000E+01
  171  -8.660254037844389E+00  -1.000000000000000E+01
  172  -8.660254037844389E+00  -8.000000000000000E+00
  173  -8.660254037844389E+00  -6.000000000000000E+00
  174  -8.660254037844389E+00  -4.000000000000000E+00
  175  -8.660254037844389E+00  -2.000000000000000E+00
  176  -8.660254037844389E+00   0.000000000000000E+00
  177  -6.928203230275511E+00  -2.000000000000000E+01
  178  -6.928203230275511E+00  -1.800000000000000E+01
  179  -6.928203230275511E+00  -1.600000000000000E+01
  180  -6.928203230275511E+00  -1.400000000000000E+01
  181  -6.928203230275511E+00  -1.200000000000000E+01
  182  -6.928203230275511E+00  -1.000000000000000E+01
  183  -6.928203230275511E+00  -8.000000000000000E+00
  184  -6.928203230275511E+00  -6.000000000000000E+00
  185  -6.928203230275511E+00  -4.000000000000000E+00
  186  -6.928203230275511E+00  -2.000000000000000E+00
  187  -6.928203230275511E+00   0.000000000000000E+00
  188  -5.196152422706632E+00  -2.000000000000000E+01
  189  -5.196152422706632E+00  -1.800000000000000E+01
  190  -5.196152422706632E+00  -1.600000000000000E+01
  191  -5.196152422706632E+00  -1.400000000000000E+01
  192  -5.196152422706632E+00  -1.200000000000000E+01
  193  -5.196152422706632E+00  -1.000000000000000E+01
  194  -5.196152422706632E+00  -8.000000000000000E+00
  195  -5.196152422706632E+00  -6.000000000000000E+00
  196  -5.196152422706632E+00  -4.000000000000000E+00
  197  -5.196152422706632E+00  -2.000000000000000E+00
  198  -5.196152422706632E+00   0.000000000000000E+00
  199  -3.464101615137757E+00  -2.000000000000000E+01
  200  -3.464101615137757E+00  -1.800000000000000E+01
  201  -3.464101615137757E+00  -1.600000000000000E+01
  202  -3.464101615137757E+00  -1.400000000000000E+01
  203  -3.464101615137757E+00  -1.200000000000000E+01
  204  -3.464101615137757E+00  -1.000000000000000E+01
  205  -3.464101615137757E+00  -8.000000000000000E+00
  206  -3.464101615137757E+00  -6.000000000000000E+00
  207  -3.464101615137757E+00  -4.000000000000000E+00
  208  -3.464101615137757E+00  -2.000000000000000E+00
  209  -3.464101615137757E+00   0.000000000000000E+00
  210  -1.732050807568875E+00  -2.000000000000000E+01
  211  -1.732050807568875E+00  -1.800000000000000E+01
  212  -1.732050807568875E+00  -1.600000000000000E+01
  213  -1.732050807568875E+00  -1.400000000000000E+01
  214  -1.732050807568875E+00  -1.200000000000000E+01
  215  -1.732050807568875E+00  -1.000000000000000E+01
  216  -1.732050807568875E+00  -8.000000000000000E+00
  217  -1.732050807568875E+00  -6.000000000000000E+00
  218  -1.732050807568875E+00  -4.000000000000000E+00
  219  -1.732050807568875E+00  -2.000000000000000E+00
  220  -1.732050807568875E+00   0.000000000000000E+00
  221   0.000000000000000E+00  -2.000000000000000E+01
  222   0.000000000000000E+00  -1.800000000000000E+01
  223   0.000000000000000E+00  -1.600000000000000E+01
  224   0.000000000000000E+00  -1.400000000000000E+01
  225   0.000000000000000E+00  -1.200000000000000E+01
  226   0.000000000000000E+00  -1.000000000000000E+01
  227   0.000000000000000E+00  -8.000000000000000E+00
  228   0.000000000000000E+00  -6.000000000000000E+00
  229   0.000000000000000E+00  -4.000000000000000E+00
  230   0.000000000000000E+00  -2.000000000000000E+00
  231   0.000000000000000E+00   0.000000000000000E+00
  232   1.732050807568875E+00  -2.000000000000000E+01
  233   1.732050807568875E+00  -1.800000000000000E+01
  234   1.732050807568875E+00  -1.600000000000000E+01
  235   1.732050807568875E+00  -1.400000000000000E+01
  236   1.732050807568875E+00  -1.200000000000000E+01
  237   1.732050807568875E+00  -1.000000000000000E+01
  238   1.732050807568875E+00  -8.000000000000000E+00
  239   1.732050807568875E+00  -6.000000000000000E+00
  240   1.732050807568875E+00  -4.000000000000000E+00
  241   1.732050807568875E+00  -2.000000000000000E+00
  242   1.732050807568875E+00   0.000000000000000E+00
  243   3.464101615137757E+00  -2.000000000000000E+01
  244   3.464101615137757E+00  -1.800000000000000E+01
  245   3.464101615137757E+00  -1.600000000000000E+01
  246   3.464101615137757E+00  -1.400000000000000E+01
  247   3.464101615137757E+00  -1.200000000000000E+01
  248   3.464101615137757E+00  -1.000000000000000E+01
  249   3.464101615137757E+00  -8.000000000000000E+00
  250   3.464101615137757E+00  -6.000000000000000E+00
  251   3.464101615137757E+00  -4.000000000000000E+00
  252   3.464101615137757E+00  -2.000000000000000E+00
  253   3.464101615137757E+00   0.000000000000000E+00
  254   5.196152422706632E+00  -2.000000000000000E+01
  255   5.196152422706632E+00  -1.800000000000000E+01
  256   5.196152422706632E+00  -1.600000000000000E+01
  257   5.196152422706632E+00  -1.400000000000000E+01
  258   5.196152422706632E+00  -1.200000000000000E+01
  259   5.196152422706632E+00  -1.000000000000000E+01
  260   5.196152422706632E+00  -8.000000000000000E+00
  261   5.196152422706632E+00  -6.000000000000000E+00
  262   5.196152422706632E+00  -4.000000000000000E+00
  263   5.196152422706632E+00  -2.000000000000000E+00
  264   5.196152422706632E+00   0.000000000000000E+00
  265   6.928203230275507E+00  -2.000000000000000E+01
  266   6.928203230275507E+00  -1.800000000000000E+01
  267   6.928203230275507E+00  -1.600000000000000E+01
  268   6.928203230275507E+00  -1.400000000000000E+01
  269   6.928203230275507E+00  -1.200000000000000E+01
  270   6.928203230275507E+00  -1.000000000000000E+01
  271   6.928203230275507E+00  -8.000000000000000E+00
  272   6.928203230275507E+00  -6.000000000000000E+00
  273   6.928203230275507E+00  -4.000000000000000E+00
  274   6.928203230275507E+00  -2.000000000000000E+00
  275   6.928203230275507E+00   0.000000000000000E+00
  276   8.660254037844389E+00  -2.000000000000000E+01
  277   8.660254037844389E+00  -1.800000000000000E+01
  278   8.660254037844389E+00  -1.600000000000000E+01
  279   8.660254037844389E+00  -1.400000000000000E+01
  280   8.660254037844389E+00  -1.200000000000000E+01
  281   8.660254037844389E+00  -1.000000000000000E+01
  282   8.660254037844389E+00  -8.000000000000000E+00
  283   8.660254037844389E+00  -6.000000000000000E+00
  284   8.660254037844389E+00  -4.000000000000000E+00
  285   8.660254037844389E+00  -2.000000000000000E+00
  286   8.660254037844389E+00   0.000000000000000E+00
  287   1.039230484541326E+01  -2.000000000000000E+01
  288   1.039230484541326E+01  -1.800000000000000E+01
  289   1.039230484541326E+01  -1.600000000000000E+01
  290   1.039230484541326E+01  -1.400000000000000E+01
  291   1.039230484541326E+01  -1.200000000000000E+01
  292   1.039230484541326E+01  -1.000000000000000E+01
  293   1.039230484541326E+01  -8.000000000000000E+00
  294   1.039230484541326E+01  -6.000000000000000E+00
  295   1.039230484541326E+01  -4.000000000000000E+00
  296   1.039230484541326E+01  -2.000000000000000E+00
  297   1.039230484541326E+01   0.000000000000000E+00
  298   1.212435565298214E+01  -2.000000000000000E+01
  299   1.212435565298214E+01  -1.800000000000000E+01
  300   1.212435565298214E+01  -1.600000000000000E+01
  301   1.212435565298214E+01  -1.400000000000000E+01
  302   1.212435565298214E+01  -1.200000000000000E+01
  303   1.212435565298214E+01  -1.000000000000000E+01
  304   1.212435565298214E+01  -8.000000000000000E+00
  305   1.212435565298214E+01  -6.000000000000000E+00
  306   1.212435565298214E+01  -4.000000000000000E+00
  307   1.212435565298214E+01  -2.000000000000000E+00
  308   1.212435565298214E+01   0.000000000000000E+00
  309   1.385640646055102E+01  -2.000000000000000E+01
  310   1.385640646055102E+01  -1.800000000000000E+01
  311   1.385640646055102E+01  -1.600000000000000E+01
  312   1.385640646055102E+01  -1.400000000000000E+01
  313   1.385640646055102E+01  -1.200000000000000E+01
  314   1.385640646055102E+01  -1.000000000000000E+01
  315   1.385640646055102E+01  -8.000000000000000E+00
  316   1.385640646055102E+01  -6.000000000000000E+00
  317   1.385640646055102E+01  -4.000000000000000E+00
  318   1.385640646055102E+01  -2.000000000000000E+00
  319   1.385640646055102E+01   0.000000000000000E+00
  320   1.558845726811990E+01  -2.000000000000000E+01
  321   1.558845726811990E+01  -1.800000000000000E+01
  322   1.558845726811990E+01  -1.600000000000000E+01
  323   1.558845726811990E+01  -1.400000000000000E+01
  324   1.558845726811990E+01  -1.200000000000000E+01
  325   1.558845726811990E+01  -1.000000000000000E+01
  326   1.558845726811990E+01  -8.000000000000000E+00
  327   1.558845726811990E+01  -6.000000000000000E+00
  328   1.558845726811990E+01  -4.000000000000000E+00
  329   1.558845726811990E+01  -2.000000000000000E+00
  330   1.558845726811990E+01   0.000000000000000E+00
  331   1.732050807568877E+01  -2.000000000000000E+01
  332   1.732050807568877E+01  -1.800000000000000E+01
  333   1.732050807568877E+01  -1.600000000000000E+01
  334   1.732050807568877E+01  -1.400000000000000E+01
  335   1.732050807568877E+01  -1.200000000000000E+01
  336   1.732050807568877E+01  -1.000000000000000E+01
  337   1.732050807568877E+01  -8.000000000000000E+00
  338   1.732050807568877E+01  -6.000000000000000E+00
  339   1.732050807568877E+01  -4.000000000000000E+00
  340   1.732050807568877E+01  -2.000000000000000E+00
  341   1.732050807568877E+01   0.000000000000000E+00
  342   1.905255888325765E+01  -2.000000000000000E+01
  343   1.905255888325765E+01  -1.800000000000000E+01
  344   1.905255888325765E+01  -1.600000000000000E+01
  345   1.905255888325765E+01  -1.400000000000000E+01
  346   1.905255888325765E+01  -1.200000000000000E+01
  347   1.905255888325765E+01  -1.000000000000000E+01
  348   1.905255888325765E+01  -8.000000000000000E+00
  349   1.905255888325765E+01  -6.000000000000000E+00
  350   1.905255888325765E+01  -4.000000000000000E+00
  351   1.905255888325765E+01  -2.000000000000000E+00
  352   1.905255888325765E+01   0.000000000000000E+00
  353   2.078460969082653E+01  -2.000000000000000E+01
  354   2.078460969082653E+01  -1.800000000000000E+01
  355   2.078460969082653E+01  -1.600000000000000E+01
  356   2.078460969082653E+01  -1.400000000000000E+01
  357   2.078460969082653E+01  -1.200000000000000E+01
  358   2.078460969082653E+01  -1.000000000000000E+01
  359   2.078460969082653E+01  -8.000000000000000E+00
  360   2.078460969082653E+01  -6.000000000000000E+00
  361   2.078460969082653E+01  -4.000000000000000E+00
  362   2.078460969082653E+01  -2.000000000000000E+00
  363   2.078460969082653E+01   0.000000000000000E+00
  364   2.251666049839540E+01  -2.000000000000000E+01
  365   2.251666049839540E+01  -1.800000000000000E+01
  366   2.251666049839540E+01  -1.600000000000000E+01
  367   2.251666049839540E+01  -1.400000000000000E+01
  368   2.251666049839540E+01  -1.200000000000000E+01
  369   2.251666049839540E+01  -1.000000000000000E+01
  370   2.251666049839540E+01  -8.000000000000000E+00
  371   2.251666049839540E+01  -6.000000000000000E+00
  372   2.251666049839540E+01  -4.000000000000000E+00
  373   2.251666049839540E+01  -2.000000000000000E+00
  374   2.251666049839540E+01   0.000000000000000E+00
  375   2.424871130596429E+01  -2.000000000000000E+01
  376   2.424871130596429E+01  -1.800000000000000E+01
  377   2.424871130596429E+01  -1.600000000000000E+01
  378   2.424871130596429E+01  -1.400000000000000E+01
  379   2.424871130596429E+01  -1.200000000000000E+01
  380   2.424871130596429E+01  -1.000000000000000E+01
  381   2.424871130596429E+01  -8.000000000000000E+00
  382   2.424871130596429E+01  -6.000000000000000E+00
  383   2.424871130596429E+01  -4.000000000000000E+00
  384   2.424871130596429E+01  -2.000000000000000E+00
  385   2.424871130596429E+01   0.000000000000000E+00
  386   2.598076211353316E+01  -2.000000000000000E+01
  387   2.598076211353316E+01  -1.800000000000000E+01
  388   2.598076211353316E+01  -1.600000000000000E+01
  389   2.598076211353316E+01  -1.400000000000000E+01
  390   2.598076211353316E+01  -1.200000000000000E+01
  391   2.598076211353316E+01  -1.000000000000000E+01
  392   2.598076211353316E+01  -8.000000000000000E+00
  393   2.598076211353316E+01  -6.000000000000000E+00
  394   2.598076211353316E+01  -4.000000000000000E+00
  395   2.598076211353316E+01  -2.000000000000000E+00
  396   2.598076211353316E+01   0.000000000000000E+00
  397   2.771281292110204E+01  -2.000000000000000E+01
  398   2.771281292110204E+01  -1.800000000000000E+01
  399   2.771281292110204E+01  -1.600000000000000E+01
  400   2.771281292110204E+01  -1.400000000000000E+01
  401   2.771281292110204E+01  -1.200000000000000E+01
  402   2.771281292110204E+01  -1.000000000000000E+01
  403   2.771281292110204E+01  -8.000000000000000E+00
  404   2.771281292110204E+01  -6.000000000000000E+00
  405   2.771281292110204E+01  -4.000000000000000E+00
  406   2.771281292110204E+01  -2.000000000000000E+00
  407   2.771281292110204E+01   0.000000000000000E+00
  408   2.944486372867092E+01  -2.000000000000000E+01
  409   2.944486372867092E+01  -1.800000000000000E+01
  410   2.944486372867092E+01  -1.600000000000000E+01
  411   2.944486372867092E+01  -1.400000000000000E+01
  412   2.944486372867092E+01  -1.200000000000000E+01
  413   2.944486372867092E+01  -1.000000000000000E+01
  414   2.944486372867092E+01  -8.000000000000000E+00
  415   2.944486372867092E+01  -6.000000000000000E+00
  416   2.944486372867092E+01  -4.000000000000000E+00
  417   2.944486372867092E+01  -2.000000000000000E+00
  418   2.944486372867092E+01   0.000000000000000E+00
  419   3.117691453623980E+01  -2.000000000000000E+01
  420   3.117691453623980E+01  -1.800000000000000E+01
  421   3.117691453623980E+01  -1.600000000000000E+01
  422   3.117691453623980E+01  -1.400000000000000E+01
  423   3.117691453623980E+01  -1.200000000000000E+01
  424   3.117691453623980E+01  -1.000000000000000E+01
  425   3.117691453623980E+01  -8.000000000000000E+00
  426   3.117691453623980E+01  -6.000000000000000E+00
  427   3.117691453623980E+01  -4.000000000000000E+00
  428   3.117691453623980E+01  -2.000000000000000E+00
  429   3.117691453623980E+01   0.000000000000000E+00
  430   3.290896534380867E+01  -2.000000000000000E+01
  431   3.290896534380867E+01  -1.800000000000000E+01
  432   3.290896534380867E+01  -1.600000000000000E+01
  433   3.290896534380867E+01  -1.400000000000000E+01
  434   3.290896534380867E+01  -1.200000000000000E+01
  435   3.290896534380867E+01  -1.000000000000000E+01
  436   3.290896534380867E+01  -8.000000000000000E+00
  437   3.290896534380867E+01  -6.000000000000000E+00
  438   3.290896534380867E+01  -4.000000000000000E+00
  439   3.290896534380867E+01  -2.000000000000000E+00
  440   3.290896534380867E+01   0.000000000000000E+00
  441   3.464101615137755E+01  -2.000000000000000E+01
  442   3.464101615137755E+01  -1.800000000000000E+01
  443   3.464101615137755E+01  -1.600000000000000E+01
  444   3.464101615137755E+01  -1.400000000000000E+01
  445   3.464101615137755E+01  -1.200000000000000E+01
  446   3.464101615137755E+01  -1.000000000000000E+01
  447   3.464101615137755E+01  -8.000000000000000E+00
  448   3.464101615137755E+01  -6.000000000000000E+00
  449   3.464101615137755E+01  -4.000000000000000E+00
  450   3.464101615137755E+01  -2.000000000000000E+00
  451   3.464101615137755E+01   0.000000000000000E+00
  452  -3.464101615137755E+01  -6.000000000000000E+01
  453  -3.464101615137755E+01  -5.800000000000000E+01
  454  -3.464101615137755E+01  -5.600000000000000E+01
  455  -3.464101615137755E+01  -5.400000000000000E+01
  456  -3.464101615137755E+01  -5.200000000000000E+01
  457  -3.464101615137755E+01  -5.000000000000000E+01
  458  -3.464101615137755E+01  -4.800000000000000E+01
  459  -3.464101615137755E+01  -4.600000000000000E+01
  460  -3.464101615137755E+01  -4.400000000000000E+01
  461  -3.464101615137755E+01  -4.200000000000000E+01
  462  -3.464101615137755E+01  -4.000000000000000E+01
  463  -3.290896534380867E+01  -6.000000000000000E+01
  464  -3.290896534380867E+01  -5.800000000000000E+01
  465  -3.290896534380867E+01  -5.600000000000000E+01
  466  -3.290896534380867E+01  -5.400000000000000E+01
  467  -3.290896534380867E+01  -5.200000000000000E+01
  468  -3.290896534380867E+01  -5.000000000000000E+01
  469  -3.290896534380867E+01  -4.800000000000000E+01
  470  -3.290896534380867E+01  -4.600000000000000E+01
  471  -3.290896534380867E+01  -4.400000000000000E+01
  472  -3.290896534380867E+01  -4.200000000000000E+01
  473  -3.290896534380867E+01  -4.000000000000000E+01
  474  -3.117691453623980E+01  -6.000000000000000E+01
  475  -3.117691453623980E+01  -5.800000000000000E+01
  476  -3.117691453623980E+01  -5.600000000000000E+01
  477  -3.117691453623980E+01  -5.400000000000000E+01
  478  -3.117691453623980E+01  -5.200000000000000E+01
  479  -3.117691453623980E+01  -5.000000000000000E+01
  480  -3.117691453623980E+01  -4.800000000000000E+01
  481  -3.117691453623980E+01  -4.600000000000000E+01
  482  -3.117691453623980E+01  -4.400000000000000E+01
  483  -3.117691453623980E+01  -4.200000000000000E+01
  484  -3.117691453623980E+01  -4.000000000000000E+01
  485  -2.944486372867092E+01  -6.000000000000000E+01
  486  -2.944486372867092E+01  -5.800000000000000E+01
  487  -2.944486372867092E+01  -5.600000000000000E+01
  488  -2.944486372867092E+01  -5.400000000000000E+01
  489  -2.944486372867092E+01  -5.200000000000000E+01
  490  -2.944486372867092E+01  -5.000000000000000E+01
  491  -2.944486372867092E+01  -4.800000000000000E+01
  492  -2.944486372867092E+01  -4.600000000000000E+01
  493  -2.944486372867092E+01  -4.400000000000000E+01
  494  -2.944486372867092E+01  -4.200000000000000E+01
  495  -2.944486372867092E+01  -4.000000000000000E+01
  496  -2.771281292110204E+01  -6.000000000000000E+01
  497  -2.771281292110204E+01  -5.800000000000000E+01
  498  -2.771281292110204E+01  -5.600000000000000E+01
  499  -2.771281292110204E+01  -5.400000000000000E+01
  500  -2.771281292110204E+01  -5.200000000000000E+01
  501  -2.771281292110204E+01  -5.000000000000000E+01
  502  -2.771281292110204E+01  -4.800000000000000E+01
  503  -2.771281292110204E+01  -4.600000000000000E+01
  504  -2.771281292110204E+01  -4.400000000000000E+01
  505  -2.771281292110204E+01  -4.200000000000000E+01
  506  -2.771281292110204E+01  -4.000000000000000E+01
  507  -2.598076211353316E+01  -6.000000000000000E+01
  508  -2.598076211353316E+01  -5.800000000000000E+01
  509  -2.598076211353316E+01  -5.600000000000000E+01
  510  -2.598076211353316E+01  -5.400000000000000E+01
  511  -2.598076211353316E+01  -5.200000000000000E+01
  512  -2.598076211353316E+01  -5.000000000000000E+01
  513  -2.598076211353316E+01  -4.800000000000000E+01
  514  -2.598076211353316E+01  -4.600000000000000E+01
  515  -2.598076211353316E+01  -4.400000000000000E+01
  516  -2.598076211353316E+01  -4.200000000000000E+01
  517  -2.598076211353316E+01  -4.000000000000000E+01
  518  -2.424871130596429E+01  -6.000000000000000E+01
  519  -2.424871130596429E+01  -5.800000000000000E+01
  520  -2.424871130596429E+01  -5.600000000000000E+01
  521  -2.424871130596429E+01  -5.400000000000000E+01
  522  -2.424871130596429E+01  -5.200000000000000E+01
  523  -2.424871130596429E+01  -5.000000000000000E+01
  524  -2.424871130596429E+01  -4.800000000000000E+01
  525  -2.424871130596429E+01  -4.600000000000000E+01
  526  -2.424871130596429E+01  -4.400000000000000E+01
  527  -2.424871130596429E+01  -4.200000000000000E+01
  528  -2.424871130596429E+01  -4.000000000000000E+01
  529  -2.251666049839541E+01  -6.000000000000000E+01
  530  -2.251666049839541E+01  -5.800000000000000E+01
  531  -2.251666049839541E+01  -5.600000000000000E+01
  532  -2.251666049839541E+01  -5.400000000000000E+01
  533  -2.251666049839541E+01  -5.200000000000000E+01
  534  -2.251666049839541E+01  -5.000000000000000E+01
  535  -2.251666049839541E+01  -4.800000000000000E+01
  536  -2.251666049839541E+01  -4.600000000000000E+01
  537  -2.251666049839541E+01  -4.400000000000000E+01
  538  -2.251666049839541E+01  -4.200000000000000E+01
  539  -2.251666049839541E+01  -4.000000000000000E+01
  540  -2.078460969082653E+01  -6.000000000000000E+01
  541  -2.078460969082653E+01  -5.800000000000000E+01
  542  -2.078460969082653E+01  -5.600000000000000E+01
  543  -2.078460969082653E+01  -5.400000000000000E+01
  544  -2.078460969082653E+01  -5.200000000000000E+01
  545  -2.078460969082653E+01  -5.000000000000000E+01
  546  -2.078460969082653E+01  -4.800000000000000E+01
  547  -2.078460969082653E+01  -4.600000000000000E+01
  548  -2.078460969082653E+01  -4.400000000000000E+01
  549  -2.078460969082653E+01  -4.200000000000000E+01
  550  -2.078460969082653E+01  -4.000000000000000E+01
  551  -1.905255888325765E+01  -6.000000000000000E+01
  552  -1.905255888325765E+01  -5.800000000000000E+01
  553  -1.905255888325765E+01  -5.600000000000000E+01
  554  -1.905255888325765E+01  -5.400000000000000E+01
  555  -1.905255888325765E+01  -5.200000000000000E+01
  556  -1.905255888325765E+01  -5.000000000000000E+01
  557  -1.905255888325765E+01  -4.800000000000000E+01
  558  -1.905255888325765E+01  -4.600000000000000E+01
  559  -1.905255888325765E+01  -4.400000000000000E+01
  560  -1.905255888325765E+01  -4.200000000000000E+01
  561  -1.905255888325765E+01  -4.000000000000000E+01
  562  -1.732050807568877E+01  -6.000000000000000E+01
  563  -1.732050807568877E+01  -5.800000000000000E+01
  564  -1.732050807568877E+01  -5.600000000000000E+01
  565  -1.732050807568877E+01  -5.400000000000000E+01
  566  -1.732050807568877E+01  -5.200000000000000E+01
  567  -1.732050807568877E+01  -5.000000000000000E+01
  568  -1.732050807568877E+01  -4.800000000000000E+01
  569  -1.732050807568877E+01  -4.600000000000000E+01
  570  -1.732050807568877E+01  -4.400000000000000E+01
  571  -1.732050807568877E+01  -4.200000000000000E+01
  572  -1.732050807568877E+01  -4.000000000000000E+01
  573  -1.558845726811990E+01  -6.000000000000000E+01
  574  -1.558845726811990E+01  -5.800000000000000E+01
  575  -1.558845726811990E+01  -5.600000000000000E+01
  576  -1.558845726811990E+01  -5.400000000000000E+01
  577  -1.558845726811990E+01  -5.200000000000000E+01
  578  -1.558845726811990E+01  -5.000000000000000E+01
  579  -1.558845726811990E+01  -4.800000000000000E+01
  580  -1.558845726811990E+01  -4.600000000000000E+01
  581  -1.558845726811990E+01  -4.400000000000000E+01
  582  -1.558845726811990E+01  -4.200000000000000E+01
  583  -1.558845726811990E+01  -4.000000000000000E+01
  584  -1.385640646055102E+01  -6.000000000000000E+01
  585  -1.385640646055102E+01  -5.800000000000000E+01
  586  -1.385640646055102E+01  -5.600000000000000E+01
  587  -1.385640646055102E+01  -5.400000000000000E+01
  588  -1.385640646055102E+01  -5.200000000000000E+01
  589  -1.385640646055102E+01  -5.000000000000000E+01
  590  -1.385640646055102E+01  -4.800000000000000E+01
  591  -1.385640646055102E+01  -4.600000000000000E+01
  592  -1.385640646055102E+01  -4.400000000000000E+01
  593  -1.385640646055102E+01  -4.200000000000000E+01
  594  -1.385640646055102E+01  -4.000000000000000E+01
  595  -1.212435565298214E+01  -6.000000000000000E+01
  596  -1.212435565298214E+01  -5.800000000000000E+01
  597  -1.212435565298214E+01  -5.600000000000000E+01
  598  -1.212435565298214E+01  -5.400000000000000E+01
  599  -1.212435565298214E+01  -5.200000000000000E+01
  600  -1.212435565298214E+01  -5.000000000000000E+01
  601  -1.212435565298214E+01  -4.800000000000000E+01
  602  -1.212435565298214E+01  -4.600000000000000E+01
  603  -1.212435565298214E+01  -4.400000000000000E+01
  604  -1.212435565298214E+01  -4.200000000000000E+01
  605  -1.212435565298214E+01  -4.000000000000000E+01
  606  -1.039230484541326E+01  -6.000000000000000E+01
  607  -1.039230484541326E+01  -5.800000000000000E+01
  608  -1.039230484541326E+01  -5.600000000000000E+01
  609  -1.039230484541326E+01  -5.400000000000000E+01
  610  -1.039230484541326E+01  -5.200000000000000E+01
  611  -1.039230484541326E+01  -5.000000000000000E+01
  612  -1.039230484541326E+01  -4.800000000000000E+01
  613  -1.039230484541326E+01  -4.600000000000000E+01
  614  -1.039230484541326E+01  -4.400000000000000E+01
  615  -1.039230484541326E+01  -4.200000000000000E+01
  616  -1.039230484541326E+01  -4.000000000000000E+01
  617  -8.660254037844389E+00  -6.000000000000000E+01
  618  -8.660254037844389E+00  -5.800000000000000E+01
  619  -8.660254037844389E+00  -5.600000000000000E+01
  620  -8.660254037844389E+00  -5.400000000000000E+01
  621  -8.660254037844389E+00  -5.200000000000000E+01
  622  -8.660254037844389E+00  -5.000000000000000E+01
  623  -8.660254037844389E+00  -4.800000000000000E+01
  624  -8.660254037844389E+00  -4.600000000000000E+01
  625  -8.660254037844389E+00  -4.400000000000000E+01
  626  -8.660254037844389E+00  -4.200000000000000E+01
  627  -8.660254037844389E+00  -4.000000000000000E+01
  628  -6.928203230275511E+00  -6.000000000000000E+01
  629  -6.928203230275511E+00  -5.800000000000000E+01
  630  -6.928203230275511E+00  -5.600000000000000E+01
  631  -6.928203230275511E+00  -5.400000000000000E+01
  632  -6.928203230275511E+00  -5.200000000000000E+01
  633  -6.928203230275511E+00  -5.000000000000000E+01
  634  -6.928203230275511E+00  -4.800000000000000E+01
  635  -6.928203230275511E+00  -4.600000000000000E+01
  636  -6.928203230275511E+00  -4.400000000000000E+01
  637  -6.928203230275511E+00  -4.200000000000000E+01
  638  -6.928203230275511E+00  -4.000000000000000E+01
  639  -5.196152422706632E+00  -6.000000000000000E+01
  640  -5.196152422706632E+00  -5.800000000000000E+01
  641  -5.196152422706632E+00  -5.600000000000000E+01
  642  -5.196152422706632E+00  -5.400000000000000E+01
  643  -5.196152422706632E+00  -5.200000000000000E+01
  644  -5.196152422706632E+00  -5.000000000000000E+01
  645  -5.196152422706632E+00  -4.800000000000000E+01
  646  -5.196152422706632E+00  -4.600000000000000E+01
  647  -5.196152422706632E+00  -4.400000000000000E+01
  648  -5.196152422706632E+00  -4.200000000000000E+01
  649  -5.196152422706632E+00  -4.000000000000000E+01
  650  -3.464101615137757E+00  -6.000000000000000E+01
  651  -3.464101615137757E+00  -5.800000000000000E+01
  652  -3.464101615137757E+00  -5.600000000000000E+01
  653  -3.464101615137757E+00  -5.400000000000000E+01
  654  -3.464101615137757E+00  -5.200000000000000E+01
  655  -3.464101615137757E+00  -5.000000000000000E+01
  656  -3.464101615137757E+00  -4.800000000000000E+01
  657  -3.464101615137757E+00  -4.600000000000000E+01
  658  -3.464101615137757E+00  -4.400000000000000E+01
  659  -3.464101615137757E+00  -4.200000000000000E+01
  660  -3.464101615137757E+00  -4.000000000000000E+01
  661  -1.732050807568875E+00  -6.000000000000000E+01
  662  -1.732050807568875E+00  -5.800000000000000E+01
  663  -1.732050807568875E+00  -5.600000000000000E+01
  664  -1.732050807568875E+00  -5.400000000000000E+01
  665  -1.732050807568875E+00  -5.200000000000000E+01
  666  -1.732050807568875E+00  -5.000000000000000E+01
  667  -1.732050807568875E+00  -4.800000000000000E+01
  668  -1.732050807568875E+00  -4.600000000000000E+01
  669  -1.732050807568875E+00  -4.400000000000000E+01
  670  -1.732050807568875E+00  -4.200000000000000E+01
  671  -1.732050807568875E+00  -4.000000000000000E+01
  672   0.000000000000000E+00  -6.000000000000000E+01
  673   0.000000000000000E+00  -5.800000000000000E+01
  674   0.000000000000000E+00  -5.600000000000000E+01
  675   0.000000000000000E+00  -5.400000000000000E+01
  676   0.000000000000000E+00  -5.200000000000000E+01
  677   0.000000000000000E+00  -5.000000000000000E+01
  678   0.000000000000000E+00  -4.800000000000000E+01
  679   0.000000000000000E+00  -4.600000000000000E+01
  680   0.000000000000000E+00  -4.400000000000000E+01
  681   0.000000000000000E+00  -4.200000000000000E+01
  682   0.000000000000000E+00  -4.000000000000000E+01
  683   1.732050807568875E+00  -6.000000000000000E+01
  684   1.732050807568875E+00  -5.800000000000000E+01
  685   1.732050807568875E+00  -5.600000000000000E+01
  686   1.732050807568875E+00  -5.400000000000000E+01
  687   1.732050807568875E+00  -5.200000000000000E+01
  688   1.732050807568875E+00  -5.000000000000000E+01
  689   1.732050807568875E+00  -4.800000000000000E+01
  690   1.732050807568875E+00  -4.600000000000000E+01
  691   1.732050807568875E+00  -4.400000000000000E+01
  692   1.732050807568875E+00  -4.200000000000000E+01
  693   1.732050807568875E+00  -4.000000000000000E+01
  694   3.464101615137757E+00  -6.000000000000000E+01
  695   3.464101615137757E+00  -5.800000000000000E+01
  696   3.464101615137757E+00  -5.600000000000000E+01
  697   3.464101615137757E+00  -5.400000000000000E+01
  698   3.464101615137757E+00  -5.200000000000000E+01
  699   3.464101615137757E+00  -5.000000000000000E+01
  700   3.464101615137757E+00  -4.800000000000000E+01
  701   3.464101615137757E+00  -4.600000000000000E+01
  702   3.464101615137757E+00  -4.400000000000000E+01
  703   3.464101615137757E+00  -4.200000000000000E+01
  704   3.464101615137757E+00  -4.000000000000000E+01
  705   5.196152422706632E+00  -6.000000000000000E+01
  706   5.196152422706632E+00  -5.800000000000000E+01
  707   5.196152422706632E+00  -5.600000000000000E+01
  708   5.196152422706632E+00  -5.400000000000000E+01
  709   5.196152422706632E+00  -5.200000000000000E+01
  710   5.196152422706632E+00  -5.000000000000000E+01
  711   5.196152422706632E+00  -4.800000000000000E+01
  712   5.196152422706632E+00  -4.600000000000000E+01
  713   5.196152422706632E+00  -4.400000000000000E+01
  714   5.196152422706632E+00  -4.200000000000000E+01
  715   5.196152422706632E+00  -4.000000000000000E+01
  716   6.928203230275507E+00  -6.000000000000000E+01
  717   6.928203230275507E+00  -5.800000000000000E+01
  718   6.928203230275507E+00  -5.600000000000000E+01
  719   6.928203230275507E+00  -5.400000000000000E+01
  720   6.928203230275507E+00  -5.200000000000000E+01
  721   6.928203230275507E+00  -5.000000000000000E+01
  722   6.928203230275507E+00  -4.800000000000000E+01
  723   6.928203230275507E+00  -4.600000000000000E+01
  724   6.928203230275507E+00  -4.400000000000000E+01
  725   6.928203230275507E+00  -4.200000000000000E+01
  726   6.928203230275507E+00  -4.000000000000000E+01
  727   8.660254037844389E+00  -6.000000000000000E+01
  728   8.660254037844389E+00  -5.800000000000000E+01
  729   8.660254037844389E+00  -5.600000000000000E+01
  730   8.660254037844389E+00  -5.400000000000000E+01
  731   8.660254037844389E+00  -5.200000000000000E+01
  732   8.660254037844389E+00  -5.000000000000000E+01
  733   8.660254037844389E+00  -4.800000000000000E+01
  734   8.660254037844389E+00  -4.600000000000000E+01
  735   8.660254037844389E+00  -4.400000000000000E+01
  736   8.660254037844389E+00  -4.200000000000000E+01
  737   8.660254037844389E+00  -4.000000000000000E+01
  738   1.039230484541326E+01  -6.000000000000000E+01
  739   1.039230484541326E+01  -5.800000000000000E+01
  740   1.039230484541326E+01  -5.600000000000000E+01
  741   1.039230484541326E+01  -5.400000000000000E+01
  742   1.039230484541326E+01  -5.200000000000000E+01
  743   1.039230484541326E+01  -5.000000000000000E+01
  744   1.039230484541326E+01  -4.800000000000000E+01
  745   1.039230484541326E+01  -4.600000000000000E+01
  746   1.039230484541326E+01  -4.400000000000000E+01
  747   1.039230484541326E+01  -4.200000000000000E+01
  748   1.039230484541326E+01  -4.000000000000000E+01
  749   1.212435565298214E+01  -6.000000000000000E+01
  750   1.212435565298214E+01  -5.800000000000000E+01
  751   1.212435565298214E+01  -5.600000000000000E+01
  752   1.212435565298214E+01  -5.400000000000000E+01
  753   1.212435565298214E+01  -5.200000000000000E+01
  754   1.212435565298214E+01  -5.000000000000000E+01
  755   1.212435565298214E+01  -4.800000000000000E+01
  756   1.212435565298214E+01  -4.600000000000000E+01
  757   1.212435565298214E+01  -4.400000000000000E+01
  758   1.212435565298214E+01  -4.200000000000000E+01
  759   1.212435565298214E+01  -4.000000000000000E+01
  760   1.385640646055102E+01  -6.000000000000000E+01
  761   1.385640646055102E+01  -5.800000000000000E+01
  762   1.385640646055102E+01  -5.600000000000000E+01
  763   1.385640646055102E+01  -5.400000000000000E+01
  764   1.385640646055102E+01  -5.200000000000000E+01
  765   1.385640646055102E+01  -5.000000000000000E+01
  766   1.385640646055102E+01  -4.800000000000000E+01
  767   1.385640646055102E+01  -4.600000000000000E+01
  768   1.385640646055102E+01  -4.400000000000000E+01
  769   1.385640646055102E+01  -4.200000000000000E+01
  770   1.385640646055102E+01  -4.000000000000000E+01
  771   1.558845726811990E+01  -6.000000000000000E+01
  772   1.558845726811990E+01  -5.800000000000000E+01
  773   1.558845726811990E+01  -5.600000000000000E+01
  774   1.558845726811990E+01  -5.400000000000000E+01
  775   1.558845726811990E+01  -5.200000000000000E+01
  776   1.558845726811990E+01  -5.000000000000000E+01
  777   1.558845726811990E+01  -4.800000000000000E+01
  778   1.558845726811990E+01  -4.600000000000000E+01
  779   1.558845726811990E+01  -4.400000000000000E+01
  780   1.558845726811990E+01  -4.200000000000000E+01
  781   1.558845726811990E+01  -4.000000000000000E+01
  782   1.732050807568877E+01  -6.000000000000000E+01
  783   1.732050807568877E+01  -5.800000000000000E+01
  784   1.732050807568877E+01  -5.600000000000000E+01
  785   1.732050807568877E+01  -5.400000000000000E+01
  786   1.732050807568877E+01  -5.200000000000000E+01
  787   1.732050807568877E+01  -5.000000000000000E+01
  788   1.732050807568877E+01  -4.800000000000000E+01
  789   1.732050807568877E+01  -4.600000000000000E+01
  790   1.732050807568877E+01  -4.400000000000000E+01
  791   1.732050807568877E+01  -4.200000000000000E+01
  792   1.732050807568877E+01  -4.000000000000000E+01
  793   1.905255888325765E+01  -6.000000000000000E+01
  794   1.905255888325765E+01  -5.800000000000000E+01
  795   1.905255888325765E+01  -5.600000000000000E+01
  796   1.905255888325765E+01  -5.400000000000000E+01
  797   1.905255888325765E+01  -5.200000000000000E+01
  798   1.905255888325765E+01  -5.000000000000000E+01
  799   1.905255888325765E+01  -4.800000000000000E+01
  800   1.905255888325765E+01  -4.600000000000000E+01
  801   1.905255888325765E+01  -4.400000000000000E+01
  802   1.905255888325765E+01  -4.200000000000000E+01
  803   1.905255888325765E+01  -4.000000000000000E+01
  804   2.078460969082653E+01  -6.000000000000000E+01
  805   2.078460969082653E+01  -5.800000000000000E+01
  806   2.078460969082653E+01  -5.600000000000000E+01
  807   2.078460969082653E+01  -5.400000000000000E+01
  808   2.078460969082653E+01  -5.200000000000000E+01
  809   2.078460969082653E+01  -5.000000000000000E+01
  810   2.078460969082653E+01  -4.800000000000000E+01
  811   2.078460969082653E+01  -4.600000000000000E+01
  812   2.078460969082653E+01  -4.400000000000000E+01
  813   2.078460969082653E+01  -4.200000000000000E+01
  814   2.078460969082653E+01  -4.000000000000000E+01
  815   2.251666049839540E+01  -6.000000000000000E+01
  816   2.251666049839540E+01  -5.800000000000000E+01
  817   2.251666049839540E+01  -5.600000000000000E+01
  818   2.251666049839540E+01  -5.400000000000000E+01
  819   2.251666049839540E+01  -5.200000000000000E+01
  820   2.251666049839540E+01  -5.000000000000000E+01
  821   2.251666049839540E+01  -4.800000000000000E+01
  822   2.251666049839540E+01  -4.600000000000000E+01
  823   2.251666049839540E+01  -4.400000000000000E+01
  824   2.251666049839540E+01  -4.200000000000000E+01
  825   2.251666049839540E+01  -4.000000000000000E+01
  826   2.424871130596429E+01  -6.000000000000000E+01
  827   2.424871130596429E+01  -5.800000000000000E+01
  828   2.424871130596429E+01  -5.600000000000000E+01
  829   2.424871130596429E+01  -5.400000000000000E+01
  830   2.424871130596429E+01  -5.200000000000000E+01
  831   2.424871130596429E+01  -5.000000000000000E+01
  832   2.424871130596429E+01  -4.800000000000000E+01
  833   2.424871130596429E+01  -4.600000000000000E+01
  834   2.424871130596429E+01  -4.400000000000000E+01
  835   2.424871130596429E+01  -4.200000000000000E+01
  836   2.424871130596429E+01  -4.000000000000000E+01
  837   2.598076211353316E+01  -6.000000000000000E+01
  838   2.598076211353316E+01  -5.800000000000000E+01
  839   2.598076211353316E+01  -5.600000000000000E+01
  840   2.598076211353316E+01  -5.400000000000000E+01
  841   2.598076211353316E+01  -5.200000000000000E+01
  842   2.598076211353316E+01  -5.000000000000000E+01
  843   2.598076211353316E+01  -4.800000000000000E+01
  844   2.598076211353316E+01  -4.600000000000000E+01
  845   2.598076211353316E+01  -4.400000000000000E+01
  846   2.598076211353316E+01  -4.200000000000000E+01
  847   2.598076211353316E+01  -4.000000000000000E+01
  848   2.771281292110204E+01  -6.000000000000000E+01
  849   2.771281292110204E+01  -5.800000000000000E+01
  850   2.771281292110204E+01  -5.600000000000000E+01
  851   2.771281292110204E+01  -5.400000000000000E+01
  852   2.771281292110204E+01  -5.200000000000000E+01
  853   2.771281292110204E+01  -5.000000000000000E+01
  854   2.771281292110204E+01  -4.800000000000000E+01
  855   2.771281292110204E+01  -4.600000000000000E+01
  856   2.771281292110204E+01  -4.400000000000000E+01
  857   2.771281292110204E+01  -4.200000000000000E+01
  858   2.771281292110204E+01  -4.000000000000000E+01
  859   2.944486372867092E+01  -6.000000000000000E+01
  860   2.944486372867092E+01  -5.800000000000000E+01
  861   2.944486372867092E+01  -5.600000000000000E+01
  862   2.944486372867092E+01  -5.400000000000000E+01
  863   2.944486372867092E+01  -5.200000000000000E+01
  864   2.944486372867092E+01  -5.000000000000000E+01
  865   2.944486372867092E+01  -4.800000000000000E+01
  866   2.944486372867092E+01  -4.600000000000000E+01
  867   2.944486372867092E+01  -4.400000000000000E+01
  868   2.944486372867092E+01  -4.200000000000000E+01
  869   2.944486372867092E+01  -4.000000000000000E+01
  870   3.117691453623980E+01  -6.000000000000000E+01
  871   3.117691453623980E+01  -5.800000000000000E+01
  872   3.117691453623980E+01  -5.600000000000000E+01
  873   3.117691453623980E+01  -5.400000000000000E+01
  874   3.117691453623980E+01  -5.200000000000000E+01
  875   3.117691453623980E+01  -5.000000000000000E+01
  876   3.117691453623980E+01  -4.800000000000000E+01
  877   3.117691453623980E+01  -4.600000000000000E+01
  878   3.117691453623980E+01  -4.400000000000000E+01
  879   3.117691453623980E+01  -4.200000000000000E+01
  880   3.117691453623980E+01  -4.000000000000000E+01
  881   3.290896534380867E+01  -6.000000000000000E+01
  882   3.290896534380867E+01  -5.800000000000000E+01
  883   3.290896534380867E+01  -5.600000000000000E+01
  884   3.290896534380867E+01  -5.400000000000000E+01
  885   3.290896534380867E+01  -5.200000000000000E+01
  886   3.290896534380867E+01  -5.000000000000000E+01
  887   3.290896534380867E+01  -4.800000000000000E+01
  888   3.290896534380867E+01  -4.600000000000000E+01
  889   3.290896534380867E+01  -4.400000000000000E+01
  890   3.290896534380867E+01  -4.200000000000000E+01
  891   3.290896534380867E+01  -4.000000000000000E+01
  892   3.464101615137755E+01  -6.000000000000000E+01
  893   3.464101615137755E+01  -5.800000000000000E+01
  894   3.464101615137755E+01  -5.600000000000000E+01
  895   3.464101615137755E+01  -5.400000000000000E+01
  896   3.464101615137755E+01  -5.200000000000000E+01
  897   3.464101615137755E+01  -5.000000000000000E+01
  898   3.464101615137755E+01  -4.800000000000000E+01
  899   3.464101615137755E+01  -4.600000000000000E+01
  900   3.464101615137755E+01  -4.400000000000000E+01
  901   3.464101615137755E+01  -4.200000000000000E+01
  902   3.464101615137755E+01  -4.000000000000000E+01
      3
   452        892   11    1       1     0
    11        451   11    1       0       0
      0      0      0      0      0      0
       1     9
 5.0d8  3.00E-01  0.00E+00  0.00E+00  0.00E+00  0.00E+00  0.00E+00  0.00E+00  1.00E-3  
       2    9
 300.0d8  3.00E-01  0.00E+00  0.00E+00  0.00E+00  0.00E+00  0.00E+00  0.00E+00  1.00E-3  
       0      0      0      0      0      0      0      0      0      0      0      0

  1
'ph9_3'
    200      9      9      3
              1              1             23             25              3             12             24             14              2             13              2              1
              2              3             25             27              5             14             26             16              4             15              2              1
              3              5             27             29              7             16             28             18              6             17              2              1
              4              7             29             31              9             18             30             20              8             19              2              1
              5              9             31             33             11             20             32             22             10             21              2              1
              6             23             45             47             25             34             46             36             24             35              2              1
              7             25             47             49             27             36             48             38             26             37              2              1
              8             27             49             51             29             38             50             40             28             39              2              1
              9             29             51             53             31             40             52             42             30             41              2              1
             10             31             53             55             33             42             54             44             32             43              2              1
             11             45             67             69             47             56             68             58             46             57              2              1
             12             47             69             71             49             58             70             60             48             59              2              1
             13             49             71             73             51             60             72             62             50             61              2              1
             14             51             73             75             53             62             74             64             52             63              2              1
             15             53             75             77             55             64             76             66             54             65              2              1
             16             67             89             91             69             78             90             80             68             79              2              1
             17             69             91             93             71             80             92             82             70             81              2              1
             18             71             93             95             73             82             94             84             72             83              2              1
             19             73             95             97             75             84             96             86             74             85              2              1
             20             75             97             99             77             86             98             88             76             87              2              1
             21             89            111            113             91            100            112            102             90            101              2              1
             22             91            113            115             93            102            114            104             92            103              2              1
             23             93            115            117             95            104            116            106             94            105              2              1
             24             95            117            119             97            106            118            108             96            107              2              1
             25             97            119            121             99            108            120            110             98            109              2              1
             26            111            133            135            113            122            134            124            112            123              2              1
             27            113            135            137            115            124            136            126            114            125              2              1
             28            115            137            139            117            126            138            128            116            127              2              1
             29            117            139            141            119            128            140            130            118            129              2              1
             30            119            141            143            121            130            142            132            120            131              2              1
             31            133            155            157            135            144            156            146            134            145              2              1
             32            135            157            159            137            146            158            148            136            147              2              1
             33            137            159            161            139            148            160            150            138            149              2              1
             34            139            161            163            141            150            162            152            140            151              2              1
             35            141            163            165            143            152            164            154            142            153              2              1
             36            155            177            179            157            166            178            168            156            167              2              1
             37            157            179            181            159            168            180            170            158            169              2              1
             38            159            181            183            161            170            182            172            160            171              2              1
             39            161            183            185            163            172            184            174            162            173              2              1
             40            163            185            187            165            174            186            176            164            175              2              1
             41            177            199            201            179            188            200            190            178            189              2              1
             42            179            201            203            181            190            202            192            180            191              2              1
             43            181            203            205            183            192            204            194            182            193              2              1
             44            183            205            207            185            194            206            196            184            195              2              1
             45            185            207            209            187            196            208            198            186            197              2              1
             46            199            221            223            201            210            222            212            200            211              2              1
             47            201            223            225            203            212            224            214            202            213              2              1
             48            203            225            227            205            214            226            216            204            215              2              1
             49            205            227            229            207            216            228            218            206            217              2              1
             50            207            229            231            209            218            230            220            208            219              2              1
             51            221            243            245            223            232            244            234            222            233              2              1
             52            223            245            247            225            234            246            236            224            235              2              1
             53            225            247            249            227            236            248            238            226            237              2              1
             54            227            249            251            229            238            250            240            228            239              2              1
             55            229            251            253            231            240            252            242            230            241              2              1
             56            243            265            267            245            254            266            256            244            255              2              1
             57            245            267            269            247            256            268            258            246            257              2              1
             58            247            269            271            249            258            270            260            248            259              2              1
             59            249            271            273            251            260            272            262            250            261              2              1
             60            251            273            275            253            262            274            264            252            263              2              1
             61            265            287            289            267            276            288            278            266            277              2              1
             62            267            289            291            269            278            290            280            268            279              2              1
             63            269            291            293            271            280            292            282            270            281              2              1
             64            271            293            295            273            282            294            284            272            283              2              1
             65            273            295            297            275            284            296            286            274            285              2              1
             66            287            309            311            289            298            310            300            288            299              2              1
             67            289            311            313            291            300            312            302            290            301              2              1
             68            291            313            315            293            302            314            304            292            303              2              1
             69            293            315            317            295            304            316            306            294            305              2              1
             70            295            317            319            297            306            318            308            296            307              2              1
             71            309            331            333            311            320            332            322            310            321              2              1
             72            311            333            335            313            322            334            324            312            323              2              1
             73            313            335            337            315            324            336            326            314            325              2              1
             74            315            337            339            317            326            338            328            316            327              2              1
             75            317            339            341            319            328            340            330            318            329              2              1
             76            331            353            355            333            342            354            344            332            343              2              1
             77            333            355            357            335            344            356            346            334            345              2              1
             78            335            357            359            337            346            358            348            336            347              2              1
             79            337            359            361            339            348            360            350            338            349              2              1
             80            339            361            363            341            350            362            352            340            351              2              1
             81            353            375            377            355            364            376            366            354            365              2              1
             82            355            377            379            357            366            378            368            356            367              2              1
             83            357            379            381            359            368            380            370            358            369              2              1
             84            359            381            383            361            370            382            372            360            371              2              1
             85            361            383            385            363            372            384            374            362            373              2              1
             86            375            397            399            377            386            398            388            376            387              2              1
             87            377            399            401            379            388            400            390            378            389              2              1
             88            379            401            403            381            390            402            392            380            391              2              1
             89            381            403            405            383            392            404            394            382            393              2              1
             90            383            405            407            385            394            406            396            384            395              2              1
             91            397            419            421            399            408            420            410            398            409              2              1
             92            399            421            423            401            410            422            412            400            411              2              1
             93            401            423            425            403            412            424            414            402            413              2              1
             94            403            425            427            405            414            426            416            404            415              2              1
             95            405            427            429            407            416            428            418            406            417              2              1
             96            419            441            443            421            430            442            432            420            431              2              1
             97            421            443            445            423            432            444            434            422            433              2              1
             98            423            445            447            425            434            446            436            424            435              2              1
             99            425            447            449            427            436            448            438            426            437              2              1
            100            427            449            451            429            438            450            440            428            439              2              1
            101            452            474            476            454            463            475            465            453            464              1              1
            102            454            476            478            456            465            477            467            455            466              1              1
            103            456            478            480            458            467            479            469            457            468              1              1
            104            458            480            482            460            469            481            471            459            470              1              1
            105            460            482            484            462            471            483            473            461            472              1              1
            106            474            496            498            476            485            497            487            475            486              1              1
            107            476            498            500            478            487            499            489            477            488              1              1
            108            478            500            502            480            489            501            491            479            490              1              1
            109            480            502            504            482            491            503            493            481            492              1              1
            110            482            504            506            484            493            505            495            483            494              1              1
            111            496            518            520            498            507            519            509            497            508              1              1
            112            498            520            522            500            509            521            511            499            510              1              1
            113            500            522            524            502            511            523            513            501            512              1              1
            114            502            524            526            504            513            525            515            503            514              1              1
            115            504            526            528            506            515            527            517            505            516              1              1
            116            518            540            542            520            529            541            531            519            530              1              1
            117            520            542            544            522            531            543            533            521            532              1              1
            118            522            544            546            524            533            545            535            523            534              1              1
            119            524            546            548            526            535            547            537            525            536              1              1
            120            526            548            550            528            537            549            539            527            538              1              1
            121            540            562            564            542            551            563            553            541            552              1              1
            122            542            564            566            544            553            565            555            543            554              1              1
            123            544            566            568            546            555            567            557            545            556              1              1
            124            546            568            570            548            557            569            559            547            558              1              1
            125            548            570            572            550            559            571            561            549            560              1              1
            126            562            584            586            564            573            585            575            563            574              1              1
            127            564            586            588            566            575            587            577            565            576              1              1
            128            566            588            590            568            577            589            579            567            578              1              1
            129            568            590            592            570            579            591            581            569            580              1              1
            130            570            592            594            572            581            593            583            571            582              1              1
            131            584            606            608            586            595            607            597            585            596              1              1
            132            586            608            610            588            597            609            599            587            598              1              1
            133            588            610            612            590            599            611            601            589            600              1              1
            134            590            612            614            592            601            613            603            591            602              1              1
            135            592            614            616            594            603            615            605            593            604              1              1
            136            606            628            630            608            617            629            619            607            618              1              1
            137            608            630            632            610            619            631            621            609            620              1              1
            138            610            632            634            612            621            633            623            611            622              1              1
            139            612            634            636            614            623            635            625            613            624              1              1
            140            614            636            638            616            625            637            627            615            626              1              1
            141            628            650            652            630            639            651            641            629            640              1              1
            142            630            652            654            632            641            653            643            631            642              1              1
            143            632            654            656            634            643            655            645            633            644              1              1
            144            634            656            658            636            645            657            647            635            646              1              1
            145            636            658            660            638            647            659            649            637            648              1              1
            146            650            672            674            652            661            673            663            651            662              1              1
            147            652            674            676            654            663            675            665            653            664              1              1
            148            654            676            678            656            665            677            667            655            666              1              1
            149            656            678            680            658            667            679            669            657            668              1              1
            150            658            680            682            660            669            681            671            659            670              1              1
            151            672            694            696            674            683            695            685            673            684              1              1
            152            674            696            698            676            685            697            687            675            686              1              1
            153            676            698            700            678            687            699            689            677            688              1              1
            154            678            700            702            680            689            701            691            679            690              1              1
            155            680            702            704            682            691            703            693            681            692              1              1
            156            694            716            718            696            705            717            707            695            706              1              1
            157            696            718            720            698            707            719            709            697            708              1              1
            158            698            720            722            700            709            721            711            699            710              1              1
            159            700            722            724            702            711            723            713            701            712              1              1
            160            702            724            726            704            713            725            715            703            714              1              1
            161            716            738            740            718            727            739            729            717            728              1              1
            162            718            740            742            720            729            741            731            719            730              1              1
            163            720            742            744            722            731            743            733            721            732              1              1
            164            722            744            746            724            733            745            735            723            734              1              1
            165            724            746            748            726            735            747            737            725            736              1              1
            166            738            760            762            740            749            761            751            739            750              1              1
            167            740            762            764            742            751            763            753            741            752              1              1
            168            742            764            766            744            753            765            755            743            754              1              1
            169            744            766            768            746            755            767            757            745            756              1              1
            170            746            768            770            748            757            769            759            747            758              1              1
            171            760            782            784            762            771            783            773            761            772              1              1
            172            762            784            786            764            773            785            775            763            774              1              1
            173            764            786            788            766            775            787            777            765            776              1              1
            174            766            788            790            768            777            789            779            767            778              1              1
            175            768            790            792            770            779            791            781            769            780              1              1
            176            782            804            806            784            793            805            795            783            794              1              1
            177            784            806            808            786            795            807            797            785            796              1              1
            178            786            808            810            788            797            809            799            787            798              1              1
            179            788            810            812            790            799            811            801            789            800              1              1
            180            790            812            814            792            801            813            803            791            802              1              1
            181            804            826            828            806            815            827            817            805            816              1              1
            182            806            828            830            808            817            829            819            807            818              1              1
            183            808            830            832            810            819            831            821            809            820              1              1
            184            810            832            834            812            821            833            823            811            822              1              1
            185            812            834            836            814            823            835            825            813            824              1              1
            186            826            848            850            828            837            849            839            827            838              1              1
            187            828            850            852            830            839            851            841            829            840              1              1
            188            830            852            854            832            841            853            843            831            842              1              1
            189            832            854            856            834            843            855            845            833            844              1              1
            190            834            856            858            836            845            857            847            835            846              1              1
            191            848            870            872            850            859            871            861            849            860              1              1
            192            850            872            874            852            861            873            863            851            862              1              1
            193            852            874            876            854            863            875            865            853            864              1              1
            194            854            876            878            856            865            877            867            855            866              1              1
            195            856            878            880            858            867            879            869            857            868              1              1
            196            870            892            894            872            881            893            883            871            882              1              1
            197            872            894            896            874            883            895            885            873            884              1              1
            198            874            896            898            876            885            897            887            875            886              1              1
            199            876            898            900            878            887            899            889            877            888              1              1
            200            878            900            902            880            889            901            891            879            890              1              1
       0      0      0      0      0      0      0      0      0      0      0      0
