Analysis for,q9 combined geometry  462   nodes  100    elements

1.00000E-08
  462    2
    1  -3.464101615137755E+01  -2.000000000000000E+01
    2  -3.464101615137755E+01  -1.800000000000000E+01
    3  -3.464101615137755E+01  -1.600000000000000E+01
    4  -3.464101615137755E+01  -1.400000000000000E+01
    5  -3.464101615137755E+01  -1.200000000000000E+01
    6  -3.464101615137755E+01  -1.000000000000000E+01
    7  -3.464101615137755E+01  -8.000000000000000E+00
    8  -3.464101615137755E+01  -6.000000000000000E+00
    9  -3.464101615137755E+01  -4.000000000000000E+00
   10  -3.464101615137755E+01  -2.000000000000000E+00
   11  -3.464101615137755E+01   0.000000000000000E+00
   12  -3.117691453623980E+01  -2.000000000000000E+01
   13  -3.117691453623980E+01  -1.800000000000000E+01
   14  -3.117691453623980E+01  -1.600000000000000E+01
   15  -3.117691453623980E+01  -1.400000000000000E+01
   16  -3.117691453623980E+01  -1.200000000000000E+01
   17  -3.117691453623980E+01  -1.000000000000000E+01
   18  -3.117691453623980E+01  -8.000000000000000E+00
   19  -3.117691453623980E+01  -6.000000000000000E+00
   20  -3.117691453623980E+01  -4.000000000000000E+00
   21  -3.117691453623980E+01  -2.000000000000000E+00
   22  -3.117691453623980E+01   0.000000000000000E+00
   23  -2.771281292110204E+01  -2.000000000000000E+01
   24  -2.771281292110204E+01  -1.800000000000000E+01
   25  -2.771281292110204E+01  -1.600000000000000E+01
   26  -2.771281292110204E+01  -1.400000000000000E+01
   27  -2.771281292110204E+01  -1.200000000000000E+01
   28  -2.771281292110204E+01  -1.000000000000000E+01
   29  -2.771281292110204E+01  -8.000000000000000E+00
   30  -2.771281292110204E+01  -6.000000000000000E+00
   31  -2.771281292110204E+01  -4.000000000000000E+00
   32  -2.771281292110204E+01  -2.000000000000000E+00
   33  -2.771281292110204E+01   0.000000000000000E+00
   34  -2.424871130596429E+01  -2.000000000000000E+01
   35  -2.424871130596429E+01  -1.800000000000000E+01
   36  -2.424871130596429E+01  -1.600000000000000E+01
   37  -2.424871130596429E+01  -1.400000000000000E+01
   38  -2.424871130596429E+01  -1.200000000000000E+01
   39  -2.424871130596429E+01  -1.000000000000000E+01
   40  -2.424871130596429E+01  -8.000000000000000E+00
   41  -2.424871130596429E+01  -6.000000000000000E+00
   42  -2.424871130596429E+01  -4.000000000000000E+00
   43  -2.424871130596429E+01  -2.000000000000000E+00
   44  -2.424871130596429E+01   0.000000000000000E+00
   45  -2.078460969082653E+01  -2.000000000000000E+01
   46  -2.078460969082653E+01  -1.800000000000000E+01
   47  -2.078460969082653E+01  -1.600000000000000E+01
   48  -2.078460969082653E+01  -1.400000000000000E+01
   49  -2.078460969082653E+01  -1.200000000000000E+01
   50  -2.078460969082653E+01  -1.000000000000000E+01
   51  -2.078460969082653E+01  -8.000000000000000E+00
   52  -2.078460969082653E+01  -6.000000000000000E+00
   53  -2.078460969082653E+01  -4.000000000000000E+00
   54  -2.078460969082653E+01  -2.000000000000000E+00
   55  -2.078460969082653E+01   0.000000000000000E+00
   56  -1.732050807568877E+01  -2.000000000000000E+01
   57  -1.732050807568877E+01  -1.800000000000000E+01
   58  -1.732050807568877E+01  -1.600000000000000E+01
   59  -1.732050807568877E+01  -1.400000000000000E+01
   60  -1.732050807568877E+01  -1.200000000000000E+01
   61  -1.732050807568877E+01  -1.000000000000000E+01
   62  -1.732050807568877E+01  -8.000000000000000E+00
   63  -1.732050807568877E+01  -6.000000000000000E+00
   64  -1.732050807568877E+01  -4.000000000000000E+00
   65  -1.732050807568877E+01  -2.000000000000000E+00
   66  -1.732050807568877E+01   0.000000000000000E+00
   67  -1.385640646055102E+01  -2.000000000000000E+01
   68  -1.385640646055102E+01  -1.800000000000000E+01
   69  -1.385640646055102E+01  -1.600000000000000E+01
   70  -1.385640646055102E+01  -1.400000000000000E+01
   71  -1.385640646055102E+01  -1.200000000000000E+01
   72  -1.385640646055102E+01  -1.000000000000000E+01
   73  -1.385640646055102E+01  -8.000000000000000E+00
   74  -1.385640646055102E+01  -6.000000000000000E+00
   75  -1.385640646055102E+01  -4.000000000000000E+00
   76  -1.385640646055102E+01  -2.000000000000000E+00
   77  -1.385640646055102E+01   0.000000000000000E+00
   78  -1.039230484541326E+01  -2.000000000000000E+01
   79  -1.039230484541326E+01  -1.800000000000000E+01
   80  -1.039230484541326E+01  -1.600000000000000E+01
   81  -1.039230484541326E+01  -1.400000000000000E+01
   82  -1.039230484541326E+01  -1.200000000000000E+01
   83  -1.039230484541326E+01  -1.000000000000000E+01
   84  -1.039230484541326E+01  -8.000000000000000E+00
   85  -1.039230484541326E+01  -6.000000000000000E+00
   86  -1.039230484541326E+01  -4.000000000000000E+00
   87  -1.039230484541326E+01  -2.000000000000000E+00
   88  -1.039230484541326E+01   0.000000000000000E+00
   89  -6.928203230275511E+00  -2.000000000000000E+01
   90  -6.928203230275511E+00  -1.800000000000000E+01
   91  -6.928203230275511E+00  -1.600000000000000E+01
   92  -6.928203230275511E+00  -1.400000000000000E+01
   93  -6.928203230275511E+00  -1.200000000000000E+01
   94  -6.928203230275511E+00  -1.000000000000000E+01
   95  -6.928203230275511E+00  -8.000000000000000E+00
   96  -6.928203230275511E+00  -6.000000000000000E+00
   97  -6.928203230275511E+00  -4.000000000000000E+00
   98  -6.928203230275511E+00  -2.000000000000000E+00
   99  -6.928203230275511E+00   0.000000000000000E+00
  100  -3.464101615137757E+00  -2.000000000000000E+01
  101  -3.464101615137757E+00  -1.800000000000000E+01
  102  -3.464101615137757E+00  -1.600000000000000E+01
  103  -3.464101615137757E+00  -1.400000000000000E+01
  104  -3.464101615137757E+00  -1.200000000000000E+01
  105  -3.464101615137757E+00  -1.000000000000000E+01
  106  -3.464101615137757E+00  -8.000000000000000E+00
  107  -3.464101615137757E+00  -6.000000000000000E+00
  108  -3.464101615137757E+00  -4.000000000000000E+00
  109  -3.464101615137757E+00  -2.000000000000000E+00
  110  -3.464101615137757E+00   0.000000000000000E+00
  111   0.000000000000000E+00  -2.000000000000000E+01
  112   0.000000000000000E+00  -1.800000000000000E+01
  113   0.000000000000000E+00  -1.600000000000000E+01
  114   0.000000000000000E+00  -1.400000000000000E+01
  115   0.000000000000000E+00  -1.200000000000000E+01
  116   0.000000000000000E+00  -1.000000000000000E+01
  117   0.000000000000000E+00  -8.000000000000000E+00
  118   0.000000000000000E+00  -6.000000000000000E+00
  119   0.000000000000000E+00  -4.000000000000000E+00
  120   0.000000000000000E+00  -2.000000000000000E+00
  121   0.000000000000000E+00   0.000000000000000E+00
  122   3.464101615137757E+00  -2.000000000000000E+01
  123   3.464101615137757E+00  -1.800000000000000E+01
  124   3.464101615137757E+00  -1.600000000000000E+01
  125   3.464101615137757E+00  -1.400000000000000E+01
  126   3.464101615137757E+00  -1.200000000000000E+01
  127   3.464101615137757E+00  -1.000000000000000E+01
  128   3.464101615137757E+00  -8.000000000000000E+00
  129   3.464101615137757E+00  -6.000000000000000E+00
  130   3.464101615137757E+00  -4.000000000000000E+00
  131   3.464101615137757E+00  -2.000000000000000E+00
  132   3.464101615137757E+00   0.000000000000000E+00
  133   6.928203230275507E+00  -2.000000000000000E+01
  134   6.928203230275507E+00  -1.800000000000000E+01
  135   6.928203230275507E+00  -1.600000000000000E+01
  136   6.928203230275507E+00  -1.400000000000000E+01
  137   6.928203230275507E+00  -1.200000000000000E+01
  138   6.928203230275507E+00  -1.000000000000000E+01
  139   6.928203230275507E+00  -8.000000000000000E+00
  140   6.928203230275507E+00  -6.000000000000000E+00
  141   6.928203230275507E+00  -4.000000000000000E+00
  142   6.928203230275507E+00  -2.000000000000000E+00
  143   6.928203230275507E+00   0.000000000000000E+00
  144   1.039230484541326E+01  -2.000000000000000E+01
  145   1.039230484541326E+01  -1.800000000000000E+01
  146   1.039230484541326E+01  -1.600000000000000E+01
  147   1.039230484541326E+01  -1.400000000000000E+01
  148   1.039230484541326E+01  -1.200000000000000E+01
  149   1.039230484541326E+01  -1.000000000000000E+01
  150   1.039230484541326E+01  -8.000000000000000E+00
  151   1.039230484541326E+01  -6.000000000000000E+00
  152   1.039230484541326E+01  -4.000000000000000E+00
  153   1.039230484541326E+01  -2.000000000000000E+00
  154   1.039230484541326E+01   0.000000000000000E+00
  155   1.385640646055102E+01  -2.000000000000000E+01
  156   1.385640646055102E+01  -1.800000000000000E+01
  157   1.385640646055102E+01  -1.600000000000000E+01
  158   1.385640646055102E+01  -1.400000000000000E+01
  159   1.385640646055102E+01  -1.200000000000000E+01
  160   1.385640646055102E+01  -1.000000000000000E+01
  161   1.385640646055102E+01  -8.000000000000000E+00
  162   1.385640646055102E+01  -6.000000000000000E+00
  163   1.385640646055102E+01  -4.000000000000000E+00
  164   1.385640646055102E+01  -2.000000000000000E+00
  165   1.385640646055102E+01   0.000000000000000E+00
  166   1.732050807568877E+01  -2.000000000000000E+01
  167   1.732050807568877E+01  -1.800000000000000E+01
  168   1.732050807568877E+01  -1.600000000000000E+01
  169   1.732050807568877E+01  -1.400000000000000E+01
  170   1.732050807568877E+01  -1.200000000000000E+01
  171   1.732050807568877E+01  -1.000000000000000E+01
  172   1.732050807568877E+01  -8.000000000000000E+00
  173   1.732050807568877E+01  -6.000000000000000E+00
  174   1.732050807568877E+01  -4.000000000000000E+00
  175   1.732050807568877E+01  -2.000000000000000E+00
  176   1.732050807568877E+01   0.000000000000000E+00
  177   2.078460969082653E+01  -2.000000000000000E+01
  178   2.078460969082653E+01  -1.800000000000000E+01
  179   2.078460969082653E+01  -1.600000000000000E+01
  180   2.078460969082653E+01  -1.400000000000000E+01
  181   2.078460969082653E+01  -1.200000000000000E+01
  182   2.078460969082653E+01  -1.000000000000000E+01
  183   2.078460969082653E+01  -8.000000000000000E+00
  184   2.078460969082653E+01  -6.000000000000000E+00
  185   2.078460969082653E+01  -4.000000000000000E+00
  186   2.078460969082653E+01  -2.000000000000000E+00
  187   2.078460969082653E+01   0.000000000000000E+00
  188   2.424871130596429E+01  -2.000000000000000E+01
  189   2.424871130596429E+01  -1.800000000000000E+01
  190   2.424871130596429E+01  -1.600000000000000E+01
  191   2.424871130596429E+01  -1.400000000000000E+01
  192   2.424871130596429E+01  -1.200000000000000E+01
  193   2.424871130596429E+01  -1.000000000000000E+01
  194   2.424871130596429E+01  -8.000000000000000E+00
  195   2.424871130596429E+01  -6.000000000000000E+00
  196   2.424871130596429E+01  -4.000000000000000E+00
  197   2.424871130596429E+01  -2.000000000000000E+00
  198   2.424871130596429E+01   0.000000000000000E+00
  199   2.771281292110204E+01  -2.000000000000000E+01
  200   2.771281292110204E+01  -1.800000000000000E+01
  201   2.771281292110204E+01  -1.600000000000000E+01
  202   2.771281292110204E+01  -1.400000000000000E+01
  203   2.771281292110204E+01  -1.200000000000000E+01
  204   2.771281292110204E+01  -1.000000000000000E+01
  205   2.771281292110204E+01  -8.000000000000000E+00
  206   2.771281292110204E+01  -6.000000000000000E+00
  207   2.771281292110204E+01  -4.000000000000000E+00
  208   2.771281292110204E+01  -2.000000000000000E+00
  209   2.771281292110204E+01   0.000000000000000E+00
  210   3.117691453623980E+01  -2.000000000000000E+01
  211   3.117691453623980E+01  -1.800000000000000E+01
  212   3.117691453623980E+01  -1.600000000000000E+01
  213   3.117691453623980E+01  -1.400000000000000E+01
  214   3.117691453623980E+01  -1.200000000000000E+01
  215   3.117691453623980E+01  -1.000000000000000E+01
  216   3.117691453623980E+01  -8.000000000000000E+00
  217   3.117691453623980E+01  -6.000000000000000E+00
  218   3.117691453623980E+01  -4.000000000000000E+00
  219   3.117691453623980E+01  -2.000000000000000E+00
  220   3.117691453623980E+01   0.000000000000000E+00
  221   3.464101615137755E+01  -2.000000000000000E+01
  222   3.464101615137755E+01  -1.800000000000000E+01
  223   3.464101615137755E+01  -1.600000000000000E+01
  224   3.464101615137755E+01  -1.400000000000000E+01
  225   3.464101615137755E+01  -1.200000000000000E+01
  226   3.464101615137755E+01  -1.000000000000000E+01
  227   3.464101615137755E+01  -8.000000000000000E+00
  228   3.464101615137755E+01  -6.000000000000000E+00
  229   3.464101615137755E+01  -4.000000000000000E+00
  230   3.464101615137755E+01  -2.000000000000000E+00
  231   3.464101615137755E+01   0.000000000000000E+00
  232  -3.464101615137755E+01  -6.000000000000000E+01
  233  -3.464101615137755E+01  -5.800000000000000E+01
  234  -3.464101615137755E+01  -5.600000000000000E+01
  235  -3.464101615137755E+01  -5.400000000000000E+01
  236  -3.464101615137755E+01  -5.200000000000000E+01
  237  -3.464101615137755E+01  -5.000000000000000E+01
  238  -3.464101615137755E+01  -4.800000000000000E+01
  239  -3.464101615137755E+01  -4.600000000000000E+01
  240  -3.464101615137755E+01  -4.400000000000000E+01
  241  -3.464101615137755E+01  -4.200000000000000E+01
  242  -3.464101615137755E+01  -4.000000000000000E+01
  243  -3.117691453623980E+01  -6.000000000000000E+01
  244  -3.117691453623980E+01  -5.800000000000000E+01
  245  -3.117691453623980E+01  -5.600000000000000E+01
  246  -3.117691453623980E+01  -5.400000000000000E+01
  247  -3.117691453623980E+01  -5.200000000000000E+01
  248  -3.117691453623980E+01  -5.000000000000000E+01
  249  -3.117691453623980E+01  -4.800000000000000E+01
  250  -3.117691453623980E+01  -4.600000000000000E+01
  251  -3.117691453623980E+01  -4.400000000000000E+01
  252  -3.117691453623980E+01  -4.200000000000000E+01
  253  -3.117691453623980E+01  -4.000000000000000E+01
  254  -2.771281292110204E+01  -6.000000000000000E+01
  255  -2.771281292110204E+01  -5.800000000000000E+01
  256  -2.771281292110204E+01  -5.600000000000000E+01
  257  -2.771281292110204E+01  -5.400000000000000E+01
  258  -2.771281292110204E+01  -5.200000000000000E+01
  259  -2.771281292110204E+01  -5.000000000000000E+01
  260  -2.771281292110204E+01  -4.800000000000000E+01
  261  -2.771281292110204E+01  -4.600000000000000E+01
  262  -2.771281292110204E+01  -4.400000000000000E+01
  263  -2.771281292110204E+01  -4.200000000000000E+01
  264  -2.771281292110204E+01  -4.000000000000000E+01
  265  -2.424871130596429E+01  -6.000000000000000E+01
  266  -2.424871130596429E+01  -5.800000000000000E+01
  267  -2.424871130596429E+01  -5.600000000000000E+01
  268  -2.424871130596429E+01  -5.400000000000000E+01
  269  -2.424871130596429E+01  -5.200000000000000E+01
  270  -2.424871130596429E+01  -5.000000000000000E+01
  271  -2.424871130596429E+01  -4.800000000000000E+01
  272  -2.424871130596429E+01  -4.600000000000000E+01
  273  -2.424871130596429E+01  -4.400000000000000E+01
  274  -2.424871130596429E+01  -4.200000000000000E+01
  275  -2.424871130596429E+01  -4.000000000000000E+01
  276  -2.078460969082653E+01  -6.000000000000000E+01
  277  -2.078460969082653E+01  -5.800000000000000E+01
  278  -2.078460969082653E+01  -5.600000000000000E+01
  279  -2.078460969082653E+01  -5.400000000000000E+01
  280  -2.078460969082653E+01  -5.200000000000000E+01
  281  -2.078460969082653E+01  -5.000000000000000E+01
  282  -2.078460969082653E+01  -4.800000000000000E+01
  283  -2.078460969082653E+01  -4.600000000000000E+01
  284  -2.078460969082653E+01  -4.400000000000000E+01
  285  -2.078460969082653E+01  -4.200000000000000E+01
  286  -2.078460969082653E+01  -4.000000000000000E+01
  287  -1.732050807568877E+01  -6.000000000000000E+01
  288  -1.732050807568877E+01  -5.800000000000000E+01
  289  -1.732050807568877E+01  -5.600000000000000E+01
  290  -1.732050807568877E+01  -5.400000000000000E+01
  291  -1.732050807568877E+01  -5.200000000000000E+01
  292  -1.732050807568877E+01  -5.000000000000000E+01
  293  -1.732050807568877E+01  -4.800000000000000E+01
  294  -1.732050807568877E+01  -4.600000000000000E+01
  295  -1.732050807568877E+01  -4.400000000000000E+01
  296  -1.732050807568877E+01  -4.200000000000000E+01
  297  -1.732050807568877E+01  -4.000000000000000E+01
  298  -1.385640646055102E+01  -6.000000000000000E+01
  299  -1.385640646055102E+01  -5.800000000000000E+01
  300  -1.385640646055102E+01  -5.600000000000000E+01
  301  -1.385640646055102E+01  -5.400000000000000E+01
  302  -1.385640646055102E+01  -5.200000000000000E+01
  303  -1.385640646055102E+01  -5.000000000000000E+01
  304  -1.385640646055102E+01  -4.800000000000000E+01
  305  -1.385640646055102E+01  -4.600000000000000E+01
  306  -1.385640646055102E+01  -4.400000000000000E+01
  307  -1.385640646055102E+01  -4.200000000000000E+01
  308  -1.385640646055102E+01  -4.000000000000000E+01
  309  -1.039230484541326E+01  -6.000000000000000E+01
  310  -1.039230484541326E+01  -5.800000000000000E+01
  311  -1.039230484541326E+01  -5.600000000000000E+01
  312  -1.039230484541326E+01  -5.400000000000000E+01
  313  -1.039230484541326E+01  -5.200000000000000E+01
  314  -1.039230484541326E+01  -5.000000000000000E+01
  315  -1.039230484541326E+01  -4.800000000000000E+01
  316  -1.039230484541326E+01  -4.600000000000000E+01
  317  -1.039230484541326E+01  -4.400000000000000E+01
  318  -1.039230484541326E+01  -4.200000000000000E+01
  319  -1.039230484541326E+01  -4.000000000000000E+01
  320  -6.928203230275511E+00  -6.000000000000000E+01
  321  -6.928203230275511E+00  -5.800000000000000E+01
  322  -6.928203230275511E+00  -5.600000000000000E+01
  323  -6.928203230275511E+00  -5.400000000000000E+01
  324  -6.928203230275511E+00  -5.200000000000000E+01
  325  -6.928203230275511E+00  -5.000000000000000E+01
  326  -6.928203230275511E+00  -4.800000000000000E+01
  327  -6.928203230275511E+00  -4.600000000000000E+01
  328  -6.928203230275511E+00  -4.400000000000000E+01
  329  -6.928203230275511E+00  -4.200000000000000E+01
  330  -6.928203230275511E+00  -4.000000000000000E+01
  331  -3.464101615137757E+00  -6.000000000000000E+01
  332  -3.464101615137757E+00  -5.800000000000000E+01
  333  -3.464101615137757E+00  -5.600000000000000E+01
  334  -3.464101615137757E+00  -5.400000000000000E+01
  335  -3.464101615137757E+00  -5.200000000000000E+01
  336  -3.464101615137757E+00  -5.000000000000000E+01
  337  -3.464101615137757E+00  -4.800000000000000E+01
  338  -3.464101615137757E+00  -4.600000000000000E+01
  339  -3.464101615137757E+00  -4.400000000000000E+01
  340  -3.464101615137757E+00  -4.200000000000000E+01
  341  -3.464101615137757E+00  -4.000000000000000E+01
  342   0.000000000000000E+00  -6.000000000000000E+01
  343   0.000000000000000E+00  -5.800000000000000E+01
  344   0.000000000000000E+00  -5.600000000000000E+01
  345   0.000000000000000E+00  -5.400000000000000E+01
  346   0.000000000000000E+00  -5.200000000000000E+01
  347   0.000000000000000E+00  -5.000000000000000E+01
  348   0.000000000000000E+00  -4.800000000000000E+01
  349   0.000000000000000E+00  -4.600000000000000E+01
  350   0.000000000000000E+00  -4.400000000000000E+01
  351   0.000000000000000E+00  -4.200000000000000E+01
  352   0.000000000000000E+00  -4.000000000000000E+01
  353   3.464101615137757E+00  -6.000000000000000E+01
  354   3.464101615137757E+00  -5.800000000000000E+01
  355   3.464101615137757E+00  -5.600000000000000E+01
  356   3.464101615137757E+00  -5.400000000000000E+01
  357   3.464101615137757E+00  -5.200000000000000E+01
  358   3.464101615137757E+00  -5.000000000000000E+01
  359   3.464101615137757E+00  -4.800000000000000E+01
  360   3.464101615137757E+00  -4.600000000000000E+01
  361   3.464101615137757E+00  -4.400000000000000E+01
  362   3.464101615137757E+00  -4.200000000000000E+01
  363   3.464101615137757E+00  -4.000000000000000E+01
  364   6.928203230275507E+00  -6.000000000000000E+01
  365   6.928203230275507E+00  -5.800000000000000E+01
  366   6.928203230275507E+00  -5.600000000000000E+01
  367   6.928203230275507E+00  -5.400000000000000E+01
  368   6.928203230275507E+00  -5.200000000000000E+01
  369   6.928203230275507E+00  -5.000000000000000E+01
  370   6.928203230275507E+00  -4.800000000000000E+01
  371   6.928203230275507E+00  -4.600000000000000E+01
  372   6.928203230275507E+00  -4.400000000000000E+01
  373   6.928203230275507E+00  -4.200000000000000E+01
  374   6.928203230275507E+00  -4.000000000000000E+01
  375   1.039230484541326E+01  -6.000000000000000E+01
  376   1.039230484541326E+01  -5.800000000000000E+01
  377   1.039230484541326E+01  -5.600000000000000E+01
  378   1.039230484541326E+01  -5.400000000000000E+01
  379   1.039230484541326E+01  -5.200000000000000E+01
  380   1.039230484541326E+01  -5.000000000000000E+01
  381   1.039230484541326E+01  -4.800000000000000E+01
  382   1.039230484541326E+01  -4.600000000000000E+01
  383   1.039230484541326E+01  -4.400000000000000E+01
  384   1.039230484541326E+01  -4.200000000000000E+01
  385   1.039230484541326E+01  -4.000000000000000E+01
  386   1.385640646055102E+01  -6.000000000000000E+01
  387   1.385640646055102E+01  -5.800000000000000E+01
  388   1.385640646055102E+01  -5.600000000000000E+01
  389   1.385640646055102E+01  -5.400000000000000E+01
  390   1.385640646055102E+01  -5.200000000000000E+01
  391   1.385640646055102E+01  -5.000000000000000E+01
  392   1.385640646055102E+01  -4.800000000000000E+01
  393   1.385640646055102E+01  -4.600000000000000E+01
  394   1.385640646055102E+01  -4.400000000000000E+01
  395   1.385640646055102E+01  -4.200000000000000E+01
  396   1.385640646055102E+01  -4.000000000000000E+01
  397   1.732050807568877E+01  -6.000000000000000E+01
  398   1.732050807568877E+01  -5.800000000000000E+01
  399   1.732050807568877E+01  -5.600000000000000E+01
  400   1.732050807568877E+01  -5.400000000000000E+01
  401   1.732050807568877E+01  -5.200000000000000E+01
  402   1.732050807568877E+01  -5.000000000000000E+01
  403   1.732050807568877E+01  -4.800000000000000E+01
  404   1.732050807568877E+01  -4.600000000000000E+01
  405   1.732050807568877E+01  -4.400000000000000E+01
  406   1.732050807568877E+01  -4.200000000000000E+01
  407   1.732050807568877E+01  -4.000000000000000E+01
  408   2.078460969082653E+01  -6.000000000000000E+01
  409   2.078460969082653E+01  -5.800000000000000E+01
  410   2.078460969082653E+01  -5.600000000000000E+01
  411   2.078460969082653E+01  -5.400000000000000E+01
  412   2.078460969082653E+01  -5.200000000000000E+01
  413   2.078460969082653E+01  -5.000000000000000E+01
  414   2.078460969082653E+01  -4.800000000000000E+01
  415   2.078460969082653E+01  -4.600000000000000E+01
  416   2.078460969082653E+01  -4.400000000000000E+01
  417   2.078460969082653E+01  -4.200000000000000E+01
  418   2.078460969082653E+01  -4.000000000000000E+01
  419   2.424871130596429E+01  -6.000000000000000E+01
  420   2.424871130596429E+01  -5.800000000000000E+01
  421   2.424871130596429E+01  -5.600000000000000E+01
  422   2.424871130596429E+01  -5.400000000000000E+01
  423   2.424871130596429E+01  -5.200000000000000E+01
  424   2.424871130596429E+01  -5.000000000000000E+01
  425   2.424871130596429E+01  -4.800000000000000E+01
  426   2.424871130596429E+01  -4.600000000000000E+01
  427   2.424871130596429E+01  -4.400000000000000E+01
  428   2.424871130596429E+01  -4.200000000000000E+01
  429   2.424871130596429E+01  -4.000000000000000E+01
  430   2.771281292110204E+01  -6.000000000000000E+01
  431   2.771281292110204E+01  -5.800000000000000E+01
  432   2.771281292110204E+01  -5.600000000000000E+01
  433   2.771281292110204E+01  -5.400000000000000E+01
  434   2.771281292110204E+01  -5.200000000000000E+01
  435   2.771281292110204E+01  -5.000000000000000E+01
  436   2.771281292110204E+01  -4.800000000000000E+01
  437   2.771281292110204E+01  -4.600000000000000E+01
  438   2.771281292110204E+01  -4.400000000000000E+01
  439   2.771281292110204E+01  -4.200000000000000E+01
  440   2.771281292110204E+01  -4.000000000000000E+01
  441   3.117691453623980E+01  -6.000000000000000E+01
  442   3.117691453623980E+01  -5.800000000000000E+01
  443   3.117691453623980E+01  -5.600000000000000E+01
  444   3.117691453623980E+01  -5.400000000000000E+01
  445   3.117691453623980E+01  -5.200000000000000E+01
  446   3.117691453623980E+01  -5.000000000000000E+01
  447   3.117691453623980E+01  -4.800000000000000E+01
  448   3.117691453623980E+01  -4.600000000000000E+01
  449   3.117691453623980E+01  -4.400000000000000E+01
  450   3.117691453623980E+01  -4.200000000000000E+01
  451   3.117691453623980E+01  -4.000000000000000E+01
  452   3.464101615137755E+01  -6.000000000000000E+01
  453   3.464101615137755E+01  -5.800000000000000E+01
  454   3.464101615137755E+01  -5.600000000000000E+01
  455   3.464101615137755E+01  -5.400000000000000E+01
  456   3.464101615137755E+01  -5.200000000000000E+01
  457   3.464101615137755E+01  -5.000000000000000E+01
  458   3.464101615137755E+01  -4.800000000000000E+01
  459   3.464101615137755E+01  -4.600000000000000E+01
  460   3.464101615137755E+01  -4.400000000000000E+01
  461   3.464101615137755E+01  -4.200000000000000E+01
  462   3.464101615137755E+01  -4.000000000000000E+01

      3
   232        452   11    1       1     0
    11        231   11    1       0       0
      0      0      0      0      0      0
       1     9
 5.0d8  3.00E-01  0.00E+00  0.00E+00  0.00E+00  0.00E+00  0.00E+00  0.00E+00  1.00E-3  
       2     9
 300.0d8  3.00E-01  0.00E+00  0.00E+00  0.00E+00  0.00E+00  0.00E+00  0.00E+00  1.00E-3  
       0      0      0      0      0      0      0      0      0      0      0      0

  1
'ph9_3'
    100      9      9      3
              1              1             23             25              3             12             24             14              2             13              2              1
              2              3             25             27              5             14             26             16              4             15              2              1
              3              5             27             29              7             16             28             18              6             17              2              1
              4              7             29             31              9             18             30             20              8             19              2              1
              5              9             31             33             11             20             32             22             10             21              2              1
              6             23             45             47             25             34             46             36             24             35              2              1
              7             25             47             49             27             36             48             38             26             37              2              1
              8             27             49             51             29             38             50             40             28             39              2              1
              9             29             51             53             31             40             52             42             30             41              2              1
             10             31             53             55             33             42             54             44             32             43              2              1
             11             45             67             69             47             56             68             58             46             57              2              1
             12             47             69             71             49             58             70             60             48             59              2              1
             13             49             71             73             51             60             72             62             50             61              2              1
             14             51             73             75             53             62             74             64             52             63              2              1
             15             53             75             77             55             64             76             66             54             65              2              1
             16             67             89             91             69             78             90             80             68             79              2              1
             17             69             91             93             71             80             92             82             70             81              2              1
             18             71             93             95             73             82             94             84             72             83              2              1
             19             73             95             97             75             84             96             86             74             85              2              1
             20             75             97             99             77             86             98             88             76             87              2              1
             21             89            111            113             91            100            112            102             90            101              2              1
             22             91            113            115             93            102            114            104             92            103              2              1
             23             93            115            117             95            104            116            106             94            105              2              1
             24             95            117            119             97            106            118            108             96            107              2              1
             25             97            119            121             99            108            120            110             98            109              2              1
             26            111            133            135            113            122            134            124            112            123              1              1
             27            113            135            137            115            124            136            126            114            125              1              1
             28            115            137            139            117            126            138            128            116            127              1              1
             29            117            139            141            119            128            140            130            118            129              1              1
             30            119            141            143            121            130            142            132            120            131              1              1
             31            133            155            157            135            144            156            146            134            145              1              1
             32            135            157            159            137            146            158            148            136            147              1              1
             33            137            159            161            139            148            160            150            138            149              1              1
             34            139            161            163            141            150            162            152            140            151              1              1
             35            141            163            165            143            152            164            154            142            153              1              1
             36            155            177            179            157            166            178            168            156            167              1              1
             37            157            179            181            159            168            180            170            158            169              1              1
             38            159            181            183            161            170            182            172            160            171              1              1
             39            161            183            185            163            172            184            174            162            173              1              1
             40            163            185            187            165            174            186            176            164            175              1              1
             41            177            199            201            179            188            200            190            178            189              1              1
             42            179            201            203            181            190            202            192            180            191              1              1
             43            181            203            205            183            192            204            194            182            193              1              1
             44            183            205            207            185            194            206            196            184            195              1              1
             45            185            207            209            187            196            208            198            186            197              1              1
             46            199            221            223            201            210            222            212            200            211              1              1
             47            201            223            225            203            212            224            214            202            213              1              1
             48            203            225            227            205            214            226            216            204            215              1              1
             49            205            227            229            207            216            228            218            206            217              1              1
             50            207            229            231            209            218            230            220            208            219              1              1
             51            232            254            256            234            243            255            245            233            244              1              1
             52            234            256            258            236            245            257            247            235            246              1              1
             53            236            258            260            238            247            259            249            237            248              1              1
             54            238            260            262            240            249            261            251            239            250              1              1
             55            240            262            264            242            251            263            253            241            252              1              1
             56            254            276            278            256            265            277            267            255            266              1              1
             57            256            278            280            258            267            279            269            257            268              1              1
             58            258            280            282            260            269            281            271            259            270              1              1
             59            260            282            284            262            271            283            273            261            272              1              1
             60            262            284            286            264            273            285            275            263            274              1              1
             61            276            298            300            278            287            299            289            277            288              1              1
             62            278            300            302            280            289            301            291            279            290              1              1
             63            280            302            304            282            291            303            293            281            292              1              1
             64            282            304            306            284            293            305            295            283            294              1              1
             65            284            306            308            286            295            307            297            285            296              1              1
             66            298            320            322            300            309            321            311            299            310              1              1
             67            300            322            324            302            311            323            313            301            312              1              1
             68            302            324            326            304            313            325            315            303            314              1              1
             69            304            326            328            306            315            327            317            305            316              1              1
             70            306            328            330            308            317            329            319            307            318              1              1
             71            320            342            344            322            331            343            333            321            332              1              1
             72            322            344            346            324            333            345            335            323            334              1              1
             73            324            346            348            326            335            347            337            325            336              1              1
             74            326            348            350            328            337            349            339            327            338              1              1
             75            328            350            352            330            339            351            341            329            340              1              1
             76            342            364            366            344            353            365            355            343            354              1              1
             77            344            366            368            346            355            367            357            345            356              1              1
             78            346            368            370            348            357            369            359            347            358              1              1
             79            348            370            372            350            359            371            361            349            360              1              1
             80            350            372            374            352            361            373            363            351            362              1              1
             81            364            386            388            366            375            387            377            365            376              1              1
             82            366            388            390            368            377            389            379            367            378              1              1
             83            368            390            392            370            379            391            381            369            380              1              1
             84            370            392            394            372            381            393            383            371            382              1              1
             85            372            394            396            374            383            395            385            373            384              1              1
             86            386            408            410            388            397            409            399            387            398              1              1
             87            388            410            412            390            399            411            401            389            400              1              1
             88            390            412            414            392            401            413            403            391            402              1              1
             89            392            414            416            394            403            415            405            393            404              1              1
             90            394            416            418            396            405            417            407            395            406              1              1
             91            408            430            432            410            419            431            421            409            420              1              1
             92            410            432            434            412            421            433            423            411            422              1              1
             93            412            434            436            414            423            435            425            413            424              1              1
             94            414            436            438            416            425            437            427            415            426              1              1
             95            416            438            440            418            427            439            429            417            428              1              1
             96            430            452            454            432            441            453            443            431            442              1              1
             97            432            454            456            434            443            455            445            433            444              1              1
             98            434            456            458            436            445            457            447            435            446              1              1
             99            436            458            460            438            447            459            449            437            448              1              1
            100            438            460            462            440            449            461            451            439            450              1              1
       0      0      0      0      0      0      0      0      0      0      0      0
