Analysis for,q9 combined geometry  610   nodes  120    elements

1.00000E-05
  610    2
    1  -9.999999999999465E+00   3.267948965381384E-06
    2  -1.049999999999944E+01   3.431346413650453E-06
    3  -1.099999999999941E+01   3.594743861919522E-06
    4  -1.149999999999939E+01   3.758141310188591E-06
    5  -1.199999999999936E+01   3.921538758457660E-06
    6  -9.986295178968234E+00   5.233628254703278E-01
    7  -1.048560992041664E+01   5.495309676438385E-01
    8  -1.098492471186506E+01   5.756991088173654E-01
    9  -1.148423940331347E+01   6.018672499908598E-01
   10  -1.198355419476188E+01   6.280353911643868E-01
   11  -9.945218608405785E+00   1.045287880046742E+00
   12  -1.044247954132608E+01   1.097552272549080E+00
   13  -1.093974042424636E+01   1.149816675051401E+00
   14  -1.143700140716665E+01   1.202081067553756E+00
   15  -1.193426229008694E+01   1.254345460056077E+00
   16  -9.876882898779623E+00   1.564347877715009E+00
   17  -1.037072706321861E+01   1.642565269100765E+00
   18  -1.086457113765758E+01   1.720782670486493E+00
   19  -1.135841531209657E+01   1.799000061872253E+00
   20  -1.185225948653555E+01   1.877217453258013E+00
   21  -9.781475330554683E+00   2.079120106536330E+00
   22  -1.027054908658242E+01   2.183076106363143E+00
   23  -1.075962285261015E+01   2.287032116189959E+00
   24  -1.124869661863789E+01   2.390988116016775E+00
   25  -1.173777038466562E+01   2.494944125843592E+00
   26  -9.659257414192053E+00   2.588193606596166E+00
   27  -1.014222031190166E+01   2.717603284425983E+00
   28  -1.062518316961126E+01   2.847012972255787E+00
   29  -1.110814602732086E+01   2.976422650085591E+00
   30  -1.159110888503047E+01   3.105832327915395E+00
   31  -9.510564150147726E+00   3.090173048003992E+00
   32  -9.986092359655112E+00   3.244681703404193E+00
   33  -1.046162058916250E+01   3.399190358804399E+00
   34  -1.093714873866988E+01   3.553699014204580E+00
   35  -1.141267698817727E+01   3.708207659604793E+00
   36  -9.335803088871328E+00   3.583682550892996E+00
   37  -9.802593250314898E+00   3.762866673437648E+00
   38  -1.026938341175847E+01   3.942050795982300E+00
   39  -1.073617355320203E+01   4.121234928526945E+00
   40  -1.120296369464560E+01   4.300419051071591E+00
   41  -9.135453250804920E+00   4.067369415419717E+00
   42  -9.592225914345168E+00   4.270737884690703E+00
   43  -1.004899853788541E+01   4.474106353961677E+00
   44  -1.050577127142566E+01   4.677474833232686E+00
   45  -1.096254390496590E+01   4.880843302503663E+00
   46  -8.910063756381739E+00   4.539907911763605E+00
   47  -9.355566942200827E+00   4.766903307351785E+00
   48  -9.801070138019913E+00   4.993898702939968E+00
   49  -1.024657329383900E+01   5.220894098528138E+00
   50  -1.069207651965809E+01   5.447889494116330E+00
   51  -8.660252406025055E+00   5.000002830126555E+00
   52  -9.093265024326309E+00   5.250002971632883E+00
   53  -9.526277642627560E+00   5.500003113139210E+00
   54  -9.959290260928814E+00   5.750003254645537E+00
   55  -1.039230283923007E+01   6.000003396151851E+00
   56  -8.386703900146982E+00   5.446393090732324E+00
   57  -8.806039091154330E+00   5.718712747768938E+00
   58  -9.225374292161678E+00   5.991032404805557E+00
   59  -9.644709483169029E+00   6.263352051842173E+00
   60  -1.006404466417638E+01   6.535671708878784E+00
   61  -8.090168019147361E+00   5.877855163825935E+00
   62  -8.494676423104728E+00   6.171747926017232E+00
   63  -8.899184827062095E+00   6.465640688208530E+00
   64  -9.303693231019466E+00   6.759533440399828E+00
   65  -9.708201624976832E+00   7.053426202591123E+00
   66  -7.771457553412665E+00   6.293206449673003E+00
   67  -8.160030440583295E+00   6.607866776656657E+00
   68  -8.548603317753932E+00   6.922527093640307E+00
   69  -8.937176194924561E+00   7.237187420623957E+00
   70  -9.325749072095199E+00   7.551847737607607E+00
   71  -7.431446063314931E+00   6.691308488559004E+00
   72  -7.803018373980676E+00   7.025873919986958E+00
   73  -8.174590674646423E+00   7.360439341414907E+00
   74  -8.546162975312171E+00   7.695004762842856E+00
   75  -8.917735285977916E+00   8.029570194270809E+00
   76  -7.071065499210749E+00   7.071070120788495E+00
   77  -7.424618773671287E+00   7.424623626327921E+00
   78  -7.778172048131824E+00   7.778177131867345E+00
   79  -8.131725322592363E+00   8.131730637406772E+00
   80  -8.485278597052899E+00   8.485284142946194E+00
   81  -6.691303631440281E+00   7.431450436684274E+00
   82  -7.025868820012293E+00   7.803022966018491E+00
   83  -7.360433998584307E+00   8.174595485352702E+00
   84  -7.694999177156322E+00   8.546168004686916E+00
   85  -8.029564365728335E+00   8.917740534021132E+00
   86  -6.293201370326325E+00   7.771461666586506E+00
   87  -6.607861443342639E+00   8.160034759415833E+00
   88  -6.922521506358954E+00   8.548607842245156E+00
   89  -7.237181579375270E+00   8.937180925074482E+00
   90  -7.551841642391588E+00   9.325754007903807E+00
   91  -5.877849876173438E+00   8.090171860851774E+00
   92  -6.171742373982108E+00   8.494680456894365E+00
   93  -6.465634871790779E+00   8.899189052936952E+00
   94  -6.759527359599451E+00   9.303697648979540E+00
   95  -7.053419857408125E+00   9.708206235022130E+00
   96  -5.446387609267094E+00   8.386707459852124E+00
   97  -5.718706992230450E+00   8.806042828844729E+00
   98  -5.991026375193803E+00   9.225378207837338E+00
   99  -6.263345748157159E+00   9.644713576829941E+00
  100  -6.535665131120519E+00   1.006404893582255E+01
  101  -4.999997169872910E+00   8.660255673974021E+00
  102  -5.249997028366556E+00   9.093268455672723E+00
  103  -5.499996886860202E+00   9.526281237371423E+00
  104  -5.749996745353848E+00   9.959294019070125E+00
  105  -5.999996603847507E+00   1.039230676076883E+01
  106  -4.539902088235910E+00   8.910066723617309E+00
  107  -4.766897192647705E+00   9.355570057798175E+00
  108  -4.993892297059499E+00   9.801073401979039E+00
  109  -5.220887401471304E+00   1.024657670615990E+01
  110  -5.447882505883086E+00   1.069208008034077E+01
  111  -4.067363444579848E+00   9.135455909194102E+00
  112  -4.270731615308840E+00   9.592228705653810E+00
  113  -4.474099786037845E+00   1.004900146211351E+01
  114  -4.677467966766815E+00   1.050577432857322E+01
  115  -4.880836137495817E+00   1.096254709503292E+01
  116  -3.583676449106621E+00   9.335805431127673E+00
  117  -3.762860266561951E+00   9.802595709684054E+00
  118  -3.942044084017279E+00   1.026938598824044E+01
  119  -4.121227911472614E+00   1.073617624679682E+01
  120  -4.300411728927950E+00   1.120296650535320E+01
  121  -3.090166831995677E+00   9.510566169851259E+00
  122  -3.244675176595461E+00   9.986094480343821E+00
  123  -3.399183521195237E+00   1.046162281083638E+01
  124  -3.553691865795040E+00   1.093715106132895E+01
  125  -3.708200200394810E+00   1.141267941182151E+01
  126  -2.588187293403558E+00   9.659259105806916E+00
  127  -2.717596655573727E+00   1.014222208809726E+01
  128  -2.847006027743909E+00   1.062518503038761E+01
  129  -2.976415389914091E+00   1.110814797267795E+01
  130  -3.105824752084274E+00   1.159111091496830E+01
  131  -2.079113713463448E+00   9.781476689444274E+00
  132  -2.183069393636624E+00   1.027055051341648E+01
  133  -2.287025083809797E+00   1.075962434738870E+01
  134  -2.390980763982969E+00   1.124869818136091E+01
  135  -2.494936454156142E+00   1.173777201533313E+01
  136  -1.564341422284824E+00   9.876883921219321E+00
  137  -1.642558490899059E+00   1.037072813678029E+01
  138  -1.720775569513323E+00   1.086457226234126E+01
  139  -1.798992638127555E+00   1.135841648790222E+01
  140  -1.877209706741787E+00   1.185226071346319E+01
  141  -1.045281379953146E+00   9.945219291593151E+00
  142  -1.097545447450803E+00   1.044248025867281E+01
  143  -1.149809524948476E+00   1.093974117575247E+01
  144  -1.202073592446116E+00   1.143700219283213E+01
  145  -1.254337659943789E+00   1.193426310991178E+01
  146  -5.233562985296163E-01   9.986295521030701E+00
  147  -5.495241143561029E-01   1.048561027958224E+01
  148  -5.756919291825732E-01   1.098492508813377E+01
  149  -6.018597440090759E-01   1.148423979668531E+01
  150  -6.280275588355462E-01   1.198355460523684E+01
  151   3.267948964769060E-06   9.999999999999465E+00
  152   3.431346413007513E-06   1.049999999999944E+01
  153   3.594743861245966E-06   1.099999999999941E+01
  154   3.758141309484419E-06   1.149999999999939E+01
  155   3.921538757722872E-06   1.199999999999936E+01
  156   5.233628254703278E-01   9.986295178968234E+00
  157   5.495309676438385E-01   1.048560992041664E+01
  158   5.756991088173654E-01   1.098492471186506E+01
  159   6.018672499908598E-01   1.148423940331347E+01
  160   6.280353911643868E-01   1.198355419476188E+01
  161   1.045287880046742E+00   9.945218608405785E+00
  162   1.097552272549080E+00   1.044247954132608E+01
  163   1.149816675051401E+00   1.093974042424636E+01
  164   1.202081067553756E+00   1.143700140716665E+01
  165   1.254345460056077E+00   1.193426229008694E+01
  166   1.564347877715009E+00   9.876882898779623E+00
  167   1.642565269100765E+00   1.037072706321861E+01
  168   1.720782670486493E+00   1.086457113765758E+01
  169   1.799000061872253E+00   1.135841531209657E+01
  170   1.877217453258013E+00   1.185225948653555E+01
  171   2.079120106536330E+00   9.781475330554683E+00
  172   2.183076106363143E+00   1.027054908658242E+01
  173   2.287032116189959E+00   1.075962285261015E+01
  174   2.390988116016775E+00   1.124869661863789E+01
  175   2.494944125843592E+00   1.173777038466562E+01
  176   2.588193606596166E+00   9.659257414192053E+00
  177   2.717603284425983E+00   1.014222031190166E+01
  178   2.847012972255787E+00   1.062518316961126E+01
  179   2.976422650085591E+00   1.110814602732086E+01
  180   3.105832327915395E+00   1.159110888503047E+01
  181   3.090173048003992E+00   9.510564150147726E+00
  182   3.244681703404193E+00   9.986092359655112E+00
  183   3.399190358804399E+00   1.046162058916250E+01
  184   3.553699014204580E+00   1.093714873866988E+01
  185   3.708207659604793E+00   1.141267698817727E+01
  186   3.583682550892996E+00   9.335803088871328E+00
  187   3.762866673437648E+00   9.802593250314898E+00
  188   3.942050795982300E+00   1.026938341175847E+01
  189   4.121234928526945E+00   1.073617355320203E+01
  190   4.300419051071591E+00   1.120296369464560E+01
  191   4.067369415419717E+00   9.135453250804920E+00
  192   4.270737884690703E+00   9.592225914345168E+00
  193   4.474106353961677E+00   1.004899853788541E+01
  194   4.677474833232686E+00   1.050577127142566E+01
  195   4.880843302503663E+00   1.096254390496590E+01
  196   4.539907911763605E+00   8.910063756381739E+00
  197   4.766903307351785E+00   9.355566942200827E+00
  198   4.993898702939968E+00   9.801070138019913E+00
  199   5.220894098528138E+00   1.024657329383900E+01
  200   5.447889494116330E+00   1.069207651965809E+01
  201   5.000002830126555E+00   8.660252406025055E+00
  202   5.250002971632883E+00   9.093265024326309E+00
  203   5.500003113139210E+00   9.526277642627560E+00
  204   5.750003254645537E+00   9.959290260928814E+00
  205   6.000003396151851E+00   1.039230283923007E+01
  206   5.446393090732324E+00   8.386703900146982E+00
  207   5.718712747768938E+00   8.806039091154330E+00
  208   5.991032404805557E+00   9.225374292161678E+00
  209   6.263352051842173E+00   9.644709483169029E+00
  210   6.535671708878784E+00   1.006404466417638E+01
  211   5.877855163825935E+00   8.090168019147361E+00
  212   6.171747926017232E+00   8.494676423104728E+00
  213   6.465640688208530E+00   8.899184827062095E+00
  214   6.759533440399828E+00   9.303693231019466E+00
  215   7.053426202591123E+00   9.708201624976832E+00
  216   6.293206449673003E+00   7.771457553412665E+00
  217   6.607866776656657E+00   8.160030440583295E+00
  218   6.922527093640307E+00   8.548603317753932E+00
  219   7.237187420623957E+00   8.937176194924561E+00
  220   7.551847737607607E+00   9.325749072095199E+00
  221   6.691308488559004E+00   7.431446063314931E+00
  222   7.025873919986958E+00   7.803018373980676E+00
  223   7.360439341414907E+00   8.174590674646423E+00
  224   7.695004762842856E+00   8.546162975312171E+00
  225   8.029570194270809E+00   8.917735285977916E+00
  226   7.071070120788495E+00   7.071065499210749E+00
  227   7.424623626327921E+00   7.424618773671287E+00
  228   7.778177131867345E+00   7.778172048131824E+00
  229   8.131730637406772E+00   8.131725322592363E+00
  230   8.485284142946194E+00   8.485278597052899E+00
  231   7.431450436684274E+00   6.691303631440281E+00
  232   7.803022966018491E+00   7.025868820012293E+00
  233   8.174595485352702E+00   7.360433998584307E+00
  234   8.546168004686916E+00   7.694999177156322E+00
  235   8.917740534021132E+00   8.029564365728335E+00
  236   7.771461666586506E+00   6.293201370326325E+00
  237   8.160034759415833E+00   6.607861443342639E+00
  238   8.548607842245156E+00   6.922521506358954E+00
  239   8.937180925074482E+00   7.237181579375270E+00
  240   9.325754007903807E+00   7.551841642391588E+00
  241   8.090171860851774E+00   5.877849876173438E+00
  242   8.494680456894365E+00   6.171742373982108E+00
  243   8.899189052936952E+00   6.465634871790779E+00
  244   9.303697648979540E+00   6.759527359599451E+00
  245   9.708206235022130E+00   7.053419857408125E+00
  246   8.386707459852124E+00   5.446387609267094E+00
  247   8.806042828844729E+00   5.718706992230450E+00
  248   9.225378207837338E+00   5.991026375193803E+00
  249   9.644713576829941E+00   6.263345748157159E+00
  250   1.006404893582255E+01   6.535665131120519E+00
  251   8.660255673974021E+00   4.999997169872910E+00
  252   9.093268455672723E+00   5.249997028366556E+00
  253   9.526281237371423E+00   5.499996886860202E+00
  254   9.959294019070125E+00   5.749996745353848E+00
  255   1.039230676076883E+01   5.999996603847507E+00
  256   8.910066723617309E+00   4.539902088235910E+00
  257   9.355570057798175E+00   4.766897192647705E+00
  258   9.801073401979039E+00   4.993892297059499E+00
  259   1.024657670615990E+01   5.220887401471304E+00
  260   1.069208008034077E+01   5.447882505883086E+00
  261   9.135455909194102E+00   4.067363444579848E+00
  262   9.592228705653810E+00   4.270731615308840E+00
  263   1.004900146211351E+01   4.474099786037845E+00
  264   1.050577432857322E+01   4.677467966766815E+00
  265   1.096254709503292E+01   4.880836137495817E+00
  266   9.335805431127673E+00   3.583676449106621E+00
  267   9.802595709684054E+00   3.762860266561951E+00
  268   1.026938598824044E+01   3.942044084017279E+00
  269   1.073617624679682E+01   4.121227911472614E+00
  270   1.120296650535320E+01   4.300411728927950E+00
  271   9.510566169851259E+00   3.090166831995677E+00
  272   9.986094480343821E+00   3.244675176595461E+00
  273   1.046162281083638E+01   3.399183521195237E+00
  274   1.093715106132895E+01   3.553691865795040E+00
  275   1.141267941182151E+01   3.708200200394810E+00
  276   9.659259105806916E+00   2.588187293403558E+00
  277   1.014222208809726E+01   2.717596655573727E+00
  278   1.062518503038761E+01   2.847006027743909E+00
  279   1.110814797267795E+01   2.976415389914091E+00
  280   1.159111091496830E+01   3.105824752084274E+00
  281   9.781476689444274E+00   2.079113713463448E+00
  282   1.027055051341648E+01   2.183069393636624E+00
  283   1.075962434738870E+01   2.287025083809797E+00
  284   1.124869818136091E+01   2.390980763982969E+00
  285   1.173777201533313E+01   2.494936454156142E+00
  286   9.876883921219321E+00   1.564341422284824E+00
  287   1.037072813678029E+01   1.642558490899059E+00
  288   1.086457226234126E+01   1.720775569513323E+00
  289   1.135841648790222E+01   1.798992638127555E+00
  290   1.185226071346319E+01   1.877209706741787E+00
  291   9.945219291593151E+00   1.045281379953146E+00
  292   1.044248025867281E+01   1.097545447450803E+00
  293   1.093974117575247E+01   1.149809524948476E+00
  294   1.143700219283213E+01   1.202073592446116E+00
  295   1.193426310991178E+01   1.254337659943789E+00
  296   9.986295521030701E+00   5.233562985296163E-01
  297   1.048561027958224E+01   5.495241143561029E-01
  298   1.098492508813377E+01   5.756919291825732E-01
  299   1.148423979668531E+01   6.018597440090759E-01
  300   1.198355460523684E+01   6.280275588355462E-01
  301   9.999999999999465E+00  -3.267948964156736E-06
  302   1.049999999999944E+01  -3.431346412364574E-06
  303   1.099999999999941E+01  -3.594743860572410E-06
  304   1.149999999999939E+01  -3.758141308780247E-06
  305   1.199999999999936E+01  -3.921538756988084E-06
  306  -5.964240000000427E+00   1.700000261435917E+01
  307  -5.464240000000455E+00   1.700000277775662E+01
  308  -4.964240000000482E+00   1.700000294115407E+01
  309  -4.464240000000508E+00   1.700000310455152E+01
  310  -3.964240000000535E+00   1.700000326794897E+01
  311  -5.975203583175440E+00   1.658131496077631E+01
  312  -5.475888804623905E+00   1.655514714594983E+01
  313  -4.976574036072369E+00   1.652897933112335E+01
  314  -4.477259257520833E+00   1.650281151629686E+01
  315  -3.977944478969299E+00   1.647664370147038E+01
  316  -6.008064566725478E+00   1.616377489403748E+01
  317  -5.510803599645820E+00   1.611151082453983E+01
  318  -5.013542632566164E+00   1.605924675604217E+01
  319  -4.516281665486504E+00   1.600698268654451E+01
  320  -4.019020708406849E+00   1.595471862004685E+01
  321  -6.062732871024544E+00   1.574852686217214E+01
  322  -5.568888665463577E+00   1.567030979355790E+01
  323  -5.075044469902609E+00   1.559209271494366E+01
  324  -4.581200274341644E+00   1.551387564632942E+01
  325  -4.087356078780680E+00   1.543565857771518E+01
  326  -6.139058646444581E+00   1.533670902722924E+01
  327  -5.649984812472368E+00   1.523275334705607E+01
  328  -5.160910978500153E+00   1.512879765688290E+01
  329  -4.671837144527942E+00   1.502484197670972E+01
  330  -4.182763310555726E+00   1.492088628653655E+01
  331  -6.236832713354469E+00   1.492945016527715E+01
  332  -5.753869761064124E+00   1.480004080310698E+01
  333  -5.270906798773774E+00   1.467063143093680E+01
  334  -4.787943846483431E+00   1.454122206876662E+01
  335  -4.304980894193084E+00   1.441181270659644E+01
  336  -6.355787062118994E+00   1.452786653640346E+01
  337  -5.880258751626430E+00   1.437335819180367E+01
  338  -5.404730441133866E+00   1.421884984720389E+01
  339  -4.929202140641303E+00   1.406434150260410E+01
  340  -4.453673830148741E+00   1.390983316800432E+01
  341  -6.495595653097862E+00   1.413305884071470E+01
  342  -6.028805374541480E+00   1.395387502325937E+01
  343  -5.562015105985095E+00   1.377469119580404E+01
  344  -5.095224837428713E+00   1.359550737834871E+01
  345  -4.628434568872327E+00   1.341632355089338E+01
  346  -6.655875276644718E+00   1.374610924833612E+01
  347  -6.199102480185010E+00   1.354274106760713E+01
  348  -5.742329683725306E+00   1.333937289687814E+01
  349  -5.285556887265601E+00   1.313600472614914E+01
  350  -4.828784090805899E+00   1.293263655542015E+01
  351  -6.836186623106153E+00   1.336807832941127E+01
  352  -6.390683278925287E+00   1.314108322499948E+01
  353  -5.945179944744421E+00   1.291408812058768E+01
  354  -5.499676610563556E+00   1.268709301617589E+01
  355  -5.054173276382691E+00   1.246009791176409E+01
  356  -7.036035462820784E+00   1.300000226410167E+01
  357  -6.603022681122083E+00   1.275000240560803E+01
  358  -6.170009899423382E+00   1.250000254711438E+01
  359  -5.736997107724680E+00   1.225000268862074E+01
  360  -5.303984326025979E+00   1.200000283012709E+01
  361  -7.254874036118301E+00   1.264288991258632E+01
  362  -6.835538657125695E+00   1.237057052962297E+01
  363  -6.416203288133088E+00   1.209825114665962E+01
  364  -5.996867909140484E+00   1.182593177369626E+01
  365  -5.577532540147876E+00   1.155361239073290E+01
  366  -7.492102513318580E+00   1.229772009506125E+01
  367  -7.087593917275993E+00   1.200382760725258E+01
  368  -6.683085321233403E+00   1.170993510944391E+01
  369  -6.278576725190813E+00   1.141604261163524E+01
  370  -5.874068139148227E+00   1.112215012382656E+01
  371  -7.747070664730795E+00   1.196543890173894E+01
  372  -7.358497581901471E+00   1.165077883872262E+01
  373  -6.969924499072145E+00   1.133611876570631E+01
  374  -6.581351416242821E+00   1.102145870268999E+01
  375  -6.192778333413495E+00   1.070679862967367E+01
  376  -8.019079650652579E+00   1.164695709284778E+01
  377  -7.647507121318368E+00   1.131239191427576E+01
  378  -7.275934601984151E+00   1.097782672570375E+01
  379  -6.904362082649937E+00   1.064326154713173E+01
  380  -6.532789563315726E+00   1.030869636855972E+01
  381  -8.307383901369203E+00   1.134314759863140E+01
  382  -7.953830395829778E+00   1.098959432417086E+01
  383  -7.600276890290354E+00   1.063604104971033E+01
  384  -7.246723384750929E+00   1.028248777524979E+01
  385  -6.893169879211505E+00   9.928934500789250E+00
  386  -8.611193207152796E+00   1.105484314934806E+01
  387  -8.276627785724845E+00   1.068327083868231E+01
  388  -7.942062354296895E+00   1.031169853801656E+01
  389  -7.607496932868945E+00   9.940126237350816E+00
  390  -7.272931511440996E+00   9.568553936685069E+00
  391  -8.929674838261597E+00   1.078283395526987E+01
  392  -8.615014521277947E+00   1.039426107809923E+01
  393  -8.300354194294297E+00   1.000568820092860E+01
  394  -7.985693877310647E+00   9.617115323757968E+00
  395  -7.671033550326997E+00   9.228542446587335E+00
  396  -9.261955864939253E+00   1.052786558668211E+01
  397  -8.968063112747956E+00   1.012335718272474E+01
  398  -8.674170350556658E+00   9.718848778767375E+00
  399  -8.380277588365360E+00   9.314340374810008E+00
  400  -8.086384836174066E+00   8.909831980852639E+00
  401  -9.607125527414142E+00   1.029063688388241E+01
  402  -9.334805870377524E+00   9.871301682875067E+00
  403  -9.062486213340909E+00   9.451966491867719E+00
  404  -8.790166566304290E+00   9.032631290860367E+00
  405  -8.517846909267675E+00   8.613296099853018E+00
  406  -9.964237735898756E+00   1.007179807717996E+01
  407  -9.714237594392429E+00   9.638785458878704E+00
  408  -9.464237452886103E+00   9.205772840577451E+00
  409  -9.214237311379772E+00   8.772760212276197E+00
  410  -8.964237169873446E+00   8.339747593974945E+00
  411  -1.033231367058912E+01   9.871948996894609E+00
  412  -1.010531827500093E+01   9.426445801075522E+00
  413  -9.878322879412753E+00   8.980942615256435E+00
  414  -9.651327483824574E+00   8.535439429437348E+00
  415  -9.424332088236394E+00   8.089936243618261E+00
  416  -1.071034447166423E+01   9.691637403356061E+00
  417  -1.050697599239324E+01   9.234864739815819E+00
  418  -1.030360752312226E+01   8.778092076275573E+00
  419  -1.010023905385127E+01   8.321319412735326E+00
  420  -9.896870584580284E+00   7.864546749195080E+00
  421  -1.109729395928560E+01   9.531357526902935E+00
  422  -1.091810983674095E+01   9.064567365459368E+00
  423  -1.073892570419630E+01   8.597777214015805E+00
  424  -1.055974158165165E+01   8.130987062572235E+00
  425  -1.038055744910700E+01   7.664196911128672E+00
  426  -1.149210156359680E+01   9.391548677881818E+00
  427  -1.133759290819660E+01   8.916020468374432E+00
  428  -1.118308425279641E+01   8.440492258867048E+00
  429  -1.102857559739621E+01   7.964964059359664E+00
  430  -1.087406695199601E+01   7.489435849852274E+00
  431  -1.189368511472307E+01   9.272594066646358E+00
  432  -1.176427543689326E+01   8.789631198936753E+00
  433  -1.163486574906345E+01   8.306668321227152E+00
  434  -1.150545607123364E+01   7.823705453517549E+00
  435  -1.137604639340383E+01   7.340742585807947E+00
  436  -1.230094391277094E+01   9.174819733556255E+00
  437  -1.219698791294412E+01   8.685745967528518E+00
  438  -1.209303190311730E+01   8.196672201500787E+00
  439  -1.198907590329049E+01   7.707598435473049E+00
  440  -1.188511989346367E+01   7.218524669445317E+00
  441  -1.271276169782800E+01   9.098493688976300E+00
  442  -1.263454430644224E+01   8.604649534537318E+00
  443  -1.255632690505649E+01   8.110805390098340E+00
  444  -1.247810951367074E+01   7.616961245659358E+00
  445  -1.239989212228499E+01   7.123117101220377E+00
  446  -1.312800969396261E+01   9.043825113275371E+00
  447  -1.307574529946027E+01   8.546564180355082E+00
  448  -1.302348090595793E+01   8.049303247434793E+00
  449  -1.297121651145559E+01   7.552042314514503E+00
  450  -1.291895211995326E+01   7.054781391594215E+00
  451  -1.354554973922374E+01   9.010963856825413E+00
  452  -1.351938159805022E+01   8.511649095377001E+00
  453  -1.349321345687671E+01   8.012334343928591E+00
  454  -1.346704531570319E+01   7.513019582480178E+00
  455  -1.344087717452967E+01   7.013704821031766E+00
  456  -1.396423738564083E+01   9.000000000000426E+00
  457  -1.396423722224338E+01   8.500000000000455E+00
  458  -1.396423705884593E+01   8.000000000000481E+00
  459  -1.396423689544848E+01   7.500000000000508E+00
  460  -1.396423673205103E+01   7.000000000000535E+00
  461  -1.438292503922369E+01   9.010963583175439E+00
  462  -1.440909285405017E+01   8.511648804623904E+00
  463  -1.443526066887666E+01   8.012334036072369E+00
  464  -1.446142848370314E+01   7.513019257520833E+00
  465  -1.448759629852962E+01   7.013704478969299E+00
  466  -1.480046510596252E+01   9.043824566725478E+00
  467  -1.485272917546017E+01   8.546563599645820E+00
  468  -1.490499324395783E+01   8.049302632566164E+00
  469  -1.495725731345549E+01   7.552041665486504E+00
  470  -1.500952137995315E+01   7.054780708406849E+00
  471  -1.521571313782786E+01   9.098492871024543E+00
  472  -1.529393020644210E+01   8.604648665463577E+00
  473  -1.537214728505634E+01   8.110804469902609E+00
  474  -1.545036435367058E+01   7.616960274341643E+00
  475  -1.552858142228482E+01   7.123116078780679E+00
  476  -1.562753097277076E+01   9.174818646444582E+00
  477  -1.573148665294393E+01   8.685744812472368E+00
  478  -1.583544234311710E+01   8.196670978500153E+00
  479  -1.593939802329028E+01   7.707597144527941E+00
  480  -1.604335371346345E+01   7.218523310555726E+00
  481  -1.603478983472285E+01   9.272592713354468E+00
  482  -1.616419919689302E+01   8.789629761064123E+00
  483  -1.629360856906320E+01   8.306666798773774E+00
  484  -1.642301793123338E+01   7.823703846483431E+00
  485  -1.655242729340356E+01   7.340740894193084E+00
  486  -1.643637346359654E+01   9.391547062118994E+00
  487  -1.659088180819633E+01   8.916018751626430E+00
  488  -1.674539015279611E+01   8.440490441133866E+00
  489  -1.689989849739590E+01   7.964962140641303E+00
  490  -1.705440683199568E+01   7.489433830148741E+00
  491  -1.683118115928530E+01   9.531355653097862E+00
  492  -1.701036497674063E+01   9.064565374541480E+00
  493  -1.718954880419596E+01   8.597775105985095E+00
  494  -1.736873262165129E+01   8.130984837428713E+00
  495  -1.754791644910662E+01   7.664194568872327E+00
  496  -1.721813075166388E+01   9.691635276644718E+00
  497  -1.742149893239287E+01   9.234862480185010E+00
  498  -1.762486710312186E+01   8.778089683725305E+00
  499  -1.782823527385086E+01   8.321316887265601E+00
  500  -1.803160344457985E+01   7.864544090805898E+00
  501  -1.759616167058873E+01   9.871946623106153E+00
  502  -1.782315677500052E+01   9.426443278925287E+00
  503  -1.805015187941232E+01   8.980939944744421E+00
  504  -1.827714698382411E+01   8.535436610563556E+00
  505  -1.850414208823591E+01   8.089933276382691E+00
  506  -1.796423773589833E+01   1.007179546282078E+01
  507  -1.821423759439197E+01   9.638782681122084E+00
  508  -1.846423745288562E+01   9.205769899423382E+00
  509  -1.871423731137926E+01   8.772757107724679E+00
  510  -1.896423716987291E+01   8.339744326025979E+00
  511  -1.832135008741368E+01   1.029063403611830E+01
  512  -1.859366947037703E+01   9.871298657125696E+00
  513  -1.886598885334038E+01   9.451963288133088E+00
  514  -1.913830822630374E+01   9.032627909140484E+00
  515  -1.941062760926710E+01   8.613292540147876E+00
  516  -1.866651990493875E+01   1.052786251331858E+01
  517  -1.896041239274742E+01   1.012335391727599E+01
  518  -1.925430489055609E+01   9.718845321233403E+00
  519  -1.954819738836476E+01   9.314336725190813E+00
  520  -1.984208987617344E+01   8.909828139148226E+00
  521  -1.899880109826106E+01   1.078283066473080E+01
  522  -1.931346116127737E+01   1.039425758190147E+01
  523  -1.962812123429369E+01   1.000568449907215E+01
  524  -1.994278129731001E+01   9.617111416242821E+00
  525  -2.025744137032633E+01   9.228538333413494E+00
  526  -1.931728290715223E+01   1.105483965065258E+01
  527  -1.965184808572424E+01   1.068326712131837E+01
  528  -1.998641327429625E+01   1.031169460198415E+01
  529  -2.032097845286827E+01   9.940122082649937E+00
  530  -2.065554363144028E+01   9.568549563315726E+00
  531  -1.962109240136860E+01   1.134314390136920E+01
  532  -1.997464567582914E+01   1.098959039582978E+01
  533  -2.032819895028967E+01   1.063603689029035E+01
  534  -2.068175222475021E+01   1.028248338475093E+01
  535  -2.103530549921075E+01   9.928929879211505E+00
  536  -1.990939685065194E+01   1.164695320715280E+01
  537  -2.028096916131769E+01   1.131238778572484E+01
  538  -2.065254146198344E+01   1.097782235429689E+01
  539  -2.102411376264919E+01   1.064325693286894E+01
  540  -2.139568606331493E+01   1.030869151144100E+01
  541  -2.018140604473013E+01   1.196543483826160E+01
  542  -2.056997892190077E+01   1.165077452127795E+01
  543  -2.095855179907140E+01   1.133611419429430E+01
  544  -2.134712467624203E+01   1.102145387731065E+01
  545  -2.173569755341266E+01   1.070679355032700E+01
  546  -2.043637441331789E+01   1.229771586493925E+01
  547  -2.084088281727526E+01   1.200382311274796E+01
  548  -2.124539122123262E+01   1.170993035055666E+01
  549  -2.164989962518999E+01   1.141603758836536E+01
  550  -2.205440801914736E+01   1.112214483617407E+01
  551  -2.067360311611759E+01   1.264288552741414E+01
  552  -2.109293831712493E+01   1.237056587037752E+01
  553  -2.151227350813228E+01   1.209824621334091E+01
  554  -2.193160870913963E+01   1.182592656630429E+01
  555  -2.235094390014698E+01   1.155360690926767E+01
  556  -2.089244192282004E+01   1.299999773589876E+01
  557  -2.132545454112130E+01   1.274999759439243E+01
  558  -2.175846715942255E+01   1.249999745288610E+01
  559  -2.219147978772380E+01   1.224999731137977E+01
  560  -2.262449240602506E+01   1.199999716987345E+01
  561  -2.109229100310539E+01   1.336807367058912E+01
  562  -2.153779419892448E+01   1.314107827500093E+01
  563  -2.198329738474357E+01   1.291408287941275E+01
  564  -2.242880057056265E+01   1.268708748382457E+01
  565  -2.287430375638174E+01   1.246009208823639E+01
  566  -2.127260259664394E+01   1.374610447166423E+01
  567  -2.172937526018418E+01   1.354273599239324E+01
  568  -2.218614792372443E+01   1.333936752312226E+01
  569  -2.264292058726468E+01   1.313599905385127E+01
  570  -2.309969325080492E+01   1.293263058458028E+01
  571  -2.143288247309707E+01   1.413305395928560E+01
  572  -2.189967263454063E+01   1.395386983674095E+01
  573  -2.236646278598420E+01   1.377468570419630E+01
  574  -2.283325293742777E+01   1.359550158165165E+01
  575  -2.330004308887133E+01   1.341631744910700E+01
  576  -2.157269132211818E+01   1.452786156359680E+01
  577  -2.204821953162557E+01   1.437335290819660E+01
  578  -2.252374774113295E+01   1.421884425279640E+01
  579  -2.299927594064034E+01   1.406433559739621E+01
  580  -2.347480415014773E+01   1.390982695199601E+01
  581  -2.169164593335364E+01   1.492944511472307E+01
  582  -2.217460880106325E+01   1.480003543689326E+01
  583  -2.265757167877285E+01   1.467062574906345E+01
  584  -2.314053454648245E+01   1.454121607123364E+01
  585  -2.362349741419205E+01   1.441180639340383E+01
  586  -2.178942026644375E+01   1.533670391277094E+01
  587  -2.227849403247148E+01   1.523274791294412E+01
  588  -2.276756779849921E+01   1.512879190311730E+01
  589  -2.325664156452695E+01   1.502483590329049E+01
  590  -2.374571533055468E+01   1.492087989346367E+01
  591  -2.186574631102370E+01   1.574852169782800E+01
  592  -2.235959046546268E+01   1.567030430644224E+01
  593  -2.285343460990166E+01   1.559208690505649E+01
  594  -2.334727875434064E+01   1.551386951367074E+01
  595  -2.384112289877962E+01   1.543565212228499E+01
  596  -2.192041488672463E+01   1.616376969396261E+01
  597  -2.241767581964492E+01   1.611150529946027E+01
  598  -2.291493675256521E+01   1.605924090595793E+01
  599  -2.341219768548549E+01   1.600697651145559E+01
  600  -2.390945860840579E+01   1.595471211995326E+01
  601  -2.195327614317459E+01   1.658130973922374E+01
  602  -2.245259090462300E+01   1.655514159805022E+01
  603  -2.295190565607141E+01   1.652897345687671E+01
  604  -2.345122041751982E+01   1.650280531570319E+01
  605  -2.395053517896823E+01   1.647663717452967E+01
  606  -2.196423999999957E+01   1.699999738564083E+01
  607  -2.246423999999955E+01   1.699999722224338E+01
  608  -2.296423999999952E+01   1.699999705884593E+01
  609  -2.346423999999949E+01   1.699999689544848E+01
  610  -2.396423999999946E+01   1.699999673205103E+01
      3
1     5   1   1   1   0
301   305   1   1   1   0
306   310   1   1   1   0
606   610   1   1   1   0
      0      0      0      0      0      0
       1     9
 689.56  3.20E-01  0.00E+00  0.00E+00  0.00E+00  0.00E+00  0.00E+00  0.00E+00  1.00E-3  
       0      0      0      0      0      0      0      0      0      0      0      0
  1
'ph9_3'
    120      9      9      3
              1              1             11             13              3              6             12              8              2              7              1              1
              2              3             13             15              5              8             14             10              4              9              1              1
              3             11             21             23             13             16             22             18             12             17              1              1
              4             13             23             25             15             18             24             20             14             19              1              1
              5             21             31             33             23             26             32             28             22             27              1              1
              6             23             33             35             25             28             34             30             24             29              1              1
              7             31             41             43             33             36             42             38             32             37              1              1
              8             33             43             45             35             38             44             40             34             39              1              1
              9             41             51             53             43             46             52             48             42             47              1              1
             10             43             53             55             45             48             54             50             44             49              1              1
             11             51             61             63             53             56             62             58             52             57              1              1
             12             53             63             65             55             58             64             60             54             59              1              1
             13             61             71             73             63             66             72             68             62             67              1              1
             14             63             73             75             65             68             74             70             64             69              1              1
             15             71             81             83             73             76             82             78             72             77              1              1
             16             73             83             85             75             78             84             80             74             79              1              1
             17             81             91             93             83             86             92             88             82             87              1              1
             18             83             93             95             85             88             94             90             84             89              1              1
             19             91            101            103             93             96            102             98             92             97              1              1
             20             93            103            105             95             98            104            100             94             99              1              1
             21            101            111            113            103            106            112            108            102            107              1              1
             22            103            113            115            105            108            114            110            104            109              1              1
             23            111            121            123            113            116            122            118            112            117              1              1
             24            113            123            125            115            118            124            120            114            119              1              1
             25            121            131            133            123            126            132            128            122            127              1              1
             26            123            133            135            125            128            134            130            124            129              1              1
             27            131            141            143            133            136            142            138            132            137              1              1
             28            133            143            145            135            138            144            140            134            139              1              1
             29            141            151            153            143            146            152            148            142            147              1              1
             30            143            153            155            145            148            154            150            144            149              1              1
             31            151            161            163            153            156            162            158            152            157              1              1
             32            153            163            165            155            158            164            160            154            159              1              1
             33            161            171            173            163            166            172            168            162            167              1              1
             34            163            173            175            165            168            174            170            164            169              1              1
             35            171            181            183            173            176            182            178            172            177              1              1
             36            173            183            185            175            178            184            180            174            179              1              1
             37            181            191            193            183            186            192            188            182            187              1              1
             38            183            193            195            185            188            194            190            184            189              1              1
             39            191            201            203            193            196            202            198            192            197              1              1
             40            193            203            205            195            198            204            200            194            199              1              1
             41            201            211            213            203            206            212            208            202            207              1              1
             42            203            213            215            205            208            214            210            204            209              1              1
             43            211            221            223            213            216            222            218            212            217              1              1
             44            213            223            225            215            218            224            220            214            219              1              1
             45            221            231            233            223            226            232            228            222            227              1              1
             46            223            233            235            225            228            234            230            224            229              1              1
             47            231            241            243            233            236            242            238            232            237              1              1
             48            233            243            245            235            238            244            240            234            239              1              1
             49            241            251            253            243            246            252            248            242            247              1              1
             50            243            253            255            245            248            254            250            244            249              1              1
             51            251            261            263            253            256            262            258            252            257              1              1
             52            253            263            265            255            258            264            260            254            259              1              1
             53            261            271            273            263            266            272            268            262            267              1              1
             54            263            273            275            265            268            274            270            264            269              1              1
             55            271            281            283            273            276            282            278            272            277              1              1
             56            273            283            285            275            278            284            280            274            279              1              1
             57            281            291            293            283            286            292            288            282            287              1              1
             58            283            293            295            285            288            294            290            284            289              1              1
             59            291            301            303            293            296            302            298            292            297              1              1
             60            293            303            305            295            298            304            300            294            299              1              1
             61            306            316            318            308            311            317            313            307            312              1              1
             62            308            318            320            310            313            319            315            309            314              1              1
             63            316            326            328            318            321            327            323            317            322              1              1
             64            318            328            330            320            323            329            325            319            324              1              1
             65            326            336            338            328            331            337            333            327            332              1              1
             66            328            338            340            330            333            339            335            329            334              1              1
             67            336            346            348            338            341            347            343            337            342              1              1
             68            338            348            350            340            343            349            345            339            344              1              1
             69            346            356            358            348            351            357            353            347            352              1              1
             70            348            358            360            350            353            359            355            349            354              1              1
             71            356            366            368            358            361            367            363            357            362              1              1
             72            358            368            370            360            363            369            365            359            364              1              1
             73            366            376            378            368            371            377            373            367            372              1              1
             74            368            378            380            370            373            379            375            369            374              1              1
             75            376            386            388            378            381            387            383            377            382              1              1
             76            378            388            390            380            383            389            385            379            384              1              1
             77            386            396            398            388            391            397            393            387            392              1              1
             78            388            398            400            390            393            399            395            389            394              1              1
             79            396            406            408            398            401            407            403            397            402              1              1
             80            398            408            410            400            403            409            405            399            404              1              1
             81            406            416            418            408            411            417            413            407            412              1              1
             82            408            418            420            410            413            419            415            409            414              1              1
             83            416            426            428            418            421            427            423            417            422              1              1
             84            418            428            430            420            423            429            425            419            424              1              1
             85            426            436            438            428            431            437            433            427            432              1              1
             86            428            438            440            430            433            439            435            429            434              1              1
             87            436            446            448            438            441            447            443            437            442              1              1
             88            438            448            450            440            443            449            445            439            444              1              1
             89            446            456            458            448            451            457            453            447            452              1              1
             90            448            458            460            450            453            459            455            449            454              1              1
             91            456            466            468            458            461            467            463            457            462              1              1
             92            458            468            470            460            463            469            465            459            464              1              1
             93            466            476            478            468            471            477            473            467            472              1              1
             94            468            478            480            470            473            479            475            469            474              1              1
             95            476            486            488            478            481            487            483            477            482              1              1
             96            478            488            490            480            483            489            485            479            484              1              1
             97            486            496            498            488            491            497            493            487            492              1              1
             98            488            498            500            490            493            499            495            489            494              1              1
             99            496            506            508            498            501            507            503            497            502              1              1
            100            498            508            510            500            503            509            505            499            504              1              1
            101            506            516            518            508            511            517            513            507            512              1              1
            102            508            518            520            510            513            519            515            509            514              1              1
            103            516            526            528            518            521            527            523            517            522              1              1
            104            518            528            530            520            523            529            525            519            524              1              1
            105            526            536            538            528            531            537            533            527            532              1              1
            106            528            538            540            530            533            539            535            529            534              1              1
            107            536            546            548            538            541            547            543            537            542              1              1
            108            538            548            550            540            543            549            545            539            544              1              1
            109            546            556            558            548            551            557            553            547            552              1              1
            110            548            558            560            550            553            559            555            549            554              1              1
            111            556            566            568            558            561            567            563            557            562              1              1
            112            558            568            570            560            563            569            565            559            564              1              1
            113            566            576            578            568            571            577            573            567            572              1              1
            114            568            578            580            570            573            579            575            569            574              1              1
            115            576            586            588            578            581            587            583            577            582              1              1
            116            578            588            590            580            583            589            585            579            584              1              1
            117            586            596            598            588            591            597            593            587            592              1              1
            118            588            598            600            590            593            599            595            589            594              1              1
            119            596            606            608            598            601            607            603            597            602              1              1
            120            598            608            610            600            603            609            605            599            604              1              1
       0      0      0      0      0      0      0      0      0      0      0      0
