Analysis for,q9 combined geometry  528   nodes  112    elements

  528    2
    1  -3.000000000000000E+00   4.606079858305439E-01
    2  -3.000000000000000E+00   6.272746524972099E-01
    3  -3.000000000000000E+00   7.939413191638778E-01
    4  -3.000000000000000E+00   9.606079858305439E-01
    5  -3.000000000000000E+00   1.127274652497210E+00
    6  -3.000000000000000E+00   1.293941319163878E+00
    7  -3.000000000000000E+00   1.460607985830544E+00
    8  -3.000000000000000E+00   1.627274652497210E+00
    9  -3.000000000000000E+00   1.793941319163878E+00
   10  -3.000000000000000E+00   1.960607985830544E+00
   11  -3.000000000000000E+00   2.127274652497210E+00
   12  -3.000000000000000E+00   2.293941319163877E+00
   13  -3.000000000000000E+00   2.460607985830544E+00
   14  -2.812500000000000E+00   4.036546670099455E-01
   15  -2.812500000000000E+00   5.750674435783285E-01
   16  -2.812500000000000E+00   7.464802201467116E-01
   17  -2.812500000000000E+00   9.178929967150946E-01
   18  -2.812500000000000E+00   1.089305773283478E+00
   19  -2.812500000000000E+00   1.260718549851862E+00
   20  -2.812500000000000E+00   1.432131326420244E+00
   21  -2.812500000000000E+00   1.603544102988627E+00
   22  -2.812500000000000E+00   1.774956879557012E+00
   23  -2.812500000000000E+00   1.946369656125395E+00
   24  -2.812500000000000E+00   2.117782432693777E+00
   25  -2.812500000000000E+00   2.289195209262161E+00
   26  -2.812500000000000E+00   2.460607985830544E+00
   27  -2.625000000000000E+00   3.506800757773600E-01
   28  -2.625000000000000E+00   5.265074016151239E-01
   29  -2.625000000000000E+00   7.023347274528913E-01
   30  -2.625000000000000E+00   8.781620532906551E-01
   31  -2.625000000000000E+00   1.053989379128421E+00
   32  -2.625000000000000E+00   1.229816704966186E+00
   33  -2.625000000000000E+00   1.405644030803952E+00
   34  -2.625000000000000E+00   1.581471356641718E+00
   35  -2.625000000000000E+00   1.757298682479483E+00
   36  -2.625000000000000E+00   1.933126008317249E+00
   37  -2.625000000000000E+00   2.108953334155013E+00
   38  -2.625000000000000E+00   2.284780659992778E+00
   39  -2.625000000000000E+00   2.460607985830544E+00
   40  -2.437500000000000E+00   3.016190139797050E-01
   41  -2.437500000000000E+00   4.815347616339416E-01
   42  -2.437500000000000E+00   6.614505092881782E-01
   43  -2.437500000000000E+00   8.413662569424147E-01
   44  -2.437500000000000E+00   1.021282004596651E+00
   45  -2.437500000000000E+00   1.201197752250888E+00
   46  -2.437500000000000E+00   1.381113499905124E+00
   47  -2.437500000000000E+00   1.561029247559361E+00
   48  -2.437500000000000E+00   1.740944995213598E+00
   49  -2.437500000000000E+00   1.920860742867834E+00
   50  -2.437500000000000E+00   2.100776490522070E+00
   51  -2.437500000000000E+00   2.280692238176307E+00
   52  -2.437500000000000E+00   2.460607985830544E+00
   53  -2.250000000000000E+00   2.564123650474617E-01
   54  -2.250000000000000E+00   4.400953334460507E-01
   55  -2.250000000000000E+00   6.237783018446432E-01
   56  -2.250000000000000E+00   8.074612702432322E-01
   57  -2.250000000000000E+00   9.911442386418212E-01
   58  -2.250000000000000E+00   1.174827207040414E+00
   59  -2.250000000000000E+00   1.358510175439003E+00
   60  -2.250000000000000E+00   1.542193143837592E+00
   61  -2.250000000000000E+00   1.725876112236184E+00
   62  -2.250000000000000E+00   1.909559080634773E+00
   63  -2.250000000000000E+00   2.093242049033363E+00
   64  -2.250000000000000E+00   2.276925017431953E+00
   65  -2.250000000000000E+00   2.460607985830544E+00
   66  -2.062500000000000E+00   2.150067066962169E-01
   67  -2.062500000000000E+00   4.021401466240775E-01
   68  -2.062500000000000E+00   5.892735865519381E-01
   69  -2.062500000000000E+00   7.764070264797986E-01
   70  -2.062500000000000E+00   9.635404664076592E-01
   71  -2.062500000000000E+00   1.150673906335520E+00
   72  -2.062500000000000E+00   1.337807346263380E+00
   73  -2.062500000000000E+00   1.524940786191241E+00
   74  -2.062500000000000E+00   1.712074226119102E+00
   75  -2.062500000000000E+00   1.899207666046962E+00
   76  -2.062500000000000E+00   2.086341105974822E+00
   77  -2.062500000000000E+00   2.273474545902683E+00
   78  -2.062500000000000E+00   2.460607985830544E+00
   79  -1.875000000000000E+00   1.773539715614305E-01
   80  -1.875000000000000E+00   3.676251394171892E-01
   81  -1.875000000000000E+00   5.578963072729497E-01
   82  -1.875000000000000E+00   7.481674751287084E-01
   83  -1.875000000000000E+00   9.384386429844671E-01
   84  -1.875000000000000E+00   1.128709810840228E+00
   85  -1.875000000000000E+00   1.318980978695986E+00
   86  -1.875000000000000E+00   1.509252146551747E+00
   87  -1.875000000000000E+00   1.699523314407507E+00
   88  -1.875000000000000E+00   1.889794482263266E+00
   89  -1.875000000000000E+00   2.080065650119025E+00
   90  -1.875000000000000E+00   2.270336817974784E+00
   91  -1.875000000000000E+00   2.460607985830544E+00
   92  -1.687500000000000E+00   1.434111504029953E-01
   93  -1.687500000000000E+00   3.365108866886235E-01
   94  -1.687500000000000E+00   5.296106229742534E-01
   95  -1.687500000000000E+00   7.227103592598816E-01
   96  -1.687500000000000E+00   9.158100955455115E-01
   97  -1.687500000000000E+00   1.108909831831141E+00
   98  -1.687500000000000E+00   1.302009568116770E+00
   99  -1.687500000000000E+00   1.495109304402398E+00
  100  -1.687500000000000E+00   1.688209040688028E+00
  101  -1.687500000000000E+00   1.881308776973658E+00
  102  -1.687500000000000E+00   2.074408513259285E+00
  103  -1.687500000000000E+00   2.267508249544915E+00
  104  -1.687500000000000E+00   2.460607985830544E+00
  105  -1.500000000000000E+00   1.131400333574053E-01
  106  -1.500000000000000E+00   3.087623627301657E-01
  107  -1.500000000000000E+00   5.043846921029296E-01
  108  -1.500000000000000E+00   7.000070214756899E-01
  109  -1.500000000000000E+00   8.956293508484503E-01
  110  -1.500000000000000E+00   1.091251680221214E+00
  111  -1.500000000000000E+00   1.286874009593975E+00
  112  -1.500000000000000E+00   1.482496338966735E+00
  113  -1.500000000000000E+00   1.678118668339499E+00
  114  -1.500000000000000E+00   1.873740997712259E+00
  115  -1.500000000000000E+00   2.069363327085020E+00
  116  -1.500000000000000E+00   2.264985656457782E+00
  117  -1.500000000000000E+00   2.460607985830544E+00
  118  -1.312500000000000E+00   8.650698542637869E-02
  119  -1.312500000000000E+00   2.843487354600587E-01
  120  -1.312500000000000E+00   4.821904854937404E-01
  121  -1.312500000000000E+00   6.800322355274204E-01
  122  -1.312500000000000E+00   8.778739855611004E-01
  123  -1.312500000000000E+00   1.075715735594782E+00
  124  -1.312500000000000E+00   1.273557485628462E+00
  125  -1.312500000000000E+00   1.471399235662140E+00
  126  -1.312500000000000E+00   1.669240985695822E+00
  127  -1.312500000000000E+00   1.867082735729502E+00
  128  -1.312500000000000E+00   2.064924485763182E+00
  129  -1.312500000000000E+00   2.262766235796863E+00
  130  -1.312500000000000E+00   2.460607985830544E+00
  131  -1.125000000000000E+00   6.348275299639994E-02
  132  -1.125000000000000E+00   2.632431890659106E-01
  133  -1.125000000000000E+00   4.630036251354248E-01
  134  -1.125000000000000E+00   6.627640612049355E-01
  135  -1.125000000000000E+00   8.625244972744479E-01
  136  -1.125000000000000E+00   1.062284933343960E+00
  137  -1.125000000000000E+00   1.262045369413471E+00
  138  -1.125000000000000E+00   1.461805805482983E+00
  139  -1.125000000000000E+00   1.661566241552496E+00
  140  -1.125000000000000E+00   1.861326677622008E+00
  141  -1.125000000000000E+00   2.061087113691519E+00
  142  -1.125000000000000E+00   2.260847549761031E+00
  143  -1.125000000000000E+00   2.460607985830544E+00
  144  -9.375000000000000E-01   4.404229870375609E-02
  145  -9.375000000000000E-01   2.454227726309881E-01
  146  -9.375000000000000E-01   4.468032465582219E-01
  147  -9.375000000000000E-01   6.481837204854521E-01
  148  -9.375000000000000E-01   8.495641944126842E-01
  149  -9.375000000000000E-01   1.050944668339918E+00
  150  -9.375000000000000E-01   1.252325142267150E+00
  151  -9.375000000000000E-01   1.453705616194382E+00
  152  -9.375000000000000E-01   1.655086090121616E+00
  153  -9.375000000000000E-01   1.856466564048848E+00
  154  -9.375000000000000E-01   2.057847037976079E+00
  155  -9.375000000000000E-01   2.259227511903311E+00
  156  -9.375000000000000E-01   2.460607985830544E+00
  157  -7.500000000000000E-01   2.816466241043436E-02
  158  -7.500000000000000E-01   2.308682726954423E-01
  159  -7.500000000000000E-01   4.335718829804538E-01
  160  -7.500000000000000E-01   6.362754932654617E-01
  161  -7.500000000000000E-01   8.389791035504697E-01
  162  -7.500000000000000E-01   1.041682713835481E+00
  163  -7.500000000000000E-01   1.244386324120489E+00
  164  -7.500000000000000E-01   1.447089934405497E+00
  165  -7.500000000000000E-01   1.649793544690509E+00
  166  -7.500000000000000E-01   1.852497154975516E+00
  167  -7.500000000000000E-01   2.055200765260525E+00
  168  -7.500000000000000E-01   2.257904375545534E+00
  169  -7.500000000000000E-01   2.460607985830544E+00
  170  -5.625000000000000E-01   1.583284645133709E-02
  171  -5.625000000000000E-01   2.195641080662707E-01
  172  -5.625000000000000E-01   4.232953696812061E-01
  173  -5.625000000000000E-01   6.270266312961397E-01
  174  -5.625000000000000E-01   8.307578929110715E-01
  175  -5.625000000000000E-01   1.034489154526007E+00
  176  -5.625000000000000E-01   1.238220416140940E+00
  177  -5.625000000000000E-01   1.441951677755874E+00
  178  -5.625000000000000E-01   1.645682939370809E+00
  179  -5.625000000000000E-01   1.849414200985741E+00
  180  -5.625000000000000E-01   2.053145462600676E+00
  181  -5.625000000000000E-01   2.256876724215609E+00
  182  -5.625000000000000E-01   2.460607985830544E+00
  183  -3.750000000000000E-01   7.033723663429470E-03
  184  -3.750000000000000E-01   2.114982455106880E-01
  185  -3.750000000000000E-01   4.159627673579500E-01
  186  -3.750000000000000E-01   6.204272892052085E-01
  187  -3.750000000000000E-01   8.248918110524670E-01
  188  -3.750000000000000E-01   1.029356332899727E+00
  189  -3.750000000000000E-01   1.233820854746988E+00
  190  -3.750000000000000E-01   1.438285376594246E+00
  191  -3.750000000000000E-01   1.642749898441506E+00
  192  -3.750000000000000E-01   1.847214420288765E+00
  193  -3.750000000000000E-01   2.051678942136024E+00
  194  -3.750000000000000E-01   2.256143463983284E+00
  195  -3.750000000000000E-01   2.460607985830544E+00
  196  -1.875000000000000E-01   1.757967022403051E-03
  197  -1.875000000000000E-01   2.066621352564137E-01
  198  -1.875000000000000E-01   4.115663034904280E-01
  199  -1.875000000000000E-01   6.164704717244387E-01
  200  -1.875000000000000E-01   8.213746399584494E-01
  201  -1.875000000000000E-01   1.026278808192462E+00
  202  -1.875000000000000E-01   1.231182976426474E+00
  203  -1.875000000000000E-01   1.436087144660485E+00
  204  -1.875000000000000E-01   1.640991312894498E+00
  205  -1.875000000000000E-01   1.845895481128508E+00
  206  -1.875000000000000E-01   2.050799649362520E+00
  207  -1.875000000000000E-01   2.255703817596531E+00
  208  -1.875000000000000E-01   2.460607985830544E+00
  209   0.000000000000000E+00   0.000000000000000E+00
  210   0.000000000000000E+00   2.050506654858779E-01
  211   0.000000000000000E+00   4.101013309717576E-01
  212   0.000000000000000E+00   6.151519964576355E-01
  213   0.000000000000000E+00   8.202026619435134E-01
  214   0.000000000000000E+00   1.025253327429393E+00
  215   0.000000000000000E+00   1.230303992915271E+00
  216   0.000000000000000E+00   1.435354658401151E+00
  217   0.000000000000000E+00   1.640405323887030E+00
  218   0.000000000000000E+00   1.845455989372908E+00
  219   0.000000000000000E+00   2.050506654858786E+00
  220   0.000000000000000E+00   2.255557320344665E+00
  221   0.000000000000000E+00   2.460607985830544E+00
  222   1.875000000000000E-01   1.757967022403051E-03
  223   1.875000000000000E-01   2.066621352564137E-01
  224   1.875000000000000E-01   4.115663034904280E-01
  225   1.875000000000000E-01   6.164704717244387E-01
  226   1.875000000000000E-01   8.213746399584494E-01
  227   1.875000000000000E-01   1.026278808192462E+00
  228   1.875000000000000E-01   1.231182976426474E+00
  229   1.875000000000000E-01   1.436087144660485E+00
  230   1.875000000000000E-01   1.640991312894498E+00
  231   1.875000000000000E-01   1.845895481128508E+00
  232   1.875000000000000E-01   2.050799649362520E+00
  233   1.875000000000000E-01   2.255703817596531E+00
  234   1.875000000000000E-01   2.460607985830544E+00
  235   3.750000000000000E-01   7.033723663429470E-03
  236   3.750000000000000E-01   2.114982455106880E-01
  237   3.750000000000000E-01   4.159627673579500E-01
  238   3.750000000000000E-01   6.204272892052085E-01
  239   3.750000000000000E-01   8.248918110524670E-01
  240   3.750000000000000E-01   1.029356332899727E+00
  241   3.750000000000000E-01   1.233820854746988E+00
  242   3.750000000000000E-01   1.438285376594246E+00
  243   3.750000000000000E-01   1.642749898441506E+00
  244   3.750000000000000E-01   1.847214420288765E+00
  245   3.750000000000000E-01   2.051678942136024E+00
  246   3.750000000000000E-01   2.256143463983284E+00
  247   3.750000000000000E-01   2.460607985830544E+00
  248   5.625000000000000E-01   1.583284645133709E-02
  249   5.625000000000000E-01   2.195641080662707E-01
  250   5.625000000000000E-01   4.232953696812061E-01
  251   5.625000000000000E-01   6.270266312961397E-01
  252   5.625000000000000E-01   8.307578929110715E-01
  253   5.625000000000000E-01   1.034489154526007E+00
  254   5.625000000000000E-01   1.238220416140940E+00
  255   5.625000000000000E-01   1.441951677755874E+00
  256   5.625000000000000E-01   1.645682939370809E+00
  257   5.625000000000000E-01   1.849414200985741E+00
  258   5.625000000000000E-01   2.053145462600676E+00
  259   5.625000000000000E-01   2.256876724215609E+00
  260   5.625000000000000E-01   2.460607985830544E+00
  261   7.500000000000000E-01   2.816466241043436E-02
  262   7.500000000000000E-01   2.308682726954423E-01
  263   7.500000000000000E-01   4.335718829804538E-01
  264   7.500000000000000E-01   6.362754932654617E-01
  265   7.500000000000000E-01   8.389791035504697E-01
  266   7.500000000000000E-01   1.041682713835481E+00
  267   7.500000000000000E-01   1.244386324120489E+00
  268   7.500000000000000E-01   1.447089934405497E+00
  269   7.500000000000000E-01   1.649793544690509E+00
  270   7.500000000000000E-01   1.852497154975516E+00
  271   7.500000000000000E-01   2.055200765260525E+00
  272   7.500000000000000E-01   2.257904375545534E+00
  273   7.500000000000000E-01   2.460607985830544E+00
  274   9.375000000000000E-01   4.404229870375609E-02
  275   9.375000000000000E-01   2.454227726309881E-01
  276   9.375000000000000E-01   4.468032465582219E-01
  277   9.375000000000000E-01   6.481837204854521E-01
  278   9.375000000000000E-01   8.495641944126842E-01
  279   9.375000000000000E-01   1.050944668339918E+00
  280   9.375000000000000E-01   1.252325142267150E+00
  281   9.375000000000000E-01   1.453705616194382E+00
  282   9.375000000000000E-01   1.655086090121616E+00
  283   9.375000000000000E-01   1.856466564048848E+00
  284   9.375000000000000E-01   2.057847037976079E+00
  285   9.375000000000000E-01   2.259227511903311E+00
  286   9.375000000000000E-01   2.460607985830544E+00
  287   1.125000000000000E+00   6.348275299639994E-02
  288   1.125000000000000E+00   2.632431890659106E-01
  289   1.125000000000000E+00   4.630036251354248E-01
  290   1.125000000000000E+00   6.627640612049355E-01
  291   1.125000000000000E+00   8.625244972744479E-01
  292   1.125000000000000E+00   1.062284933343960E+00
  293   1.125000000000000E+00   1.262045369413471E+00
  294   1.125000000000000E+00   1.461805805482983E+00
  295   1.125000000000000E+00   1.661566241552496E+00
  296   1.125000000000000E+00   1.861326677622008E+00
  297   1.125000000000000E+00   2.061087113691519E+00
  298   1.125000000000000E+00   2.260847549761031E+00
  299   1.125000000000000E+00   2.460607985830544E+00
  300   1.312500000000000E+00   8.650698542637869E-02
  301   1.312500000000000E+00   2.843487354600587E-01
  302   1.312500000000000E+00   4.821904854937404E-01
  303   1.312500000000000E+00   6.800322355274204E-01
  304   1.312500000000000E+00   8.778739855611004E-01
  305   1.312500000000000E+00   1.075715735594782E+00
  306   1.312500000000000E+00   1.273557485628462E+00
  307   1.312500000000000E+00   1.471399235662140E+00
  308   1.312500000000000E+00   1.669240985695822E+00
  309   1.312500000000000E+00   1.867082735729502E+00
  310   1.312500000000000E+00   2.064924485763182E+00
  311   1.312500000000000E+00   2.262766235796863E+00
  312   1.312500000000000E+00   2.460607985830544E+00
  313   1.500000000000000E+00   1.131400333574053E-01
  314   1.500000000000000E+00   3.087623627301657E-01
  315   1.500000000000000E+00   5.043846921029296E-01
  316   1.500000000000000E+00   7.000070214756899E-01
  317   1.500000000000000E+00   8.956293508484503E-01
  318   1.500000000000000E+00   1.091251680221214E+00
  319   1.500000000000000E+00   1.286874009593975E+00
  320   1.500000000000000E+00   1.482496338966735E+00
  321   1.500000000000000E+00   1.678118668339499E+00
  322   1.500000000000000E+00   1.873740997712259E+00
  323   1.500000000000000E+00   2.069363327085020E+00
  324   1.500000000000000E+00   2.264985656457782E+00
  325   1.500000000000000E+00   2.460607985830544E+00
  326   1.687500000000000E+00   1.434111504029953E-01
  327   1.687500000000000E+00   3.365108866886235E-01
  328   1.687500000000000E+00   5.296106229742534E-01
  329   1.687500000000000E+00   7.227103592598816E-01
  330   1.687500000000000E+00   9.158100955455115E-01
  331   1.687500000000000E+00   1.108909831831141E+00
  332   1.687500000000000E+00   1.302009568116770E+00
  333   1.687500000000000E+00   1.495109304402398E+00
  334   1.687500000000000E+00   1.688209040688028E+00
  335   1.687500000000000E+00   1.881308776973658E+00
  336   1.687500000000000E+00   2.074408513259285E+00
  337   1.687500000000000E+00   2.267508249544915E+00
  338   1.687500000000000E+00   2.460607985830544E+00
  339   1.875000000000000E+00   1.773539715614305E-01
  340   1.875000000000000E+00   3.676251394171892E-01
  341   1.875000000000000E+00   5.578963072729497E-01
  342   1.875000000000000E+00   7.481674751287084E-01
  343   1.875000000000000E+00   9.384386429844671E-01
  344   1.875000000000000E+00   1.128709810840228E+00
  345   1.875000000000000E+00   1.318980978695986E+00
  346   1.875000000000000E+00   1.509252146551747E+00
  347   1.875000000000000E+00   1.699523314407507E+00
  348   1.875000000000000E+00   1.889794482263266E+00
  349   1.875000000000000E+00   2.080065650119025E+00
  350   1.875000000000000E+00   2.270336817974784E+00
  351   1.875000000000000E+00   2.460607985830544E+00
  352   2.062500000000000E+00   2.150067066962169E-01
  353   2.062500000000000E+00   4.021401466240775E-01
  354   2.062500000000000E+00   5.892735865519381E-01
  355   2.062500000000000E+00   7.764070264797986E-01
  356   2.062500000000000E+00   9.635404664076592E-01
  357   2.062500000000000E+00   1.150673906335520E+00
  358   2.062500000000000E+00   1.337807346263380E+00
  359   2.062500000000000E+00   1.524940786191241E+00
  360   2.062500000000000E+00   1.712074226119102E+00
  361   2.062500000000000E+00   1.899207666046962E+00
  362   2.062500000000000E+00   2.086341105974822E+00
  363   2.062500000000000E+00   2.273474545902683E+00
  364   2.062500000000000E+00   2.460607985830544E+00
  365   2.250000000000000E+00   2.564123650474617E-01
  366   2.250000000000000E+00   4.400953334460507E-01
  367   2.250000000000000E+00   6.237783018446432E-01
  368   2.250000000000000E+00   8.074612702432322E-01
  369   2.250000000000000E+00   9.911442386418212E-01
  370   2.250000000000000E+00   1.174827207040414E+00
  371   2.250000000000000E+00   1.358510175439003E+00
  372   2.250000000000000E+00   1.542193143837592E+00
  373   2.250000000000000E+00   1.725876112236184E+00
  374   2.250000000000000E+00   1.909559080634773E+00
  375   2.250000000000000E+00   2.093242049033363E+00
  376   2.250000000000000E+00   2.276925017431953E+00
  377   2.250000000000000E+00   2.460607985830544E+00
  378   2.437500000000000E+00   3.016190139797050E-01
  379   2.437500000000000E+00   4.815347616339416E-01
  380   2.437500000000000E+00   6.614505092881782E-01
  381   2.437500000000000E+00   8.413662569424147E-01
  382   2.437500000000000E+00   1.021282004596651E+00
  383   2.437500000000000E+00   1.201197752250888E+00
  384   2.437500000000000E+00   1.381113499905124E+00
  385   2.437500000000000E+00   1.561029247559361E+00
  386   2.437500000000000E+00   1.740944995213598E+00
  387   2.437500000000000E+00   1.920860742867834E+00
  388   2.437500000000000E+00   2.100776490522070E+00
  389   2.437500000000000E+00   2.280692238176307E+00
  390   2.437500000000000E+00   2.460607985830544E+00
  391   2.625000000000000E+00   3.506800757773600E-01
  392   2.625000000000000E+00   5.265074016151239E-01
  393   2.625000000000000E+00   7.023347274528913E-01
  394   2.625000000000000E+00   8.781620532906551E-01
  395   2.625000000000000E+00   1.053989379128421E+00
  396   2.625000000000000E+00   1.229816704966186E+00
  397   2.625000000000000E+00   1.405644030803952E+00
  398   2.625000000000000E+00   1.581471356641718E+00
  399   2.625000000000000E+00   1.757298682479483E+00
  400   2.625000000000000E+00   1.933126008317249E+00
  401   2.625000000000000E+00   2.108953334155013E+00
  402   2.625000000000000E+00   2.284780659992778E+00
  403   2.625000000000000E+00   2.460607985830544E+00
  404   2.812500000000000E+00   4.036546670099455E-01
  405   2.812500000000000E+00   5.750674435783285E-01
  406   2.812500000000000E+00   7.464802201467116E-01
  407   2.812500000000000E+00   9.178929967150946E-01
  408   2.812500000000000E+00   1.089305773283478E+00
  409   2.812500000000000E+00   1.260718549851862E+00
  410   2.812500000000000E+00   1.432131326420244E+00
  411   2.812500000000000E+00   1.603544102988627E+00
  412   2.812500000000000E+00   1.774956879557012E+00
  413   2.812500000000000E+00   1.946369656125395E+00
  414   2.812500000000000E+00   2.117782432693777E+00
  415   2.812500000000000E+00   2.289195209262161E+00
  416   2.812500000000000E+00   2.460607985830544E+00
  417   3.000000000000000E+00   4.606079858305439E-01
  418   3.000000000000000E+00   6.272746524972099E-01
  419   3.000000000000000E+00   7.939413191638778E-01
  420   3.000000000000000E+00   9.606079858305439E-01
  421   3.000000000000000E+00   1.127274652497210E+00
  422   3.000000000000000E+00   1.293941319163878E+00
  423   3.000000000000000E+00   1.460607985830544E+00
  424   3.000000000000000E+00   1.627274652497210E+00
  425   3.000000000000000E+00   1.793941319163878E+00
  426   3.000000000000000E+00   1.960607985830544E+00
  427   3.000000000000000E+00   2.127274652497210E+00
  428   3.000000000000000E+00   2.293941319163877E+00
  429   3.000000000000000E+00   2.460607985830544E+00
  430  -5.000000000000000E+00  -1.000000000000000E-01
  431  -5.000000000000000E+00  -5.000000000000000E-02
  432  -5.000000000000000E+00   0.000000000000000E+00
  433  -4.687500000000000E+00  -1.000000000000000E-01
  434  -4.687500000000000E+00  -5.000000000000000E-02
  435  -4.687500000000000E+00   0.000000000000000E+00
  436  -4.375000000000000E+00  -1.000000000000000E-01
  437  -4.375000000000000E+00  -5.000000000000000E-02
  438  -4.375000000000000E+00   0.000000000000000E+00
  439  -4.062500000000000E+00  -1.000000000000000E-01
  440  -4.062500000000000E+00  -5.000000000000000E-02
  441  -4.062500000000000E+00   0.000000000000000E+00
  442  -3.750000000000000E+00  -1.000000000000000E-01
  443  -3.750000000000000E+00  -5.000000000000000E-02
  444  -3.750000000000000E+00   0.000000000000000E+00
  445  -3.437500000000000E+00  -1.000000000000000E-01
  446  -3.437500000000000E+00  -5.000000000000000E-02
  447  -3.437500000000000E+00   0.000000000000000E+00
  448  -3.125000000000000E+00  -1.000000000000000E-01
  449  -3.125000000000000E+00  -5.000000000000000E-02
  450  -3.125000000000000E+00   0.000000000000000E+00
  451  -2.812500000000000E+00  -1.000000000000000E-01
  452  -2.812500000000000E+00  -5.000000000000000E-02
  453  -2.812500000000000E+00   0.000000000000000E+00
  454  -2.500000000000000E+00  -1.000000000000000E-01
  455  -2.500000000000000E+00  -5.000000000000000E-02
  456  -2.500000000000000E+00   0.000000000000000E+00
  457  -2.187500000000000E+00  -1.000000000000000E-01
  458  -2.187500000000000E+00  -5.000000000000000E-02
  459  -2.187500000000000E+00   0.000000000000000E+00
  460  -1.875000000000000E+00  -1.000000000000000E-01
  461  -1.875000000000000E+00  -5.000000000000000E-02
  462  -1.875000000000000E+00   0.000000000000000E+00
  463  -1.562500000000000E+00  -1.000000000000000E-01
  464  -1.562500000000000E+00  -5.000000000000000E-02
  465  -1.562500000000000E+00   0.000000000000000E+00
  466  -1.250000000000000E+00  -1.000000000000000E-01
  467  -1.250000000000000E+00  -5.000000000000000E-02
  468  -1.250000000000000E+00   0.000000000000000E+00
  469  -9.375000000000000E-01  -1.000000000000000E-01
  470  -9.375000000000000E-01  -5.000000000000000E-02
  471  -9.375000000000000E-01   0.000000000000000E+00
  472  -6.250000000000000E-01  -1.000000000000000E-01
  473  -6.250000000000000E-01  -5.000000000000000E-02
  474  -6.250000000000000E-01   0.000000000000000E+00
  475  -3.125000000000000E-01  -1.000000000000000E-01
  476  -3.125000000000000E-01  -5.000000000000000E-02
  477  -3.125000000000000E-01   0.000000000000000E+00
  478   0.000000000000000E+00  -1.000000000000000E-01
  479   0.000000000000000E+00  -5.000000000000000E-02
  480   0.000000000000000E+00   0.000000000000000E+00
  481   3.125000000000000E-01  -1.000000000000000E-01
  482   3.125000000000000E-01  -5.000000000000000E-02
  483   3.125000000000000E-01   0.000000000000000E+00
  484   6.250000000000000E-01  -1.000000000000000E-01
  485   6.250000000000000E-01  -5.000000000000000E-02
  486   6.250000000000000E-01   0.000000000000000E+00
  487   9.375000000000000E-01  -1.000000000000000E-01
  488   9.375000000000000E-01  -5.000000000000000E-02
  489   9.375000000000000E-01   0.000000000000000E+00
  490   1.250000000000000E+00  -1.000000000000000E-01
  491   1.250000000000000E+00  -5.000000000000000E-02
  492   1.250000000000000E+00   0.000000000000000E+00
  493   1.562500000000000E+00  -1.000000000000000E-01
  494   1.562500000000000E+00  -5.000000000000000E-02
  495   1.562500000000000E+00   0.000000000000000E+00
  496   1.875000000000000E+00  -1.000000000000000E-01
  497   1.875000000000000E+00  -5.000000000000000E-02
  498   1.875000000000000E+00   0.000000000000000E+00
  499   2.187500000000000E+00  -1.000000000000000E-01
  500   2.187500000000000E+00  -5.000000000000000E-02
  501   2.187500000000000E+00   0.000000000000000E+00
  502   2.500000000000000E+00  -1.000000000000000E-01
  503   2.500000000000000E+00  -5.000000000000000E-02
  504   2.500000000000000E+00   0.000000000000000E+00
  505   2.812500000000000E+00  -1.000000000000000E-01
  506   2.812500000000000E+00  -5.000000000000000E-02
  507   2.812500000000000E+00   0.000000000000000E+00
  508   3.125000000000000E+00  -1.000000000000000E-01
  509   3.125000000000000E+00  -5.000000000000000E-02
  510   3.125000000000000E+00   0.000000000000000E+00
  511   3.437500000000000E+00  -1.000000000000000E-01
  512   3.437500000000000E+00  -5.000000000000000E-02
  513   3.437500000000000E+00   0.000000000000000E+00
  514   3.750000000000000E+00  -1.000000000000000E-01
  515   3.750000000000000E+00  -5.000000000000000E-02
  516   3.750000000000000E+00   0.000000000000000E+00
  517   4.062500000000000E+00  -1.000000000000000E-01
  518   4.062500000000000E+00  -5.000000000000000E-02
  519   4.062500000000000E+00   0.000000000000000E+00
  520   4.375000000000000E+00  -1.000000000000000E-01
  521   4.375000000000000E+00  -5.000000000000000E-02
  522   4.375000000000000E+00   0.000000000000000E+00
  523   4.687500000000000E+00  -1.000000000000000E-01
  524   4.687500000000000E+00  -5.000000000000000E-02
  525   4.687500000000000E+00   0.000000000000000E+00
  526   5.000000000000000E+00  -1.000000000000000E-01
  527   5.000000000000000E+00  -5.000000000000000E-02
  528   5.000000000000000E+00   0.000000000000000E+00

    1
   q9
  112    9
              1              1             27             29              3             14             28             16              2             15              1              1
              2              3             29             31              5             16             30             18              4             17              1              1
              3              5             31             33              7             18             32             20              6             19              1              1
              4              7             33             35              9             20             34             22              8             21              1              1
              5              9             35             37             11             22             36             24             10             23              1              1
              6             11             37             39             13             24             38             26             12             25              1              1
              7             27             53             55             29             40             54             42             28             41              1              1
              8             29             55             57             31             42             56             44             30             43              1              1
              9             31             57             59             33             44             58             46             32             45              1              1
             10             33             59             61             35             46             60             48             34             47              1              1
             11             35             61             63             37             48             62             50             36             49              1              1
             12             37             63             65             39             50             64             52             38             51              1              1
             13             53             79             81             55             66             80             68             54             67              1              1
             14             55             81             83             57             68             82             70             56             69              1              1
             15             57             83             85             59             70             84             72             58             71              1              1
             16             59             85             87             61             72             86             74             60             73              1              1
             17             61             87             89             63             74             88             76             62             75              1              1
             18             63             89             91             65             76             90             78             64             77              1              1
             19             79            105            107             81             92            106             94             80             93              1              1
             20             81            107            109             83             94            108             96             82             95              1              1
             21             83            109            111             85             96            110             98             84             97              1              1
             22             85            111            113             87             98            112            100             86             99              1              1
             23             87            113            115             89            100            114            102             88            101              1              1
             24             89            115            117             91            102            116            104             90            103              1              1
             25            105            131            133            107            118            132            120            106            119              1              1
             26            107            133            135            109            120            134            122            108            121              1              1
             27            109            135            137            111            122            136            124            110            123              1              1
             28            111            137            139            113            124            138            126            112            125              1              1
             29            113            139            141            115            126            140            128            114            127              1              1
             30            115            141            143            117            128            142            130            116            129              1              1
             31            131            157            159            133            144            158            146            132            145              1              1
             32            133            159            161            135            146            160            148            134            147              1              1
             33            135            161            163            137            148            162            150            136            149              1              1
             34            137            163            165            139            150            164            152            138            151              1              1
             35            139            165            167            141            152            166            154            140            153              1              1
             36            141            167            169            143            154            168            156            142            155              1              1
             37            157            183            185            159            170            184            172            158            171              1              1
             38            159            185            187            161            172            186            174            160            173              1              1
             39            161            187            189            163            174            188            176            162            175              1              1
             40            163            189            191            165            176            190            178            164            177              1              1
             41            165            191            193            167            178            192            180            166            179              1              1
             42            167            193            195            169            180            194            182            168            181              1              1
             43            183            209            211            185            196            210            198            184            197              1              1
             44            185            211            213            187            198            212            200            186            199              1              1
             45            187            213            215            189            200            214            202            188            201              1              1
             46            189            215            217            191            202            216            204            190            203              1              1
             47            191            217            219            193            204            218            206            192            205              1              1
             48            193            219            221            195            206            220            208            194            207              1              1
             49            209            235            237            211            222            236            224            210            223              1              1
             50            211            237            239            213            224            238            226            212            225              1              1
             51            213            239            241            215            226            240            228            214            227              1              1
             52            215            241            243            217            228            242            230            216            229              1              1
             53            217            243            245            219            230            244            232            218            231              1              1
             54            219            245            247            221            232            246            234            220            233              1              1
             55            235            261            263            237            248            262            250            236            249              1              1
             56            237            263            265            239            250            264            252            238            251              1              1
             57            239            265            267            241            252            266            254            240            253              1              1
             58            241            267            269            243            254            268            256            242            255              1              1
             59            243            269            271            245            256            270            258            244            257              1              1
             60            245            271            273            247            258            272            260            246            259              1              1
             61            261            287            289            263            274            288            276            262            275              1              1
             62            263            289            291            265            276            290            278            264            277              1              1
             63            265            291            293            267            278            292            280            266            279              1              1
             64            267            293            295            269            280            294            282            268            281              1              1
             65            269            295            297            271            282            296            284            270            283              1              1
             66            271            297            299            273            284            298            286            272            285              1              1
             67            287            313            315            289            300            314            302            288            301              1              1
             68            289            315            317            291            302            316            304            290            303              1              1
             69            291            317            319            293            304            318            306            292            305              1              1
             70            293            319            321            295            306            320            308            294            307              1              1
             71            295            321            323            297            308            322            310            296            309              1              1
             72            297            323            325            299            310            324            312            298            311              1              1
             73            313            339            341            315            326            340            328            314            327              1              1
             74            315            341            343            317            328            342            330            316            329              1              1
             75            317            343            345            319            330            344            332            318            331              1              1
             76            319            345            347            321            332            346            334            320            333              1              1
             77            321            347            349            323            334            348            336            322            335              1              1
             78            323            349            351            325            336            350            338            324            337              1              1
             79            339            365            367            341            352            366            354            340            353              1              1
             80            341            367            369            343            354            368            356            342            355              1              1
             81            343            369            371            345            356            370            358            344            357              1              1
             82            345            371            373            347            358            372            360            346            359              1              1
             83            347            373            375            349            360            374            362            348            361              1              1
             84            349            375            377            351            362            376            364            350            363              1              1
             85            365            391            393            367            378            392            380            366            379              1              1
             86            367            393            395            369            380            394            382            368            381              1              1
             87            369            395            397            371            382            396            384            370            383              1              1
             88            371            397            399            373            384            398            386            372            385              1              1
             89            373            399            401            375            386            400            388            374            387              1              1
             90            375            401            403            377            388            402            390            376            389              1              1
             91            391            417            419            393            404            418            406            392            405              1              1
             92            393            419            421            395            406            420            408            394            407              1              1
             93            395            421            423            397            408            422            410            396            409              1              1
             94            397            423            425            399            410            424            412            398            411              1              1
             95            399            425            427            401            412            426            414            400            413              1              1
             96            401            427            429            403            414            428            416            402            415              1              1
             97            430            436            438            432            433            437            435            431            434              2              1
             98            436            442            444            438            439            443            441            437            440              2              1
             99            442            448            450            444            445            449            447            443            446              2              1
            100            448            454            456            450            451            455            453            449            452              2              1
            101            454            460            462            456            457            461            459            455            458              2              1
            102            460            466            468            462            463            467            465            461            464              2              1
            103            466            472            474            468            469            473            471            467            470              2              1
            104            472            478            480            474            475            479            477            473            476              2              1
            105            478            484            486            480            481            485            483            479            482              2              1
            106            484            490            492            486            487            491            489            485            488              2              1
            107            490            496            498            492            493            497            495            491            494              2              1
            108            496            502            504            498            499            503            501            497            500              2              1
            109            502            508            510            504            505            509            507            503            506              2              1
            110            508            514            516            510            511            515            513            509            512              2              1
            111            514            520            522            516            517            521            519            515            518              2              1
            112            520            526            528            522            523            527            525            521            524              2              1