Analysis for,q9 combined geometry  410   nodes   80    elements

1.00000E-06
  410    2
    1  -9.999999999999465E+00   3.267948965381384E-06
    2  -1.012499999999946E+01   3.308798327448651E-06
    3  -1.024999999999945E+01   3.349647689515918E-06
    4  -1.037499999999945E+01   3.390497051583186E-06
    5  -1.049999999999944E+01   3.431346413650453E-06
    6  -9.969173083599145E+00   7.845942148749284E-01
    7  -1.009378774039414E+01   7.944016425983627E-01
    8  -1.021840243718913E+01   8.042090703218102E-01
    9  -1.034301703398411E+01   8.140164980452249E-01
   10  -1.046763173077910E+01   8.238239257686725E-01
   11  -9.876882898779623E+00   1.564347877715009E+00
   12  -1.000034388238937E+01   1.583902228061429E+00
   13  -1.012380497599911E+01   1.603456578407885E+00
   14  -1.024726596960886E+01   1.623010918754309E+00
   15  -1.037072706321861E+01   1.642565269100765E+00
   16  -9.723698437111945E+00   2.334456817655149E+00
   17  -9.845244667575844E+00   2.363637527375839E+00
   18  -9.966790898039743E+00   2.392818237096528E+00
   19  -1.008833710850364E+01   2.421998946817211E+00
   20  -1.020988339896754E+01   2.451179656537920E+00
   21  -9.510564150147726E+00   3.090173048003992E+00
   22  -9.629446207524571E+00   3.128800216854045E+00
   23  -9.748328254901418E+00   3.167427375704093E+00
   24  -9.867210312278264E+00   3.206054544554144E+00
   25  -9.986092359655112E+00   3.244681703404193E+00
   26  -9.238794079409582E+00   3.826837339190960E+00
   27  -9.354279003777201E+00   3.874672806930846E+00
   28  -9.469763928144820E+00   3.922508274670732E+00
   29  -9.585248852512439E+00   3.970343742410619E+00
   30  -9.700733776880059E+00   4.018179210150505E+00
   31  -8.910063756381739E+00   4.539907911763605E+00
   32  -9.021439557836514E+00   4.596656758160653E+00
   33  -9.132815349291283E+00   4.653405604557695E+00
   34  -9.244191150746056E+00   4.710154450954742E+00
   35  -9.355566942200827E+00   4.766903307351785E+00
   36  -8.526399932500899E+00   5.224988436384263E+00
   37  -8.632979931157161E+00   5.290300791214066E+00
   38  -8.739559929813423E+00   5.355613146043869E+00
   39  -8.846139938469683E+00   5.420925500873675E+00
   40  -8.952719937125947E+00   5.486237855703479E+00
   41  -8.090168019147361E+00   5.877855163825935E+00
   42  -8.191295125136703E+00   5.951328356873761E+00
   43  -8.292422221126044E+00   6.024801549921584E+00
   44  -8.393549327115389E+00   6.098274732969409E+00
   45  -8.494676423104728E+00   6.171747926017232E+00
   46  -7.604057537636518E+00   6.494482964967544E+00
   47  -7.699108251106972E+00   6.575664006029636E+00
   48  -7.794158974577427E+00   6.656845047091731E+00
   49  -7.889209688047886E+00   6.738026078153823E+00
   50  -7.984260411518341E+00   6.819207119215918E+00
   51  -7.071065499210749E+00   7.071070120788495E+00
   52  -7.159453820325884E+00   7.159458499673353E+00
   53  -7.247842141441017E+00   7.247846878558209E+00
   54  -7.336230452556153E+00   7.336235247443064E+00
   55  -7.424618773671287E+00   7.424623626327921E+00
   56  -6.494477995031763E+00   7.604061782362670E+00
   57  -6.575658973969662E+00   7.699112548892206E+00
   58  -6.656839952907558E+00   7.794163325421740E+00
   59  -6.738020921845457E+00   7.889214091951272E+00
   60  -6.819201900783352E+00   7.984264868480806E+00
   61  -5.877849876173438E+00   8.090171860851774E+00
   62  -5.951323003125603E+00   8.191299014862421E+00
   63  -6.024796130077773E+00   8.292426158873072E+00
   64  -6.098269247029939E+00   8.393553312883716E+00
   65  -6.171742373982108E+00   8.494680456894365E+00
   66  -5.224982863615179E+00   8.526403347498190E+00
   67  -5.290295148785369E+00   8.632983388841916E+00
   68  -5.355607433955559E+00   8.739563430185642E+00
   69  -5.420919719125745E+00   8.846143481529371E+00
   70  -5.486232004295935E+00   8.952723522873098E+00
   71  -4.539902088235910E+00   8.910066723617309E+00
   72  -4.596650861838858E+00   9.021442562162525E+00
   73  -4.653399635441807E+00   9.132818390707738E+00
   74  -4.710148409044755E+00   9.244194229252956E+00
   75  -4.766897192647705E+00   9.355570057798175E+00
   76  -3.826831300808632E+00   9.238796580589431E+00
   77  -3.874666693068740E+00   9.354281536221801E+00
   78  -3.922502085328848E+00   9.469766491854168E+00
   79  -3.970337477588957E+00   9.585251447486538E+00
   80  -4.018172869849066E+00   9.700736403118905E+00
   81  -3.090166831995677E+00   9.510566169851259E+00
   82  -3.128793923145622E+00   9.629448252474402E+00
   83  -3.167421004295569E+00   9.748330325097539E+00
   84  -3.206048095445513E+00   9.867212407720682E+00
   85  -3.244675176595461E+00   9.986094480343821E+00
   86  -2.334450462344601E+00   9.723699962887018E+00
   87  -2.363631092623909E+00   9.845246212423103E+00
   88  -2.392811722903216E+00   9.966792461959191E+00
   89  -2.421992353182530E+00   1.008833869149528E+01
   90  -2.451172983461818E+00   1.020988500103137E+01
   91  -1.564341422284824E+00   9.876883921219321E+00
   92  -1.583895691938402E+00   1.000034491760956E+01
   93  -1.603449961591943E+00   1.012380602399980E+01
   94  -1.623004221245518E+00   1.024726703039004E+01
   95  -1.642558490899059E+00   1.037072813678029E+01
   96  -7.845876991249879E-01   9.969173596399788E+00
   97  -7.943950454015525E-01   1.009378825960479E+01
   98  -8.042023916781039E-01   1.021840296280978E+01
   99  -8.140097379546880E-01   1.034301756601478E+01
  100  -8.238170842312397E-01   1.046763226921978E+01
  101   3.267948964769060E-06   9.999999999999465E+00
  102   3.308798326828674E-06   1.012499999999946E+01
  103   3.349647688888287E-06   1.024999999999945E+01
  104   3.390497050947900E-06   1.037499999999945E+01
  105   3.431346413007513E-06   1.049999999999944E+01
  106   7.845942148749284E-01   9.969173083599145E+00
  107   7.944016425983627E-01   1.009378774039414E+01
  108   8.042090703218102E-01   1.021840243718913E+01
  109   8.140164980452249E-01   1.034301703398411E+01
  110   8.238239257686725E-01   1.046763173077910E+01
  111   1.564347877715009E+00   9.876882898779623E+00
  112   1.583902228061429E+00   1.000034388238937E+01
  113   1.603456578407885E+00   1.012380497599911E+01
  114   1.623010918754309E+00   1.024726596960886E+01
  115   1.642565269100765E+00   1.037072706321861E+01
  116   2.334456817655149E+00   9.723698437111945E+00
  117   2.363637527375839E+00   9.845244667575844E+00
  118   2.392818237096528E+00   9.966790898039743E+00
  119   2.421998946817211E+00   1.008833710850364E+01
  120   2.451179656537920E+00   1.020988339896754E+01
  121   3.090173048003992E+00   9.510564150147726E+00
  122   3.128800216854045E+00   9.629446207524571E+00
  123   3.167427375704093E+00   9.748328254901418E+00
  124   3.206054544554144E+00   9.867210312278264E+00
  125   3.244681703404193E+00   9.986092359655112E+00
  126   3.826837339190960E+00   9.238794079409582E+00
  127   3.874672806930846E+00   9.354279003777201E+00
  128   3.922508274670732E+00   9.469763928144820E+00
  129   3.970343742410619E+00   9.585248852512439E+00
  130   4.018179210150505E+00   9.700733776880059E+00
  131   4.539907911763605E+00   8.910063756381739E+00
  132   4.596656758160653E+00   9.021439557836514E+00
  133   4.653405604557695E+00   9.132815349291283E+00
  134   4.710154450954742E+00   9.244191150746056E+00
  135   4.766903307351785E+00   9.355566942200827E+00
  136   5.224988436384263E+00   8.526399932500899E+00
  137   5.290300791214066E+00   8.632979931157161E+00
  138   5.355613146043869E+00   8.739559929813423E+00
  139   5.420925500873675E+00   8.846139938469683E+00
  140   5.486237855703479E+00   8.952719937125947E+00
  141   5.877855163825935E+00   8.090168019147361E+00
  142   5.951328356873761E+00   8.191295125136703E+00
  143   6.024801549921584E+00   8.292422221126044E+00
  144   6.098274732969409E+00   8.393549327115389E+00
  145   6.171747926017232E+00   8.494676423104728E+00
  146   6.494482964967544E+00   7.604057537636518E+00
  147   6.575664006029636E+00   7.699108251106972E+00
  148   6.656845047091731E+00   7.794158974577427E+00
  149   6.738026078153823E+00   7.889209688047886E+00
  150   6.819207119215918E+00   7.984260411518341E+00
  151   7.071070120788495E+00   7.071065499210749E+00
  152   7.159458499673353E+00   7.159453820325884E+00
  153   7.247846878558209E+00   7.247842141441017E+00
  154   7.336235247443064E+00   7.336230452556153E+00
  155   7.424623626327921E+00   7.424618773671287E+00
  156   7.604061782362670E+00   6.494477995031763E+00
  157   7.699112548892206E+00   6.575658973969662E+00
  158   7.794163325421740E+00   6.656839952907558E+00
  159   7.889214091951272E+00   6.738020921845457E+00
  160   7.984264868480806E+00   6.819201900783352E+00
  161   8.090171860851774E+00   5.877849876173438E+00
  162   8.191299014862421E+00   5.951323003125603E+00
  163   8.292426158873072E+00   6.024796130077773E+00
  164   8.393553312883716E+00   6.098269247029939E+00
  165   8.494680456894365E+00   6.171742373982108E+00
  166   8.526403347498190E+00   5.224982863615179E+00
  167   8.632983388841916E+00   5.290295148785369E+00
  168   8.739563430185642E+00   5.355607433955559E+00
  169   8.846143481529371E+00   5.420919719125745E+00
  170   8.952723522873098E+00   5.486232004295935E+00
  171   8.910066723617309E+00   4.539902088235910E+00
  172   9.021442562162525E+00   4.596650861838858E+00
  173   9.132818390707738E+00   4.653399635441807E+00
  174   9.244194229252956E+00   4.710148409044755E+00
  175   9.355570057798175E+00   4.766897192647705E+00
  176   9.238796580589431E+00   3.826831300808632E+00
  177   9.354281536221801E+00   3.874666693068740E+00
  178   9.469766491854168E+00   3.922502085328848E+00
  179   9.585251447486538E+00   3.970337477588957E+00
  180   9.700736403118905E+00   4.018172869849066E+00
  181   9.510566169851259E+00   3.090166831995677E+00
  182   9.629448252474402E+00   3.128793923145622E+00
  183   9.748330325097539E+00   3.167421004295569E+00
  184   9.867212407720682E+00   3.206048095445513E+00
  185   9.986094480343821E+00   3.244675176595461E+00
  186   9.723699962887018E+00   2.334450462344601E+00
  187   9.845246212423103E+00   2.363631092623909E+00
  188   9.966792461959191E+00   2.392811722903216E+00
  189   1.008833869149528E+01   2.421992353182530E+00
  190   1.020988500103137E+01   2.451172983461818E+00
  191   9.876883921219321E+00   1.564341422284824E+00
  192   1.000034491760956E+01   1.583895691938402E+00
  193   1.012380602399980E+01   1.603449961591943E+00
  194   1.024726703039004E+01   1.623004221245518E+00
  195   1.037072813678029E+01   1.642558490899059E+00
  196   9.969173596399788E+00   7.845876991249879E-01
  197   1.009378825960479E+01   7.943950454015525E-01
  198   1.021840296280978E+01   8.042023916781039E-01
  199   1.034301756601478E+01   8.140097379546880E-01
  200   1.046763226921978E+01   8.238170842312397E-01
  201   9.999999999999465E+00  -3.267948964156736E-06
  202   1.012499999999946E+01  -3.308798326208696E-06
  203   1.024999999999945E+01  -3.349647688260655E-06
  204   1.037499999999945E+01  -3.390497050312615E-06
  205   1.049999999999944E+01  -3.431346412364574E-06
  206  -4.852810000004277E-01   1.700000261435917E+01
  207  -3.602810000004339E-01   1.700000265520853E+01
  208  -2.352810000004411E-01   1.700000269605790E+01
  209  -1.102810000004482E-01   1.700000273690726E+01
  210   1.471899999954474E-02   1.700000277775662E+01
  211  -5.099421248801699E-01   1.637232984030001E+01
  212  -3.853274516751721E-01   1.636252249402345E+01
  213  -2.607127884701743E-01   1.635271514774688E+01
  214  -1.360981152651775E-01   1.634290780147032E+01
  215  -1.148344206018059E-02   1.633310045519376E+01
  216  -5.837738710245439E-01   1.574852686217214E+01
  217  -4.603128146343014E-01   1.572897259251858E+01
  218  -3.368517682440597E-01   1.570941832286502E+01
  219  -2.133907218538198E-01   1.568986406321146E+01
  220  -8.992966546357728E-02   1.567030979355790E+01
  221  -7.063210296903879E-01   1.513243963212432E+01
  222  -5.847747801543006E-01   1.510325900184501E+01
  223  -4.632285306182133E-01   1.507407837156570E+01
  224  -3.416822810821252E-01   1.504489774128640E+01
  225  -2.201360315460370E-01   1.501571711100709E+01
  226  -8.768280621189941E-01   1.452786653640346E+01
  227  -7.579459894958527E-01   1.448923944525351E+01
  228  -6.390639068727131E-01   1.445061236410357E+01
  229  -5.201818342495699E-01   1.441198527295362E+01
  230  -4.012997516264303E-01   1.437335819180367E+01
  231  -1.094243739528453E+00   1.393853495535309E+01
  232  -9.787587838960849E-01   1.389069956309299E+01
  233  -8.632738282637167E-01   1.384286417083288E+01
  234  -7.477888726313484E-01   1.379502877857277E+01
  235  -6.323039069989802E-01   1.374719338631266E+01
  236  -1.357227623106153E+00   1.336807832941127E+01
  237  -1.245851784560937E+00   1.331132955580832E+01
  238  -1.134475956015722E+00   1.325458078220537E+01
  239  -1.023100117470504E+00   1.319783199860243E+01
  240  -9.117242789252877E-01   1.314108322499948E+01
  241  -1.664158324001449E+00   1.282001370910785E+01
  242  -1.557578272657723E+00   1.275470142393767E+01
  243  -1.450998231313995E+00   1.268938913876748E+01
  244  -1.344418189970267E+00   1.262407685359729E+01
  245  -1.237838148626540E+00   1.255876456842710E+01
  246  -2.013143513318580E+00   1.229772009506125E+01
  247  -1.912016359307934E+00   1.222424697810908E+01
  248  -1.810889215297286E+00   1.215077385115691E+01
  249  -1.709762061286638E+00   1.207730072420475E+01
  250  -1.608634917275993E+00   1.200382760725258E+01
  251  -2.402031582109863E+00   1.180441759797459E+01
  252  -2.306980805580331E+00   1.172323662903669E+01
  253  -2.211930029050796E+00   1.164205565009880E+01
  254  -2.116879262521265E+00   1.156087468116090E+01
  255  -2.021828485991731E+00   1.147969370222300E+01
  256  -2.828424901369202E+00   1.134314759863140E+01
  257  -2.740036522484345E+00   1.125475927751627E+01
  258  -2.651648153599493E+00   1.116637096640113E+01
  259  -2.563259774714636E+00   1.107798264528600E+01
  260  -2.474871395829778E+00   1.098959432417086E+01
  261  -3.289694622025968E+00   1.091675397789079E+01
  262  -3.208513590963873E+00   1.082170325442033E+01
  263  -3.127332549901777E+00   1.072665253094987E+01
  264  -3.046151518839685E+00   1.063160181747942E+01
  265  -2.964970477777589E+00   1.053655109400896E+01
  266  -3.782996864939253E+00   1.052786558668211E+01
  267  -3.709523681891428E+00   1.042673848069277E+01
  268  -3.636050488843605E+00   1.032561138470342E+01
  269  -3.562577295795779E+00   1.022448427871409E+01
  270  -3.489104112747956E+00   1.012335718272474E+01
  271  -4.305290250892591E+00   1.017888005599928E+01
  272  -4.239977896062785E+00   1.007230004734302E+01
  273  -4.174665541232981E+00   9.965720048686759E+00
  274  -4.109353186403178E+00   9.859140050030497E+00
  275  -4.044040831573375E+00   9.752560051374235E+00
  276  -4.853354670589116E+00   9.871948996894609E+00
  277  -4.796605824192071E+00   9.760573195439836E+00
  278  -4.739856977795027E+00   9.649197403985063E+00
  279  -4.683108121397980E+00   9.537821602530295E+00
  280  -4.626359275000933E+00   9.426445801075522E+00
  281  -5.423811124647234E+00   9.608964740472336E+00
  282  -5.375975656907348E+00   9.493479816104717E+00
  283  -5.328140189167462E+00   9.377994891737098E+00
  284  -5.280304721427575E+00   9.262509967369478E+00
  285  -5.232469253687685E+00   9.147025033001860E+00
  286  -6.013142563596805E+00   9.391548677881818E+00
  287  -5.974515394746758E+00   9.272666630504975E+00
  288  -5.935888235896706E+00   9.153784573128124E+00
  289  -5.897261067046657E+00   9.034902525751281E+00
  290  -5.858633908196605E+00   8.916020468374432E+00
  291  -6.617715547875881E+00   9.221041250310444E+00
  292  -6.588534838155192E+00   9.099495019846543E+00
  293  -6.559354128434502E+00   8.977948789382644E+00
  294  -6.530173418713813E+00   8.856402558918745E+00
  295  -6.500992708993124E+00   8.734856328454846E+00
  296  -7.233802697827996E+00   9.098493688976300E+00
  297  -7.214248347481556E+00   8.975032645366555E+00
  298  -7.194693997135119E+00   8.851571611756810E+00
  299  -7.175139656788683E+00   8.728110578147064E+00
  300  -7.155585306442243E+00   8.604649534537318E+00
  301  -7.857605627700059E+00   9.024661535120682E+00
  302  -7.847798199976621E+00   8.900046868325694E+00
  303  -7.837990772253186E+00   8.775432211530704E+00
  304  -7.828183344529749E+00   8.650817544735716E+00
  305  -7.818375916806311E+00   8.526202877940724E+00
  306  -8.485278385640827E+00   9.000000000000426E+00
  307  -8.485278344791466E+00   8.875000000000433E+00
  308  -8.485278303942103E+00   8.750000000000441E+00
  309  -8.485278263092741E+00   8.625000000000448E+00
  310  -8.485278222243380E+00   8.500000000000455E+00
  311  -9.112951159699991E+00   9.024661124880168E+00
  312  -9.122758505976552E+00   8.900046451675172E+00
  313  -9.132565852253117E+00   8.775431788470174E+00
  314  -9.142373198529679E+00   8.650817115265177E+00
  315  -9.152180544806241E+00   8.526202442060180E+00
  316  -9.736754137827862E+00   9.098492871024543E+00
  317  -9.756308407481420E+00   8.975031814634301E+00
  318  -9.775862677134981E+00   8.851570768244059E+00
  319  -9.795416936788543E+00   8.728109721853819E+00
  320  -9.814971206442101E+00   8.604648665463577E+00
  321  -1.035284136787568E+01   9.221040029690387E+00
  322  -1.038202199815499E+01   9.099493780154301E+00
  323  -1.041120262843430E+01   8.977947530618213E+00
  324  -1.044038325871360E+01   8.856401281082125E+00
  325  -1.046956388899291E+01   8.734855031546036E+00
  326  -1.095741446359654E+01   9.391547062118994E+00
  327  -1.099604155474649E+01   9.272664989495851E+00
  328  -1.103466863589643E+01   9.153782906872713E+00
  329  -1.107329572704638E+01   9.034900834249569E+00
  330  -1.111192280819633E+01   8.916018751626430E+00
  331  -1.154674604464691E+01   9.608962739528453E+00
  332  -1.159458143690702E+01   9.493477783896084E+00
  333  -1.164241682916712E+01   9.377992828263716E+00
  334  -1.169025222142723E+01   9.262507872631348E+00
  335  -1.173808761368734E+01   9.147022906998981E+00
  336  -1.211720267058873E+01   9.871946623106153E+00
  337  -1.217395144419168E+01   9.760570784560937E+00
  338  -1.223070021779463E+01   9.649194956015721E+00
  339  -1.228744900139757E+01   9.537819117470503E+00
  340  -1.234419777500052E+01   9.426443278925287E+00
  341  -1.266526729089215E+01   1.017887732400145E+01
  342  -1.273057957606233E+01   1.007229727265772E+01
  343  -1.279589186123252E+01   9.965717231313995E+00
  344  -1.286120414640271E+01   9.859137189970266E+00
  345  -1.292651643157290E+01   9.752557148626540E+00
  346  -1.318756090493875E+01   1.052786251331858E+01
  347  -1.326103402189092E+01   1.042673535930793E+01
  348  -1.333450714884309E+01   1.032560821529729E+01
  349  -1.340798027579525E+01   1.022448106128664E+01
  350  -1.348145339274742E+01   1.012335391727599E+01
  351  -1.368086340202541E+01   1.091675058210986E+01
  352  -1.376204437096331E+01   1.082169980558033E+01
  353  -1.384322534990121E+01   1.072664902905080E+01
  354  -1.392440631883910E+01   1.063159826252127E+01
  355  -1.400558729777700E+01   1.053654748599173E+01
  356  -1.414213340136860E+01   1.134314390136920E+01
  357  -1.423052172248373E+01   1.125475552248434E+01
  358  -1.431891003359887E+01   1.116636715359949E+01
  359  -1.440729835471400E+01   1.107797877471464E+01
  360  -1.449568667582914E+01   1.098959039582978E+01
  361  -1.456852702210921E+01   1.180441362202597E+01
  362  -1.466357774557967E+01   1.172323259096387E+01
  363  -1.475862846905013E+01   1.164205154990178E+01
  364  -1.485367918252058E+01   1.156087051883969E+01
  365  -1.494872990599104E+01   1.147968947777759E+01
  366  -1.495741541331789E+01   1.229771586493925E+01
  367  -1.505854251930723E+01   1.222424268189143E+01
  368  -1.515966961529658E+01   1.215076948884360E+01
  369  -1.526079672128591E+01   1.207729629579578E+01
  370  -1.536192381727526E+01   1.200382311274796E+01
  371  -1.530640094400072E+01   1.282000925089259E+01
  372  -1.541298095265698E+01   1.275469689606278E+01
  373  -1.551956095131324E+01   1.268938454123298E+01
  374  -1.562614094996950E+01   1.262407218640318E+01
  375  -1.573272094862577E+01   1.255875983157338E+01
  376  -1.561333200310539E+01   1.336807367058912E+01
  377  -1.572470780456016E+01   1.331132482419207E+01
  378  -1.583608359601494E+01   1.325457597779503E+01
  379  -1.594745939746971E+01   1.319782712139798E+01
  380  -1.605883519892448E+01   1.314107827500093E+01
  381  -1.587631625952766E+01   1.393853012464723E+01
  382  -1.599180118389528E+01   1.389069465690735E+01
  383  -1.610728610826290E+01   1.384285918916746E+01
  384  -1.622277103263052E+01   1.379502372142757E+01
  385  -1.633825596699814E+01   1.374718825368769E+01
  386  -1.609373232211818E+01   1.452786156359680E+01
  387  -1.621261436949503E+01   1.448923439474676E+01
  388  -1.633149642687188E+01   1.445060723589670E+01
  389  -1.645037847424872E+01   1.441198006704666E+01
  390  -1.656926053162557E+01   1.437335290819660E+01
  391  -1.626423974968956E+01   1.513243454787588E+01
  392  -1.638578598015346E+01   1.510325383815519E+01
  393  -1.650733221061736E+01   1.507407312843450E+01
  394  -1.662887844108126E+01   1.504489241871381E+01
  395  -1.675042467154515E+01   1.501571170899312E+01
  396  -1.638678731102370E+01   1.574852169782800E+01
  397  -1.651024835463345E+01   1.572896734748156E+01
  398  -1.663370938824319E+01   1.570941299713512E+01
  399  -1.675717042185294E+01   1.568985865678868E+01
  400  -1.688063146546268E+01   1.567030430644224E+01
  401  -1.646061946487932E+01   1.637232462770006E+01
  402  -1.658523413167431E+01   1.636251719997662E+01
  403  -1.670984878846929E+01   1.635270977225318E+01
  404  -1.683446345526428E+01   1.634290234452975E+01
  405  -1.695907812205927E+01   1.633309491680631E+01
  406  -1.648528099999957E+01   1.699999738564083E+01
  407  -1.661028099999957E+01   1.699999734479146E+01
  408  -1.673528099999956E+01   1.699999730394210E+01
  409  -1.686028099999955E+01   1.699999726309274E+01
  410  -1.698528099999955E+01   1.699999722224338E+01

      3
      1        5        1     1    1     0
    201      205        1     1    1     0
    206      210        1     1    1     0
    406      410        1     1    1     0
      0      0      0      0      0      0
       1     9
    1.50d+3   3.0E-01  0.00E+00  0.00E+00  0.00E+00  0.00E+00  0.00E+00  0.00E+00  1.0d-5
       0      0      0      0      0      0      0      0      0      0      0      0

  1
'p9_3'
   80    9    9    3
              1              1             11             13              3              6             12              8              2              7              1              1
              2              3             13             15              5              8             14             10              4              9              1              1
              3             11             21             23             13             16             22             18             12             17              1              1
              4             13             23             25             15             18             24             20             14             19              1              1
              5             21             31             33             23             26             32             28             22             27              1              1
              6             23             33             35             25             28             34             30             24             29              1              1
              7             31             41             43             33             36             42             38             32             37              1              1
              8             33             43             45             35             38             44             40             34             39              1              1
              9             41             51             53             43             46             52             48             42             47              1              1
             10             43             53             55             45             48             54             50             44             49              1              1
             11             51             61             63             53             56             62             58             52             57              1              1
             12             53             63             65             55             58             64             60             54             59              1              1
             13             61             71             73             63             66             72             68             62             67              1              1
             14             63             73             75             65             68             74             70             64             69              1              1
             15             71             81             83             73             76             82             78             72             77              1              1
             16             73             83             85             75             78             84             80             74             79              1              1
             17             81             91             93             83             86             92             88             82             87              1              1
             18             83             93             95             85             88             94             90             84             89              1              1
             19             91            101            103             93             96            102             98             92             97              1              1
             20             93            103            105             95             98            104            100             94             99              1              1
             21            101            111            113            103            106            112            108            102            107              1              1
             22            103            113            115            105            108            114            110            104            109              1              1
             23            111            121            123            113            116            122            118            112            117              1              1
             24            113            123            125            115            118            124            120            114            119              1              1
             25            121            131            133            123            126            132            128            122            127              1              1
             26            123            133            135            125            128            134            130            124            129              1              1
             27            131            141            143            133            136            142            138            132            137              1              1
             28            133            143            145            135            138            144            140            134            139              1              1
             29            141            151            153            143            146            152            148            142            147              1              1
             30            143            153            155            145            148            154            150            144            149              1              1
             31            151            161            163            153            156            162            158            152            157              1              1
             32            153            163            165            155            158            164            160            154            159              1              1
             33            161            171            173            163            166            172            168            162            167              1              1
             34            163            173            175            165            168            174            170            164            169              1              1
             35            171            181            183            173            176            182            178            172            177              1              1
             36            173            183            185            175            178            184            180            174            179              1              1
             37            181            191            193            183            186            192            188            182            187              1              1
             38            183            193            195            185            188            194            190            184            189              1              1
             39            191            201            203            193            196            202            198            192            197              1              1
             40            193            203            205            195            198            204            200            194            199              1              1
             41            206            216            218            208            211            217            213            207            212              1              1
             42            208            218            220            210            213            219            215            209            214              1              1
             43            216            226            228            218            221            227            223            217            222              1              1
             44            218            228            230            220            223            229            225            219            224              1              1
             45            226            236            238            228            231            237            233            227            232              1              1
             46            228            238            240            230            233            239            235            229            234              1              1
             47            236            246            248            238            241            247            243            237            242              1              1
             48            238            248            250            240            243            249            245            239            244              1              1
             49            246            256            258            248            251            257            253            247            252              1              1
             50            248            258            260            250            253            259            255            249            254              1              1
             51            256            266            268            258            261            267            263            257            262              1              1
             52            258            268            270            260            263            269            265            259            264              1              1
             53            266            276            278            268            271            277            273            267            272              1              1
             54            268            278            280            270            273            279            275            269            274              1              1
             55            276            286            288            278            281            287            283            277            282              1              1
             56            278            288            290            280            283            289            285            279            284              1              1
             57            286            296            298            288            291            297            293            287            292              1              1
             58            288            298            300            290            293            299            295            289            294              1              1
             59            296            306            308            298            301            307            303            297            302              1              1
             60            298            308            310            300            303            309            305            299            304              1              1
             61            306            316            318            308            311            317            313            307            312              1              1
             62            308            318            320            310            313            319            315            309            314              1              1
             63            316            326            328            318            321            327            323            317            322              1              1
             64            318            328            330            320            323            329            325            319            324              1              1
             65            326            336            338            328            331            337            333            327            332              1              1
             66            328            338            340            330            333            339            335            329            334              1              1
             67            336            346            348            338            341            347            343            337            342              1              1
             68            338            348            350            340            343            349            345            339            344              1              1
             69            346            356            358            348            351            357            353            347            352              1              1
             70            348            358            360            350            353            359            355            349            354              1              1
             71            356            366            368            358            361            367            363            357            362              1              1
             72            358            368            370            360            363            369            365            359            364              1              1
             73            366            376            378            368            371            377            373            367            372              1              1
             74            368            378            380            370            373            379            375            369            374              1              1
             75            376            386            388            378            381            387            383            377            382              1              1
             76            378            388            390            380            383            389            385            379            384              1              1
             77            386            396            398            388            391            397            393            387            392              1              1
             78            388            398            400            390            393            399            395            389            394              1              1
             79            396            406            408            398            401            407            403            397            402              1              1
             80            398            408            410            400            403            409            405            399            404              1              1
       0      0         0           0
