Analysis for  q4  121   nodes  100    elements

   5.000000000000000E-06
  121    2
    1   0.00000000E+00   0.00000000E+00
    2   0.00000000E+00   1.00000000E-01
    3   0.00000000E+00   2.00000000E-01
    4   0.00000000E+00   3.00000000E-01
    5   0.00000000E+00   4.00000000E-01
    6   0.00000000E+00   5.00000000E-01
    7   0.00000000E+00   6.00000000E-01
    8   0.00000000E+00   7.00000000E-01
    9   0.00000000E+00   8.00000000E-01
   10   0.00000000E+00   9.00000000E-01
   11   0.00000000E+00   1.00000000E+00
   12   1.00000000E-01   0.00000000E+00
   13   1.00000000E-01   1.00000000E-01
   14   1.00000000E-01   2.00000000E-01
   15   1.00000000E-01   3.00000000E-01
   16   1.00000000E-01   4.00000000E-01
   17   1.00000000E-01   5.00000000E-01
   18   1.00000000E-01   6.00000000E-01
   19   1.00000000E-01   7.00000000E-01
   20   1.00000000E-01   8.00000000E-01
   21   1.00000000E-01   9.00000000E-01
   22   1.00000000E-01   1.00000000E+00
   23   2.00000000E-01   0.00000000E+00
   24   2.00000000E-01   1.00000000E-01
   25   2.00000000E-01   2.00000000E-01
   26   2.00000000E-01   3.00000000E-01
   27   2.00000000E-01   4.00000000E-01
   28   2.00000000E-01   5.00000000E-01
   29   2.00000000E-01   6.00000000E-01
   30   2.00000000E-01   7.00000000E-01
   31   2.00000000E-01   8.00000000E-01
   32   2.00000000E-01   9.00000000E-01
   33   2.00000000E-01   1.00000000E+00
   34   3.00000000E-01   0.00000000E+00
   35   3.00000000E-01   1.00000000E-01
   36   3.00000000E-01   2.00000000E-01
   37   3.00000000E-01   3.00000000E-01
   38   3.00000000E-01   4.00000000E-01
   39   3.00000000E-01   5.00000000E-01
   40   3.00000000E-01   6.00000000E-01
   41   3.00000000E-01   7.00000000E-01
   42   3.00000000E-01   8.00000000E-01
   43   3.00000000E-01   9.00000000E-01
   44   3.00000000E-01   1.00000000E+00
   45   4.00000000E-01   0.00000000E+00
   46   4.00000000E-01   1.00000000E-01
   47   4.00000000E-01   2.00000000E-01
   48   4.00000000E-01   3.00000000E-01
   49   4.00000000E-01   4.00000000E-01
   50   4.00000000E-01   5.00000000E-01
   51   4.00000000E-01   6.00000000E-01
   52   4.00000000E-01   7.00000000E-01
   53   4.00000000E-01   8.00000000E-01
   54   4.00000000E-01   9.00000000E-01
   55   4.00000000E-01   1.00000000E+00
   56   5.00000000E-01   0.00000000E+00
   57   5.00000000E-01   1.00000000E-01
   58   5.00000000E-01   2.00000000E-01
   59   5.00000000E-01   3.00000000E-01
   60   5.00000000E-01   4.00000000E-01
   61   5.00000000E-01   5.00000000E-01
   62   5.00000000E-01   6.00000000E-01
   63   5.00000000E-01   7.00000000E-01
   64   5.00000000E-01   8.00000000E-01
   65   5.00000000E-01   9.00000000E-01
   66   5.00000000E-01   1.00000000E+00
   67   6.00000000E-01   0.00000000E+00
   68   6.00000000E-01   1.00000000E-01
   69   6.00000000E-01   2.00000000E-01
   70   6.00000000E-01   3.00000000E-01
   71   6.00000000E-01   4.00000000E-01
   72   6.00000000E-01   5.00000000E-01
   73   6.00000000E-01   6.00000000E-01
   74   6.00000000E-01   7.00000000E-01
   75   6.00000000E-01   8.00000000E-01
   76   6.00000000E-01   9.00000000E-01
   77   6.00000000E-01   1.00000000E+00
   78   7.00000000E-01   0.00000000E+00
   79   7.00000000E-01   1.00000000E-01
   80   7.00000000E-01   2.00000000E-01
   81   7.00000000E-01   3.00000000E-01
   82   7.00000000E-01   4.00000000E-01
   83   7.00000000E-01   5.00000000E-01
   84   7.00000000E-01   6.00000000E-01
   85   7.00000000E-01   7.00000000E-01
   86   7.00000000E-01   8.00000000E-01
   87   7.00000000E-01   9.00000000E-01
   88   7.00000000E-01   1.00000000E+00
   89   8.00000000E-01   0.00000000E+00
   90   8.00000000E-01   1.00000000E-01
   91   8.00000000E-01   2.00000000E-01
   92   8.00000000E-01   3.00000000E-01
   93   8.00000000E-01   4.00000000E-01
   94   8.00000000E-01   5.00000000E-01
   95   8.00000000E-01   6.00000000E-01
   96   8.00000000E-01   7.00000000E-01
   97   8.00000000E-01   8.00000000E-01
   98   8.00000000E-01   9.00000000E-01
   99   8.00000000E-01   1.00000000E+00
  100   9.00000000E-01   0.00000000E+00
  101   9.00000000E-01   1.00000000E-01
  102   9.00000000E-01   2.00000000E-01
  103   9.00000000E-01   3.00000000E-01
  104   9.00000000E-01   4.00000000E-01
  105   9.00000000E-01   5.00000000E-01
  106   9.00000000E-01   6.00000000E-01
  107   9.00000000E-01   7.00000000E-01
  108   9.00000000E-01   8.00000000E-01
  109   9.00000000E-01   9.00000000E-01
  110   9.00000000E-01   1.00000000E+00
  111   1.00000000E+00   0.00000000E+00
  112   1.00000000E+00   1.00000000E-01
  113   1.00000000E+00   2.00000000E-01
  114   1.00000000E+00   3.00000000E-01
  115   1.00000000E+00   4.00000000E-01
  116   1.00000000E+00   5.00000000E-01
  117   1.00000000E+00   6.00000000E-01
  118   1.00000000E+00   7.00000000E-01
  119   1.00000000E+00   8.00000000E-01
  120   1.00000000E+00   9.00000000E-01
  121   1.00000000E+00   1.00000000E+00
3
1,   45,     11,    1 ,  1,   0
56,   56,      1,   1 ,  1,   0
67 ,   111,      11,   1,   1,   0
11 ,   121,      11,   1,   1,   0
     0,      0,      0,      0 ,     0,      0
       1,     9
24000,  6000,  0.00E+00,  0.00E+00,  0.00E+00,  0.00E+00,  0.00E+00,  0.00E+00,  1.00E+03
     2 ,    9
 2.00E+11  3.00E-01,  0.00E+00,  0.00E+00,  0.00E+00,  0.00E+00,  0.00E+00,  0.00E+00,  1.00E+03
       0,      0,      0,      0,      0 ,     0,      0,      0,      0


    1
   ph4_2
   100    4    4    3
         1         1        12        13         2         1         2
         2         2        13        14         3         1         2
         3         3        14        15         4         1         2
         4         4        15        16         5         1         2
         5         5        16        17         6         1         2
         6         6        17        18         7         1         2
         7         7        18        19         8         1         2
         8         8        19        20         9         1         2
         9         9        20        21        10         1         2
        10        10        21        22        11         1         2
        11        12        23        24        13         1         2
        12        13        24        25        14         1         2
        13        14        25        26        15         1         2
        14        15        26        27        16         1         2
        15        16        27        28        17         1         2
        16        17        28        29        18         1         2
        17        18        29        30        19         1         2
        18        19        30        31        20         1         2
        19        20        31        32        21         1         2
        20        21        32        33        22         1         2
        21        23        34        35        24         1         2
        22        24        35        36        25         1         2
        23        25        36        37        26         1         2
        24        26        37        38        27         1         2
        25        27        38        39        28         1         2
        26        28        39        40        29         1         2
        27        29        40        41        30         1         2
        28        30        41        42        31         1         2
        29        31        42        43        32         1         2
        30        32        43        44        33         1         2
        31        34        45        46        35         1         2
        32        35        46        47        36         1         2
        33        36        47        48        37         1         2
        34        37        48        49        38         1         2
        35        38        49        50        39         1         2
        36        39        50        51        40         1         2
        37        40        51        52        41         1         2
        38        41        52        53        42         1         2
        39        42        53        54        43         1         2
        40        43        54        55        44         1         2
        41        45        56        57        46         1         2
        42        46        57        58        47         1         2
        43        47        58        59        48         1         2
        44        48        59        60        49         1         2
        45        49        60        61        50         1         2
        46        50        61        62        51         1         2
        47        51        62        63        52         1         2
        48        52        63        64        53         1         2
        49        53        64        65        54         1         2
        50        54        65        66        55         1         2
        51        56        67        68        57         1         2
        52        57        68        69        58         1         2
        53        58        69        70        59         1         2
        54        59        70        71        60         1         2
        55        60        71        72        61         1         2
        56        61        72        73        62         1         2
        57        62        73        74        63         1         2
        58        63        74        75        64         1         2
        59        64        75        76        65         1         2
        60        65        76        77        66         1         2
        61        67        78        79        68         1         2
        62        68        79        80        69         1         2
        63        69        80        81        70         1         2
        64        70        81        82        71         1         2
        65        71        82        83        72         1         2
        66        72        83        84        73         1         2
        67        73        84        85        74         1         2
        68        74        85        86        75         1         2
        69        75        86        87        76         1         2
        70        76        87        88        77         1         2
        71        78        89        90        79         1         2
        72        79        90        91        80         1         2
        73        80        91        92        81         1         2
        74        81        92        93        82         1         2
        75        82        93        94        83         1         2
        76        83        94        95        84         1         2
        77        84        95        96        85         1         2
        78        85        96        97        86         1         2
        79        86        97        98        87         1         2
        80        87        98        99        88         1         2
        81        89       100       101        90         1         2
        82        90       101       102        91         1         2
        83        91       102       103        92         1         2
        84        92       103       104        93         1         2
        85        93       104       105        94         1         2
        86        94       105       106        95         1         2
        87        95       106       107        96         1         2
        88        96       107       108        97         1         2
        89        97       108       109        98         1         2
        90        98       109       110        99         1         2
        91       100       111       112       101         1         2
        92       101       112       113       102         1         2
        93       102       113       114       103         1         2
        94       103       114       115       104         1         2
        95       104       115       116       105         1         2
        96       105       116       117       106         1         2
        97       106       117       118       107         1         2
        98       107       118       119       108         1         2
        99       108       119       120       109         1         2
       100       109       120       121       110         1         2
0,0,0,0,0,0,0
