Analysis for  q9   35   nodes    6    elements
5.00000E-05

   35    2
    1   0.00000000E+00   0.00000000E+00
    2   0.00000000E+00   2.50000000E-02
    3   0.00000000E+00   5.00000000E-02
    4   0.00000000E+00   7.50000000E-02
    5   0.00000000E+00   1.00000000E-01
    6   1.66666667E+00   0.00000000E+00
    7   1.66666667E+00   2.50000000E-02
    8   1.66666667E+00   5.00000000E-02
    9   1.66666667E+00   7.50000000E-02
   10   1.66666667E+00   1.00000000E-01
   11   3.33333333E+00   0.00000000E+00
   12   3.33333333E+00   2.50000000E-02
   13   3.33333333E+00   5.00000000E-02
   14   3.33333333E+00   7.50000000E-02
   15   3.33333333E+00   1.00000000E-01
   16   5.00000000E+00   0.00000000E+00
   17   5.00000000E+00   2.50000000E-02
   18   5.00000000E+00   5.00000000E-02
   19   5.00000000E+00   7.50000000E-02
   20   5.00000000E+00   1.00000000E-01
   21   6.66666667E+00   0.00000000E+00
   22   6.66666667E+00   2.50000000E-02
   23   6.66666667E+00   5.00000000E-02
   24   6.66666667E+00   7.50000000E-02
   25   6.66666667E+00   1.00000000E-01
   26   8.33333333E+00   0.00000000E+00
   27   8.33333333E+00   2.50000000E-02
   28   8.33333333E+00   5.00000000E-02
   29   8.33333333E+00   7.50000000E-02
   30   8.33333333E+00   1.00000000E-01
   31   1.00000000E+01   0.00000000E+00
   32   1.00000000E+01   2.50000000E-02
   33   1.00000000E+01   5.00000000E-02
   34   1.00000000E+01   7.50000000E-02
   35   1.00000000E+01   1.00000000E-01

      3
     1     5      1      1      1      0
      0      0      0      0      0      0
       1     9
 2.00E+11  3.00E-01  0.00E+00  0.00E+00  0.00E+00  0.00E+00  0.00E+00  0.00E+00  1.00E+03 
       0      0      0      0      0      0      0      0      0      0      0      0
  1
'p9_3'
     6      9      9     3
         1         1        11        13         3         6        12         8         2         7         1         1
         2         3        13        15         5         8        14        10         4         9         1         1
         3        11        21        23        13        16        22        18        12        17         1         1
         4        13        23        25        15        18        24        20        14        19         1         1
         5        21        31        33        23        26        32        28        22        27         1         1
         6        23        33        35        25        28        34        30        24        29         1         1
       0      0      0      0      0      0      0      0      0      0      0      0
