Analysis for,q9 combined geometry  682   nodes  150    elements

1.00000E-09
  682    2
    1  -1.732050807568877E+01  -1.000000000000000E+01
    2  -1.732050807568877E+01  -9.000000000000000E+00
    3  -1.732050807568877E+01  -8.000000000000000E+00
    4  -1.732050807568877E+01  -7.000000000000001E+00
    5  -1.732050807568877E+01  -6.000000000000001E+00
    6  -1.732050807568877E+01  -5.000000000000001E+00
    7  -1.732050807568877E+01  -4.000000000000002E+00
    8  -1.732050807568877E+01  -3.000000000000002E+00
    9  -1.732050807568877E+01  -2.000000000000002E+00
   10  -1.732050807568877E+01  -1.000000000000002E+00
   11  -1.732050807568877E+01  -1.776356839400250E-15
   12  -1.645448267190434E+01  -1.000000000000000E+01
   13  -1.645448267190434E+01  -9.000000000000000E+00
   14  -1.645448267190434E+01  -8.000000000000000E+00
   15  -1.645448267190434E+01  -7.000000000000001E+00
   16  -1.645448267190434E+01  -6.000000000000001E+00
   17  -1.645448267190434E+01  -5.000000000000001E+00
   18  -1.645448267190434E+01  -4.000000000000002E+00
   19  -1.645448267190434E+01  -3.000000000000002E+00
   20  -1.645448267190434E+01  -2.000000000000002E+00
   21  -1.645448267190434E+01  -1.000000000000002E+00
   22  -1.645448267190434E+01  -1.776356839400250E-15
   23  -1.558845726811990E+01  -1.000000000000000E+01
   24  -1.558845726811990E+01  -9.000000000000000E+00
   25  -1.558845726811990E+01  -8.000000000000000E+00
   26  -1.558845726811990E+01  -7.000000000000001E+00
   27  -1.558845726811990E+01  -6.000000000000001E+00
   28  -1.558845726811990E+01  -5.000000000000001E+00
   29  -1.558845726811990E+01  -4.000000000000002E+00
   30  -1.558845726811990E+01  -3.000000000000002E+00
   31  -1.558845726811990E+01  -2.000000000000002E+00
   32  -1.558845726811990E+01  -1.000000000000002E+00
   33  -1.558845726811990E+01  -1.776356839400250E-15
   34  -1.472243186433546E+01  -1.000000000000000E+01
   35  -1.472243186433546E+01  -9.000000000000000E+00
   36  -1.472243186433546E+01  -8.000000000000000E+00
   37  -1.472243186433546E+01  -7.000000000000001E+00
   38  -1.472243186433546E+01  -6.000000000000001E+00
   39  -1.472243186433546E+01  -5.000000000000001E+00
   40  -1.472243186433546E+01  -4.000000000000002E+00
   41  -1.472243186433546E+01  -3.000000000000002E+00
   42  -1.472243186433546E+01  -2.000000000000002E+00
   43  -1.472243186433546E+01  -1.000000000000002E+00
   44  -1.472243186433546E+01  -1.776356839400250E-15
   45  -1.385640646055102E+01  -1.000000000000000E+01
   46  -1.385640646055102E+01  -9.000000000000000E+00
   47  -1.385640646055102E+01  -8.000000000000000E+00
   48  -1.385640646055102E+01  -7.000000000000001E+00
   49  -1.385640646055102E+01  -6.000000000000001E+00
   50  -1.385640646055102E+01  -5.000000000000001E+00
   51  -1.385640646055102E+01  -4.000000000000002E+00
   52  -1.385640646055102E+01  -3.000000000000002E+00
   53  -1.385640646055102E+01  -2.000000000000002E+00
   54  -1.385640646055102E+01  -1.000000000000002E+00
   55  -1.385640646055102E+01  -1.776356839400250E-15
   56  -1.299038105676658E+01  -1.000000000000000E+01
   57  -1.299038105676658E+01  -9.000000000000000E+00
   58  -1.299038105676658E+01  -8.000000000000000E+00
   59  -1.299038105676658E+01  -7.000000000000001E+00
   60  -1.299038105676658E+01  -6.000000000000001E+00
   61  -1.299038105676658E+01  -5.000000000000001E+00
   62  -1.299038105676658E+01  -4.000000000000002E+00
   63  -1.299038105676658E+01  -3.000000000000002E+00
   64  -1.299038105676658E+01  -2.000000000000002E+00
   65  -1.299038105676658E+01  -1.000000000000002E+00
   66  -1.299038105676658E+01  -1.776356839400250E-15
   67  -1.212435565298214E+01  -1.000000000000000E+01
   68  -1.212435565298214E+01  -9.000000000000000E+00
   69  -1.212435565298214E+01  -8.000000000000000E+00
   70  -1.212435565298214E+01  -7.000000000000001E+00
   71  -1.212435565298214E+01  -6.000000000000001E+00
   72  -1.212435565298214E+01  -5.000000000000001E+00
   73  -1.212435565298214E+01  -4.000000000000002E+00
   74  -1.212435565298214E+01  -3.000000000000002E+00
   75  -1.212435565298214E+01  -2.000000000000002E+00
   76  -1.212435565298214E+01  -1.000000000000002E+00
   77  -1.212435565298214E+01  -1.776356839400250E-15
   78  -1.125833024919770E+01  -1.000000000000000E+01
   79  -1.125833024919770E+01  -9.000000000000000E+00
   80  -1.125833024919770E+01  -8.000000000000000E+00
   81  -1.125833024919770E+01  -7.000000000000001E+00
   82  -1.125833024919770E+01  -6.000000000000001E+00
   83  -1.125833024919770E+01  -5.000000000000001E+00
   84  -1.125833024919770E+01  -4.000000000000002E+00
   85  -1.125833024919770E+01  -3.000000000000002E+00
   86  -1.125833024919770E+01  -2.000000000000002E+00
   87  -1.125833024919770E+01  -1.000000000000002E+00
   88  -1.125833024919770E+01  -1.776356839400250E-15
   89  -1.039230484541326E+01  -1.000000000000000E+01
   90  -1.039230484541326E+01  -9.000000000000000E+00
   91  -1.039230484541326E+01  -8.000000000000000E+00
   92  -1.039230484541326E+01  -7.000000000000001E+00
   93  -1.039230484541326E+01  -6.000000000000001E+00
   94  -1.039230484541326E+01  -5.000000000000001E+00
   95  -1.039230484541326E+01  -4.000000000000002E+00
   96  -1.039230484541326E+01  -3.000000000000002E+00
   97  -1.039230484541326E+01  -2.000000000000002E+00
   98  -1.039230484541326E+01  -1.000000000000002E+00
   99  -1.039230484541326E+01  -1.776356839400250E-15
  100  -9.526279441628827E+00  -1.000000000000000E+01
  101  -9.526279441628827E+00  -9.000000000000000E+00
  102  -9.526279441628827E+00  -8.000000000000000E+00
  103  -9.526279441628827E+00  -7.000000000000001E+00
  104  -9.526279441628827E+00  -6.000000000000001E+00
  105  -9.526279441628827E+00  -5.000000000000001E+00
  106  -9.526279441628827E+00  -4.000000000000002E+00
  107  -9.526279441628827E+00  -3.000000000000002E+00
  108  -9.526279441628827E+00  -2.000000000000002E+00
  109  -9.526279441628827E+00  -1.000000000000002E+00
  110  -9.526279441628827E+00  -1.776356839400250E-15
  111  -8.660254037844387E+00  -1.000000000000000E+01
  112  -8.660254037844387E+00  -9.000000000000000E+00
  113  -8.660254037844387E+00  -8.000000000000000E+00
  114  -8.660254037844387E+00  -7.000000000000001E+00
  115  -8.660254037844387E+00  -6.000000000000001E+00
  116  -8.660254037844387E+00  -5.000000000000001E+00
  117  -8.660254037844387E+00  -4.000000000000002E+00
  118  -8.660254037844387E+00  -3.000000000000002E+00
  119  -8.660254037844387E+00  -2.000000000000002E+00
  120  -8.660254037844387E+00  -1.000000000000002E+00
  121  -8.660254037844387E+00  -1.776356839400250E-15
  122  -7.794228634059948E+00  -1.000000000000000E+01
  123  -7.794228634059948E+00  -9.000000000000000E+00
  124  -7.794228634059948E+00  -8.000000000000000E+00
  125  -7.794228634059948E+00  -7.000000000000001E+00
  126  -7.794228634059948E+00  -6.000000000000001E+00
  127  -7.794228634059948E+00  -5.000000000000001E+00
  128  -7.794228634059948E+00  -4.000000000000002E+00
  129  -7.794228634059948E+00  -3.000000000000002E+00
  130  -7.794228634059948E+00  -2.000000000000002E+00
  131  -7.794228634059948E+00  -1.000000000000002E+00
  132  -7.794228634059948E+00  -1.776356839400250E-15
  133  -6.928203230275511E+00  -1.000000000000000E+01
  134  -6.928203230275511E+00  -9.000000000000000E+00
  135  -6.928203230275511E+00  -8.000000000000000E+00
  136  -6.928203230275511E+00  -7.000000000000001E+00
  137  -6.928203230275511E+00  -6.000000000000001E+00
  138  -6.928203230275511E+00  -5.000000000000001E+00
  139  -6.928203230275511E+00  -4.000000000000002E+00
  140  -6.928203230275511E+00  -3.000000000000002E+00
  141  -6.928203230275511E+00  -2.000000000000002E+00
  142  -6.928203230275511E+00  -1.000000000000002E+00
  143  -6.928203230275511E+00  -1.776356839400250E-15
  144  -6.062177826491071E+00  -1.000000000000000E+01
  145  -6.062177826491071E+00  -9.000000000000000E+00
  146  -6.062177826491071E+00  -8.000000000000000E+00
  147  -6.062177826491071E+00  -7.000000000000001E+00
  148  -6.062177826491071E+00  -6.000000000000001E+00
  149  -6.062177826491071E+00  -5.000000000000001E+00
  150  -6.062177826491071E+00  -4.000000000000002E+00
  151  -6.062177826491071E+00  -3.000000000000002E+00
  152  -6.062177826491071E+00  -2.000000000000002E+00
  153  -6.062177826491071E+00  -1.000000000000002E+00
  154  -6.062177826491071E+00  -1.776356839400250E-15
  155  -5.196152422706632E+00  -1.000000000000000E+01
  156  -5.196152422706632E+00  -9.000000000000000E+00
  157  -5.196152422706632E+00  -8.000000000000000E+00
  158  -5.196152422706632E+00  -7.000000000000001E+00
  159  -5.196152422706632E+00  -6.000000000000001E+00
  160  -5.196152422706632E+00  -5.000000000000001E+00
  161  -5.196152422706632E+00  -4.000000000000002E+00
  162  -5.196152422706632E+00  -3.000000000000002E+00
  163  -5.196152422706632E+00  -2.000000000000002E+00
  164  -5.196152422706632E+00  -1.000000000000002E+00
  165  -5.196152422706632E+00  -1.776356839400250E-15
  166  -4.330127018922195E+00  -1.000000000000000E+01
  167  -4.330127018922195E+00  -9.000000000000000E+00
  168  -4.330127018922195E+00  -8.000000000000000E+00
  169  -4.330127018922195E+00  -7.000000000000001E+00
  170  -4.330127018922195E+00  -6.000000000000001E+00
  171  -4.330127018922195E+00  -5.000000000000001E+00
  172  -4.330127018922195E+00  -4.000000000000002E+00
  173  -4.330127018922195E+00  -3.000000000000002E+00
  174  -4.330127018922195E+00  -2.000000000000002E+00
  175  -4.330127018922195E+00  -1.000000000000002E+00
  176  -4.330127018922195E+00  -1.776356839400250E-15
  177  -3.464101615137755E+00  -1.000000000000000E+01
  178  -3.464101615137755E+00  -9.000000000000000E+00
  179  -3.464101615137755E+00  -8.000000000000000E+00
  180  -3.464101615137755E+00  -7.000000000000001E+00
  181  -3.464101615137755E+00  -6.000000000000001E+00
  182  -3.464101615137755E+00  -5.000000000000001E+00
  183  -3.464101615137755E+00  -4.000000000000002E+00
  184  -3.464101615137755E+00  -3.000000000000002E+00
  185  -3.464101615137755E+00  -2.000000000000002E+00
  186  -3.464101615137755E+00  -1.000000000000002E+00
  187  -3.464101615137755E+00  -1.776356839400250E-15
  188  -2.598076211353316E+00  -1.000000000000000E+01
  189  -2.598076211353316E+00  -9.000000000000000E+00
  190  -2.598076211353316E+00  -8.000000000000000E+00
  191  -2.598076211353316E+00  -7.000000000000001E+00
  192  -2.598076211353316E+00  -6.000000000000001E+00
  193  -2.598076211353316E+00  -5.000000000000001E+00
  194  -2.598076211353316E+00  -4.000000000000002E+00
  195  -2.598076211353316E+00  -3.000000000000002E+00
  196  -2.598076211353316E+00  -2.000000000000002E+00
  197  -2.598076211353316E+00  -1.000000000000002E+00
  198  -2.598076211353316E+00  -1.776356839400250E-15
  199  -1.732050807568879E+00  -1.000000000000000E+01
  200  -1.732050807568879E+00  -9.000000000000000E+00
  201  -1.732050807568879E+00  -8.000000000000000E+00
  202  -1.732050807568879E+00  -7.000000000000001E+00
  203  -1.732050807568879E+00  -6.000000000000001E+00
  204  -1.732050807568879E+00  -5.000000000000001E+00
  205  -1.732050807568879E+00  -4.000000000000002E+00
  206  -1.732050807568879E+00  -3.000000000000002E+00
  207  -1.732050807568879E+00  -2.000000000000002E+00
  208  -1.732050807568879E+00  -1.000000000000002E+00
  209  -1.732050807568879E+00  -1.776356839400250E-15
  210  -8.660254037844375E-01  -1.000000000000000E+01
  211  -8.660254037844375E-01  -9.000000000000000E+00
  212  -8.660254037844375E-01  -8.000000000000000E+00
  213  -8.660254037844375E-01  -7.000000000000001E+00
  214  -8.660254037844375E-01  -6.000000000000001E+00
  215  -8.660254037844375E-01  -5.000000000000001E+00
  216  -8.660254037844375E-01  -4.000000000000002E+00
  217  -8.660254037844375E-01  -3.000000000000002E+00
  218  -8.660254037844375E-01  -2.000000000000002E+00
  219  -8.660254037844375E-01  -1.000000000000002E+00
  220  -8.660254037844375E-01  -1.776356839400250E-15
  221   0.000000000000000E+00  -1.000000000000000E+01
  222   0.000000000000000E+00  -9.000000000000000E+00
  223   0.000000000000000E+00  -8.000000000000000E+00
  224   0.000000000000000E+00  -7.000000000000001E+00
  225   0.000000000000000E+00  -6.000000000000001E+00
  226   0.000000000000000E+00  -5.000000000000001E+00
  227   0.000000000000000E+00  -4.000000000000002E+00
  228   0.000000000000000E+00  -3.000000000000002E+00
  229   0.000000000000000E+00  -2.000000000000002E+00
  230   0.000000000000000E+00  -1.000000000000002E+00
  231   0.000000000000000E+00  -1.776356839400250E-15
  232   8.660254037844375E-01  -1.000000000000000E+01
  233   8.660254037844375E-01  -9.000000000000000E+00
  234   8.660254037844375E-01  -8.000000000000000E+00
  235   8.660254037844375E-01  -7.000000000000001E+00
  236   8.660254037844375E-01  -6.000000000000001E+00
  237   8.660254037844375E-01  -5.000000000000001E+00
  238   8.660254037844375E-01  -4.000000000000002E+00
  239   8.660254037844375E-01  -3.000000000000002E+00
  240   8.660254037844375E-01  -2.000000000000002E+00
  241   8.660254037844375E-01  -1.000000000000002E+00
  242   8.660254037844375E-01  -1.776356839400250E-15
  243   1.732050807568879E+00  -1.000000000000000E+01
  244   1.732050807568879E+00  -9.000000000000000E+00
  245   1.732050807568879E+00  -8.000000000000000E+00
  246   1.732050807568879E+00  -7.000000000000001E+00
  247   1.732050807568879E+00  -6.000000000000001E+00
  248   1.732050807568879E+00  -5.000000000000001E+00
  249   1.732050807568879E+00  -4.000000000000002E+00
  250   1.732050807568879E+00  -3.000000000000002E+00
  251   1.732050807568879E+00  -2.000000000000002E+00
  252   1.732050807568879E+00  -1.000000000000002E+00
  253   1.732050807568879E+00  -1.776356839400250E-15
  254   2.598076211353316E+00  -1.000000000000000E+01
  255   2.598076211353316E+00  -9.000000000000000E+00
  256   2.598076211353316E+00  -8.000000000000000E+00
  257   2.598076211353316E+00  -7.000000000000001E+00
  258   2.598076211353316E+00  -6.000000000000001E+00
  259   2.598076211353316E+00  -5.000000000000001E+00
  260   2.598076211353316E+00  -4.000000000000002E+00
  261   2.598076211353316E+00  -3.000000000000002E+00
  262   2.598076211353316E+00  -2.000000000000002E+00
  263   2.598076211353316E+00  -1.000000000000002E+00
  264   2.598076211353316E+00  -1.776356839400250E-15
  265   3.464101615137753E+00  -1.000000000000000E+01
  266   3.464101615137753E+00  -9.000000000000000E+00
  267   3.464101615137753E+00  -8.000000000000000E+00
  268   3.464101615137753E+00  -7.000000000000001E+00
  269   3.464101615137753E+00  -6.000000000000001E+00
  270   3.464101615137753E+00  -5.000000000000001E+00
  271   3.464101615137753E+00  -4.000000000000002E+00
  272   3.464101615137753E+00  -3.000000000000002E+00
  273   3.464101615137753E+00  -2.000000000000002E+00
  274   3.464101615137753E+00  -1.000000000000002E+00
  275   3.464101615137753E+00  -1.776356839400250E-15
  276   4.330127018922195E+00  -1.000000000000000E+01
  277   4.330127018922195E+00  -9.000000000000000E+00
  278   4.330127018922195E+00  -8.000000000000000E+00
  279   4.330127018922195E+00  -7.000000000000001E+00
  280   4.330127018922195E+00  -6.000000000000001E+00
  281   4.330127018922195E+00  -5.000000000000001E+00
  282   4.330127018922195E+00  -4.000000000000002E+00
  283   4.330127018922195E+00  -3.000000000000002E+00
  284   4.330127018922195E+00  -2.000000000000002E+00
  285   4.330127018922195E+00  -1.000000000000002E+00
  286   4.330127018922195E+00  -1.776356839400250E-15
  287   5.196152422706632E+00  -1.000000000000000E+01
  288   5.196152422706632E+00  -9.000000000000000E+00
  289   5.196152422706632E+00  -8.000000000000000E+00
  290   5.196152422706632E+00  -7.000000000000001E+00
  291   5.196152422706632E+00  -6.000000000000001E+00
  292   5.196152422706632E+00  -5.000000000000001E+00
  293   5.196152422706632E+00  -4.000000000000002E+00
  294   5.196152422706632E+00  -3.000000000000002E+00
  295   5.196152422706632E+00  -2.000000000000002E+00
  296   5.196152422706632E+00  -1.000000000000002E+00
  297   5.196152422706632E+00  -1.776356839400250E-15
  298   6.062177826491070E+00  -1.000000000000000E+01
  299   6.062177826491070E+00  -9.000000000000000E+00
  300   6.062177826491070E+00  -8.000000000000000E+00
  301   6.062177826491070E+00  -7.000000000000001E+00
  302   6.062177826491070E+00  -6.000000000000001E+00
  303   6.062177826491070E+00  -5.000000000000001E+00
  304   6.062177826491070E+00  -4.000000000000002E+00
  305   6.062177826491070E+00  -3.000000000000002E+00
  306   6.062177826491070E+00  -2.000000000000002E+00
  307   6.062177826491070E+00  -1.000000000000002E+00
  308   6.062177826491070E+00  -1.776356839400250E-15
  309   6.928203230275511E+00  -1.000000000000000E+01
  310   6.928203230275511E+00  -9.000000000000000E+00
  311   6.928203230275511E+00  -8.000000000000000E+00
  312   6.928203230275511E+00  -7.000000000000001E+00
  313   6.928203230275511E+00  -6.000000000000001E+00
  314   6.928203230275511E+00  -5.000000000000001E+00
  315   6.928203230275511E+00  -4.000000000000002E+00
  316   6.928203230275511E+00  -3.000000000000002E+00
  317   6.928203230275511E+00  -2.000000000000002E+00
  318   6.928203230275511E+00  -1.000000000000002E+00
  319   6.928203230275511E+00  -1.776356839400250E-15
  320   7.794228634059948E+00  -1.000000000000000E+01
  321   7.794228634059948E+00  -9.000000000000000E+00
  322   7.794228634059948E+00  -8.000000000000000E+00
  323   7.794228634059948E+00  -7.000000000000001E+00
  324   7.794228634059948E+00  -6.000000000000001E+00
  325   7.794228634059948E+00  -5.000000000000001E+00
  326   7.794228634059948E+00  -4.000000000000002E+00
  327   7.794228634059948E+00  -3.000000000000002E+00
  328   7.794228634059948E+00  -2.000000000000002E+00
  329   7.794228634059948E+00  -1.000000000000002E+00
  330   7.794228634059948E+00  -1.776356839400250E-15
  331   8.660254037844386E+00  -1.000000000000000E+01
  332   8.660254037844386E+00  -9.000000000000000E+00
  333   8.660254037844386E+00  -8.000000000000000E+00
  334   8.660254037844386E+00  -7.000000000000001E+00
  335   8.660254037844386E+00  -6.000000000000001E+00
  336   8.660254037844386E+00  -5.000000000000001E+00
  337   8.660254037844386E+00  -4.000000000000002E+00
  338   8.660254037844386E+00  -3.000000000000002E+00
  339   8.660254037844386E+00  -2.000000000000002E+00
  340   8.660254037844386E+00  -1.000000000000002E+00
  341   8.660254037844386E+00  -1.776356839400250E-15
  342   9.526279441628827E+00  -1.000000000000000E+01
  343   9.526279441628827E+00  -9.000000000000000E+00
  344   9.526279441628827E+00  -8.000000000000000E+00
  345   9.526279441628827E+00  -7.000000000000001E+00
  346   9.526279441628827E+00  -6.000000000000001E+00
  347   9.526279441628827E+00  -5.000000000000001E+00
  348   9.526279441628827E+00  -4.000000000000002E+00
  349   9.526279441628827E+00  -3.000000000000002E+00
  350   9.526279441628827E+00  -2.000000000000002E+00
  351   9.526279441628827E+00  -1.000000000000002E+00
  352   9.526279441628827E+00  -1.776356839400250E-15
  353   1.039230484541326E+01  -1.000000000000000E+01
  354   1.039230484541326E+01  -9.000000000000000E+00
  355   1.039230484541326E+01  -8.000000000000000E+00
  356   1.039230484541326E+01  -7.000000000000001E+00
  357   1.039230484541326E+01  -6.000000000000001E+00
  358   1.039230484541326E+01  -5.000000000000001E+00
  359   1.039230484541326E+01  -4.000000000000002E+00
  360   1.039230484541326E+01  -3.000000000000002E+00
  361   1.039230484541326E+01  -2.000000000000002E+00
  362   1.039230484541326E+01  -1.000000000000002E+00
  363   1.039230484541326E+01  -1.776356839400250E-15
  364   1.125833024919770E+01  -1.000000000000000E+01
  365   1.125833024919770E+01  -9.000000000000000E+00
  366   1.125833024919770E+01  -8.000000000000000E+00
  367   1.125833024919770E+01  -7.000000000000001E+00
  368   1.125833024919770E+01  -6.000000000000001E+00
  369   1.125833024919770E+01  -5.000000000000001E+00
  370   1.125833024919770E+01  -4.000000000000002E+00
  371   1.125833024919770E+01  -3.000000000000002E+00
  372   1.125833024919770E+01  -2.000000000000002E+00
  373   1.125833024919770E+01  -1.000000000000002E+00
  374   1.125833024919770E+01  -1.776356839400250E-15
  375   1.212435565298214E+01  -1.000000000000000E+01
  376   1.212435565298214E+01  -9.000000000000000E+00
  377   1.212435565298214E+01  -8.000000000000000E+00
  378   1.212435565298214E+01  -7.000000000000001E+00
  379   1.212435565298214E+01  -6.000000000000001E+00
  380   1.212435565298214E+01  -5.000000000000001E+00
  381   1.212435565298214E+01  -4.000000000000002E+00
  382   1.212435565298214E+01  -3.000000000000002E+00
  383   1.212435565298214E+01  -2.000000000000002E+00
  384   1.212435565298214E+01  -1.000000000000002E+00
  385   1.212435565298214E+01  -1.776356839400250E-15
  386   1.299038105676658E+01  -1.000000000000000E+01
  387   1.299038105676658E+01  -9.000000000000000E+00
  388   1.299038105676658E+01  -8.000000000000000E+00
  389   1.299038105676658E+01  -7.000000000000001E+00
  390   1.299038105676658E+01  -6.000000000000001E+00
  391   1.299038105676658E+01  -5.000000000000001E+00
  392   1.299038105676658E+01  -4.000000000000002E+00
  393   1.299038105676658E+01  -3.000000000000002E+00
  394   1.299038105676658E+01  -2.000000000000002E+00
  395   1.299038105676658E+01  -1.000000000000002E+00
  396   1.299038105676658E+01  -1.776356839400250E-15
  397   1.385640646055102E+01  -1.000000000000000E+01
  398   1.385640646055102E+01  -9.000000000000000E+00
  399   1.385640646055102E+01  -8.000000000000000E+00
  400   1.385640646055102E+01  -7.000000000000001E+00
  401   1.385640646055102E+01  -6.000000000000001E+00
  402   1.385640646055102E+01  -5.000000000000001E+00
  403   1.385640646055102E+01  -4.000000000000002E+00
  404   1.385640646055102E+01  -3.000000000000002E+00
  405   1.385640646055102E+01  -2.000000000000002E+00
  406   1.385640646055102E+01  -1.000000000000002E+00
  407   1.385640646055102E+01  -1.776356839400250E-15
  408   1.472243186433546E+01  -1.000000000000000E+01
  409   1.472243186433546E+01  -9.000000000000000E+00
  410   1.472243186433546E+01  -8.000000000000000E+00
  411   1.472243186433546E+01  -7.000000000000001E+00
  412   1.472243186433546E+01  -6.000000000000001E+00
  413   1.472243186433546E+01  -5.000000000000001E+00
  414   1.472243186433546E+01  -4.000000000000002E+00
  415   1.472243186433546E+01  -3.000000000000002E+00
  416   1.472243186433546E+01  -2.000000000000002E+00
  417   1.472243186433546E+01  -1.000000000000002E+00
  418   1.472243186433546E+01  -1.776356839400250E-15
  419   1.558845726811990E+01  -1.000000000000000E+01
  420   1.558845726811990E+01  -9.000000000000000E+00
  421   1.558845726811990E+01  -8.000000000000000E+00
  422   1.558845726811990E+01  -7.000000000000001E+00
  423   1.558845726811990E+01  -6.000000000000001E+00
  424   1.558845726811990E+01  -5.000000000000001E+00
  425   1.558845726811990E+01  -4.000000000000002E+00
  426   1.558845726811990E+01  -3.000000000000002E+00
  427   1.558845726811990E+01  -2.000000000000002E+00
  428   1.558845726811990E+01  -1.000000000000002E+00
  429   1.558845726811990E+01  -1.776356839400250E-15
  430   1.645448267190433E+01  -1.000000000000000E+01
  431   1.645448267190433E+01  -9.000000000000000E+00
  432   1.645448267190433E+01  -8.000000000000000E+00
  433   1.645448267190433E+01  -7.000000000000001E+00
  434   1.645448267190433E+01  -6.000000000000001E+00
  435   1.645448267190433E+01  -5.000000000000001E+00
  436   1.645448267190433E+01  -4.000000000000002E+00
  437   1.645448267190433E+01  -3.000000000000002E+00
  438   1.645448267190433E+01  -2.000000000000002E+00
  439   1.645448267190433E+01  -1.000000000000002E+00
  440   1.645448267190433E+01  -1.776356839400250E-15
  441   1.732050807568877E+01  -1.000000000000000E+01
  442   1.732050807568877E+01  -9.000000000000000E+00
  443   1.732050807568877E+01  -8.000000000000000E+00
  444   1.732050807568877E+01  -7.000000000000001E+00
  445   1.732050807568877E+01  -6.000000000000001E+00
  446   1.732050807568877E+01  -5.000000000000001E+00
  447   1.732050807568877E+01  -4.000000000000002E+00
  448   1.732050807568877E+01  -3.000000000000002E+00
  449   1.732050807568877E+01  -2.000000000000002E+00
  450   1.732050807568877E+01  -1.000000000000002E+00
  451   1.732050807568877E+01  -1.776356839400250E-15
  452  -1.732050807568877E+01  -3.000000000000000E+01
  453  -1.732050807568877E+01  -2.900000000000000E+01
  454  -1.732050807568877E+01  -2.800000000000000E+01
  455  -1.732050807568877E+01  -2.700000000000000E+01
  456  -1.732050807568877E+01  -2.600000000000000E+01
  457  -1.732050807568877E+01  -2.500000000000000E+01
  458  -1.732050807568877E+01  -2.400000000000000E+01
  459  -1.732050807568877E+01  -2.300000000000000E+01
  460  -1.732050807568877E+01  -2.200000000000000E+01
  461  -1.732050807568877E+01  -2.100000000000000E+01
  462  -1.732050807568877E+01  -2.000000000000000E+01
  463  -1.558845726811990E+01  -3.000000000000000E+01
  464  -1.558845726811990E+01  -2.900000000000000E+01
  465  -1.558845726811990E+01  -2.800000000000000E+01
  466  -1.558845726811990E+01  -2.700000000000000E+01
  467  -1.558845726811990E+01  -2.600000000000000E+01
  468  -1.558845726811990E+01  -2.500000000000000E+01
  469  -1.558845726811990E+01  -2.400000000000000E+01
  470  -1.558845726811990E+01  -2.300000000000000E+01
  471  -1.558845726811990E+01  -2.200000000000000E+01
  472  -1.558845726811990E+01  -2.100000000000000E+01
  473  -1.558845726811990E+01  -2.000000000000000E+01
  474  -1.385640646055102E+01  -3.000000000000000E+01
  475  -1.385640646055102E+01  -2.900000000000000E+01
  476  -1.385640646055102E+01  -2.800000000000000E+01
  477  -1.385640646055102E+01  -2.700000000000000E+01
  478  -1.385640646055102E+01  -2.600000000000000E+01
  479  -1.385640646055102E+01  -2.500000000000000E+01
  480  -1.385640646055102E+01  -2.400000000000000E+01
  481  -1.385640646055102E+01  -2.300000000000000E+01
  482  -1.385640646055102E+01  -2.200000000000000E+01
  483  -1.385640646055102E+01  -2.100000000000000E+01
  484  -1.385640646055102E+01  -2.000000000000000E+01
  485  -1.212435565298214E+01  -3.000000000000000E+01
  486  -1.212435565298214E+01  -2.900000000000000E+01
  487  -1.212435565298214E+01  -2.800000000000000E+01
  488  -1.212435565298214E+01  -2.700000000000000E+01
  489  -1.212435565298214E+01  -2.600000000000000E+01
  490  -1.212435565298214E+01  -2.500000000000000E+01
  491  -1.212435565298214E+01  -2.400000000000000E+01
  492  -1.212435565298214E+01  -2.300000000000000E+01
  493  -1.212435565298214E+01  -2.200000000000000E+01
  494  -1.212435565298214E+01  -2.100000000000000E+01
  495  -1.212435565298214E+01  -2.000000000000000E+01
  496  -1.039230484541326E+01  -3.000000000000000E+01
  497  -1.039230484541326E+01  -2.900000000000000E+01
  498  -1.039230484541326E+01  -2.800000000000000E+01
  499  -1.039230484541326E+01  -2.700000000000000E+01
  500  -1.039230484541326E+01  -2.600000000000000E+01
  501  -1.039230484541326E+01  -2.500000000000000E+01
  502  -1.039230484541326E+01  -2.400000000000000E+01
  503  -1.039230484541326E+01  -2.300000000000000E+01
  504  -1.039230484541326E+01  -2.200000000000000E+01
  505  -1.039230484541326E+01  -2.100000000000000E+01
  506  -1.039230484541326E+01  -2.000000000000000E+01
  507  -8.660254037844387E+00  -3.000000000000000E+01
  508  -8.660254037844387E+00  -2.900000000000000E+01
  509  -8.660254037844387E+00  -2.800000000000000E+01
  510  -8.660254037844387E+00  -2.700000000000000E+01
  511  -8.660254037844387E+00  -2.600000000000000E+01
  512  -8.660254037844387E+00  -2.500000000000000E+01
  513  -8.660254037844387E+00  -2.400000000000000E+01
  514  -8.660254037844387E+00  -2.300000000000000E+01
  515  -8.660254037844387E+00  -2.200000000000000E+01
  516  -8.660254037844387E+00  -2.100000000000000E+01
  517  -8.660254037844387E+00  -2.000000000000000E+01
  518  -6.928203230275511E+00  -3.000000000000000E+01
  519  -6.928203230275511E+00  -2.900000000000000E+01
  520  -6.928203230275511E+00  -2.800000000000000E+01
  521  -6.928203230275511E+00  -2.700000000000000E+01
  522  -6.928203230275511E+00  -2.600000000000000E+01
  523  -6.928203230275511E+00  -2.500000000000000E+01
  524  -6.928203230275511E+00  -2.400000000000000E+01
  525  -6.928203230275511E+00  -2.300000000000000E+01
  526  -6.928203230275511E+00  -2.200000000000000E+01
  527  -6.928203230275511E+00  -2.100000000000000E+01
  528  -6.928203230275511E+00  -2.000000000000000E+01
  529  -5.196152422706632E+00  -3.000000000000000E+01
  530  -5.196152422706632E+00  -2.900000000000000E+01
  531  -5.196152422706632E+00  -2.800000000000000E+01
  532  -5.196152422706632E+00  -2.700000000000000E+01
  533  -5.196152422706632E+00  -2.600000000000000E+01
  534  -5.196152422706632E+00  -2.500000000000000E+01
  535  -5.196152422706632E+00  -2.400000000000000E+01
  536  -5.196152422706632E+00  -2.300000000000000E+01
  537  -5.196152422706632E+00  -2.200000000000000E+01
  538  -5.196152422706632E+00  -2.100000000000000E+01
  539  -5.196152422706632E+00  -2.000000000000000E+01
  540  -3.464101615137755E+00  -3.000000000000000E+01
  541  -3.464101615137755E+00  -2.900000000000000E+01
  542  -3.464101615137755E+00  -2.800000000000000E+01
  543  -3.464101615137755E+00  -2.700000000000000E+01
  544  -3.464101615137755E+00  -2.600000000000000E+01
  545  -3.464101615137755E+00  -2.500000000000000E+01
  546  -3.464101615137755E+00  -2.400000000000000E+01
  547  -3.464101615137755E+00  -2.300000000000000E+01
  548  -3.464101615137755E+00  -2.200000000000000E+01
  549  -3.464101615137755E+00  -2.100000000000000E+01
  550  -3.464101615137755E+00  -2.000000000000000E+01
  551  -1.732050807568879E+00  -3.000000000000000E+01
  552  -1.732050807568879E+00  -2.900000000000000E+01
  553  -1.732050807568879E+00  -2.800000000000000E+01
  554  -1.732050807568879E+00  -2.700000000000000E+01
  555  -1.732050807568879E+00  -2.600000000000000E+01
  556  -1.732050807568879E+00  -2.500000000000000E+01
  557  -1.732050807568879E+00  -2.400000000000000E+01
  558  -1.732050807568879E+00  -2.300000000000000E+01
  559  -1.732050807568879E+00  -2.200000000000000E+01
  560  -1.732050807568879E+00  -2.100000000000000E+01
  561  -1.732050807568879E+00  -2.000000000000000E+01
  562   0.000000000000000E+00  -3.000000000000000E+01
  563   0.000000000000000E+00  -2.900000000000000E+01
  564   0.000000000000000E+00  -2.800000000000000E+01
  565   0.000000000000000E+00  -2.700000000000000E+01
  566   0.000000000000000E+00  -2.600000000000000E+01
  567   0.000000000000000E+00  -2.500000000000000E+01
  568   0.000000000000000E+00  -2.400000000000000E+01
  569   0.000000000000000E+00  -2.300000000000000E+01
  570   0.000000000000000E+00  -2.200000000000000E+01
  571   0.000000000000000E+00  -2.100000000000000E+01
  572   0.000000000000000E+00  -2.000000000000000E+01
  573   1.732050807568879E+00  -3.000000000000000E+01
  574   1.732050807568879E+00  -2.900000000000000E+01
  575   1.732050807568879E+00  -2.800000000000000E+01
  576   1.732050807568879E+00  -2.700000000000000E+01
  577   1.732050807568879E+00  -2.600000000000000E+01
  578   1.732050807568879E+00  -2.500000000000000E+01
  579   1.732050807568879E+00  -2.400000000000000E+01
  580   1.732050807568879E+00  -2.300000000000000E+01
  581   1.732050807568879E+00  -2.200000000000000E+01
  582   1.732050807568879E+00  -2.100000000000000E+01
  583   1.732050807568879E+00  -2.000000000000000E+01
  584   3.464101615137753E+00  -3.000000000000000E+01
  585   3.464101615137753E+00  -2.900000000000000E+01
  586   3.464101615137753E+00  -2.800000000000000E+01
  587   3.464101615137753E+00  -2.700000000000000E+01
  588   3.464101615137753E+00  -2.600000000000000E+01
  589   3.464101615137753E+00  -2.500000000000000E+01
  590   3.464101615137753E+00  -2.400000000000000E+01
  591   3.464101615137753E+00  -2.300000000000000E+01
  592   3.464101615137753E+00  -2.200000000000000E+01
  593   3.464101615137753E+00  -2.100000000000000E+01
  594   3.464101615137753E+00  -2.000000000000000E+01
  595   5.196152422706632E+00  -3.000000000000000E+01
  596   5.196152422706632E+00  -2.900000000000000E+01
  597   5.196152422706632E+00  -2.800000000000000E+01
  598   5.196152422706632E+00  -2.700000000000000E+01
  599   5.196152422706632E+00  -2.600000000000000E+01
  600   5.196152422706632E+00  -2.500000000000000E+01
  601   5.196152422706632E+00  -2.400000000000000E+01
  602   5.196152422706632E+00  -2.300000000000000E+01
  603   5.196152422706632E+00  -2.200000000000000E+01
  604   5.196152422706632E+00  -2.100000000000000E+01
  605   5.196152422706632E+00  -2.000000000000000E+01
  606   6.928203230275511E+00  -3.000000000000000E+01
  607   6.928203230275511E+00  -2.900000000000000E+01
  608   6.928203230275511E+00  -2.800000000000000E+01
  609   6.928203230275511E+00  -2.700000000000000E+01
  610   6.928203230275511E+00  -2.600000000000000E+01
  611   6.928203230275511E+00  -2.500000000000000E+01
  612   6.928203230275511E+00  -2.400000000000000E+01
  613   6.928203230275511E+00  -2.300000000000000E+01
  614   6.928203230275511E+00  -2.200000000000000E+01
  615   6.928203230275511E+00  -2.100000000000000E+01
  616   6.928203230275511E+00  -2.000000000000000E+01
  617   8.660254037844386E+00  -3.000000000000000E+01
  618   8.660254037844386E+00  -2.900000000000000E+01
  619   8.660254037844386E+00  -2.800000000000000E+01
  620   8.660254037844386E+00  -2.700000000000000E+01
  621   8.660254037844386E+00  -2.600000000000000E+01
  622   8.660254037844386E+00  -2.500000000000000E+01
  623   8.660254037844386E+00  -2.400000000000000E+01
  624   8.660254037844386E+00  -2.300000000000000E+01
  625   8.660254037844386E+00  -2.200000000000000E+01
  626   8.660254037844386E+00  -2.100000000000000E+01
  627   8.660254037844386E+00  -2.000000000000000E+01
  628   1.039230484541326E+01  -3.000000000000000E+01
  629   1.039230484541326E+01  -2.900000000000000E+01
  630   1.039230484541326E+01  -2.800000000000000E+01
  631   1.039230484541326E+01  -2.700000000000000E+01
  632   1.039230484541326E+01  -2.600000000000000E+01
  633   1.039230484541326E+01  -2.500000000000000E+01
  634   1.039230484541326E+01  -2.400000000000000E+01
  635   1.039230484541326E+01  -2.300000000000000E+01
  636   1.039230484541326E+01  -2.200000000000000E+01
  637   1.039230484541326E+01  -2.100000000000000E+01
  638   1.039230484541326E+01  -2.000000000000000E+01
  639   1.212435565298214E+01  -3.000000000000000E+01
  640   1.212435565298214E+01  -2.900000000000000E+01
  641   1.212435565298214E+01  -2.800000000000000E+01
  642   1.212435565298214E+01  -2.700000000000000E+01
  643   1.212435565298214E+01  -2.600000000000000E+01
  644   1.212435565298214E+01  -2.500000000000000E+01
  645   1.212435565298214E+01  -2.400000000000000E+01
  646   1.212435565298214E+01  -2.300000000000000E+01
  647   1.212435565298214E+01  -2.200000000000000E+01
  648   1.212435565298214E+01  -2.100000000000000E+01
  649   1.212435565298214E+01  -2.000000000000000E+01
  650   1.385640646055102E+01  -3.000000000000000E+01
  651   1.385640646055102E+01  -2.900000000000000E+01
  652   1.385640646055102E+01  -2.800000000000000E+01
  653   1.385640646055102E+01  -2.700000000000000E+01
  654   1.385640646055102E+01  -2.600000000000000E+01
  655   1.385640646055102E+01  -2.500000000000000E+01
  656   1.385640646055102E+01  -2.400000000000000E+01
  657   1.385640646055102E+01  -2.300000000000000E+01
  658   1.385640646055102E+01  -2.200000000000000E+01
  659   1.385640646055102E+01  -2.100000000000000E+01
  660   1.385640646055102E+01  -2.000000000000000E+01
  661   1.558845726811990E+01  -3.000000000000000E+01
  662   1.558845726811990E+01  -2.900000000000000E+01
  663   1.558845726811990E+01  -2.800000000000000E+01
  664   1.558845726811990E+01  -2.700000000000000E+01
  665   1.558845726811990E+01  -2.600000000000000E+01
  666   1.558845726811990E+01  -2.500000000000000E+01
  667   1.558845726811990E+01  -2.400000000000000E+01
  668   1.558845726811990E+01  -2.300000000000000E+01
  669   1.558845726811990E+01  -2.200000000000000E+01
  670   1.558845726811990E+01  -2.100000000000000E+01
  671   1.558845726811990E+01  -2.000000000000000E+01
  672   1.732050807568877E+01  -3.000000000000000E+01
  673   1.732050807568877E+01  -2.900000000000000E+01
  674   1.732050807568877E+01  -2.800000000000000E+01
  675   1.732050807568877E+01  -2.700000000000000E+01
  676   1.732050807568877E+01  -2.600000000000000E+01
  677   1.732050807568877E+01  -2.500000000000000E+01
  678   1.732050807568877E+01  -2.400000000000000E+01
  679   1.732050807568877E+01  -2.300000000000000E+01
  680   1.732050807568877E+01  -2.200000000000000E+01
  681   1.732050807568877E+01  -2.100000000000000E+01
  682   1.732050807568877E+01  -2.000000000000000E+01
      3
   452        672   11    1       1     0
    11        451   11    1       0       0
      0      0      0      0      0      0
       1     9
 300.0d8  3.00E-01  0.00E+00  0.00E+00  0.00E+00  0.00E+00  0.00E+00  0.00E+00  1.00E-3  
       0      0      0      0      0      0      0      0      0      0      0      0

  1
'p9_3'
    150      9      9      3
              1              1             23             25              3             12             24             14              2             13              1              1
              2              3             25             27              5             14             26             16              4             15              1              1
              3              5             27             29              7             16             28             18              6             17              1              1
              4              7             29             31              9             18             30             20              8             19              1              1
              5              9             31             33             11             20             32             22             10             21              1              1
              6             23             45             47             25             34             46             36             24             35              1              1
              7             25             47             49             27             36             48             38             26             37              1              1
              8             27             49             51             29             38             50             40             28             39              1              1
              9             29             51             53             31             40             52             42             30             41              1              1
             10             31             53             55             33             42             54             44             32             43              1              1
             11             45             67             69             47             56             68             58             46             57              1              1
             12             47             69             71             49             58             70             60             48             59              1              1
             13             49             71             73             51             60             72             62             50             61              1              1
             14             51             73             75             53             62             74             64             52             63              1              1
             15             53             75             77             55             64             76             66             54             65              1              1
             16             67             89             91             69             78             90             80             68             79              1              1
             17             69             91             93             71             80             92             82             70             81              1              1
             18             71             93             95             73             82             94             84             72             83              1              1
             19             73             95             97             75             84             96             86             74             85              1              1
             20             75             97             99             77             86             98             88             76             87              1              1
             21             89            111            113             91            100            112            102             90            101              1              1
             22             91            113            115             93            102            114            104             92            103              1              1
             23             93            115            117             95            104            116            106             94            105              1              1
             24             95            117            119             97            106            118            108             96            107              1              1
             25             97            119            121             99            108            120            110             98            109              1              1
             26            111            133            135            113            122            134            124            112            123              1              1
             27            113            135            137            115            124            136            126            114            125              1              1
             28            115            137            139            117            126            138            128            116            127              1              1
             29            117            139            141            119            128            140            130            118            129              1              1
             30            119            141            143            121            130            142            132            120            131              1              1
             31            133            155            157            135            144            156            146            134            145              1              1
             32            135            157            159            137            146            158            148            136            147              1              1
             33            137            159            161            139            148            160            150            138            149              1              1
             34            139            161            163            141            150            162            152            140            151              1              1
             35            141            163            165            143            152            164            154            142            153              1              1
             36            155            177            179            157            166            178            168            156            167              1              1
             37            157            179            181            159            168            180            170            158            169              1              1
             38            159            181            183            161            170            182            172            160            171              1              1
             39            161            183            185            163            172            184            174            162            173              1              1
             40            163            185            187            165            174            186            176            164            175              1              1
             41            177            199            201            179            188            200            190            178            189              1              1
             42            179            201            203            181            190            202            192            180            191              1              1
             43            181            203            205            183            192            204            194            182            193              1              1
             44            183            205            207            185            194            206            196            184            195              1              1
             45            185            207            209            187            196            208            198            186            197              1              1
             46            199            221            223            201            210            222            212            200            211              1              1
             47            201            223            225            203            212            224            214            202            213              1              1
             48            203            225            227            205            214            226            216            204            215              1              1
             49            205            227            229            207            216            228            218            206            217              1              1
             50            207            229            231            209            218            230            220            208            219              1              1
             51            221            243            245            223            232            244            234            222            233              1              1
             52            223            245            247            225            234            246            236            224            235              1              1
             53            225            247            249            227            236            248            238            226            237              1              1
             54            227            249            251            229            238            250            240            228            239              1              1
             55            229            251            253            231            240            252            242            230            241              1              1
             56            243            265            267            245            254            266            256            244            255              1              1
             57            245            267            269            247            256            268            258            246            257              1              1
             58            247            269            271            249            258            270            260            248            259              1              1
             59            249            271            273            251            260            272            262            250            261              1              1
             60            251            273            275            253            262            274            264            252            263              1              1
             61            265            287            289            267            276            288            278            266            277              1              1
             62            267            289            291            269            278            290            280            268            279              1              1
             63            269            291            293            271            280            292            282            270            281              1              1
             64            271            293            295            273            282            294            284            272            283              1              1
             65            273            295            297            275            284            296            286            274            285              1              1
             66            287            309            311            289            298            310            300            288            299              1              1
             67            289            311            313            291            300            312            302            290            301              1              1
             68            291            313            315            293            302            314            304            292            303              1              1
             69            293            315            317            295            304            316            306            294            305              1              1
             70            295            317            319            297            306            318            308            296            307              1              1
             71            309            331            333            311            320            332            322            310            321              1              1
             72            311            333            335            313            322            334            324            312            323              1              1
             73            313            335            337            315            324            336            326            314            325              1              1
             74            315            337            339            317            326            338            328            316            327              1              1
             75            317            339            341            319            328            340            330            318            329              1              1
             76            331            353            355            333            342            354            344            332            343              1              1
             77            333            355            357            335            344            356            346            334            345              1              1
             78            335            357            359            337            346            358            348            336            347              1              1
             79            337            359            361            339            348            360            350            338            349              1              1
             80            339            361            363            341            350            362            352            340            351              1              1
             81            353            375            377            355            364            376            366            354            365              1              1
             82            355            377            379            357            366            378            368            356            367              1              1
             83            357            379            381            359            368            380            370            358            369              1              1
             84            359            381            383            361            370            382            372            360            371              1              1
             85            361            383            385            363            372            384            374            362            373              1              1
             86            375            397            399            377            386            398            388            376            387              1              1
             87            377            399            401            379            388            400            390            378            389              1              1
             88            379            401            403            381            390            402            392            380            391              1              1
             89            381            403            405            383            392            404            394            382            393              1              1
             90            383            405            407            385            394            406            396            384            395              1              1
             91            397            419            421            399            408            420            410            398            409              1              1
             92            399            421            423            401            410            422            412            400            411              1              1
             93            401            423            425            403            412            424            414            402            413              1              1
             94            403            425            427            405            414            426            416            404            415              1              1
             95            405            427            429            407            416            428            418            406            417              1              1
             96            419            441            443            421            430            442            432            420            431              1              1
             97            421            443            445            423            432            444            434            422            433              1              1
             98            423            445            447            425            434            446            436            424            435              1              1
             99            425            447            449            427            436            448            438            426            437              1              1
            100            427            449            451            429            438            450            440            428            439              1              1
            101            452            474            476            454            463            475            465            453            464              1              1
            102            454            476            478            456            465            477            467            455            466              1              1
            103            456            478            480            458            467            479            469            457            468              1              1
            104            458            480            482            460            469            481            471            459            470              1              1
            105            460            482            484            462            471            483            473            461            472              1              1
            106            474            496            498            476            485            497            487            475            486              1              1
            107            476            498            500            478            487            499            489            477            488              1              1
            108            478            500            502            480            489            501            491            479            490              1              1
            109            480            502            504            482            491            503            493            481            492              1              1
            110            482            504            506            484            493            505            495            483            494              1              1
            111            496            518            520            498            507            519            509            497            508              1              1
            112            498            520            522            500            509            521            511            499            510              1              1
            113            500            522            524            502            511            523            513            501            512              1              1
            114            502            524            526            504            513            525            515            503            514              1              1
            115            504            526            528            506            515            527            517            505            516              1              1
            116            518            540            542            520            529            541            531            519            530              1              1
            117            520            542            544            522            531            543            533            521            532              1              1
            118            522            544            546            524            533            545            535            523            534              1              1
            119            524            546            548            526            535            547            537            525            536              1              1
            120            526            548            550            528            537            549            539            527            538              1              1
            121            540            562            564            542            551            563            553            541            552              1              1
            122            542            564            566            544            553            565            555            543            554              1              1
            123            544            566            568            546            555            567            557            545            556              1              1
            124            546            568            570            548            557            569            559            547            558              1              1
            125            548            570            572            550            559            571            561            549            560              1              1
            126            562            584            586            564            573            585            575            563            574              1              1
            127            564            586            588            566            575            587            577            565            576              1              1
            128            566            588            590            568            577            589            579            567            578              1              1
            129            568            590            592            570            579            591            581            569            580              1              1
            130            570            592            594            572            581            593            583            571            582              1              1
            131            584            606            608            586            595            607            597            585            596              1              1
            132            586            608            610            588            597            609            599            587            598              1              1
            133            588            610            612            590            599            611            601            589            600              1              1
            134            590            612            614            592            601            613            603            591            602              1              1
            135            592            614            616            594            603            615            605            593            604              1              1
            136            606            628            630            608            617            629            619            607            618              1              1
            137            608            630            632            610            619            631            621            609            620              1              1
            138            610            632            634            612            621            633            623            611            622              1              1
            139            612            634            636            614            623            635            625            613            624              1              1
            140            614            636            638            616            625            637            627            615            626              1              1
            141            628            650            652            630            639            651            641            629            640              1              1
            142            630            652            654            632            641            653            643            631            642              1              1
            143            632            654            656            634            643            655            645            633            644              1              1
            144            634            656            658            636            645            657            647            635            646              1              1
            145            636            658            660            638            647            659            649            637            648              1              1
            146            650            672            674            652            661            673            663            651            662              1              1
            147            652            674            676            654            663            675            665            653            664              1              1
            148            654            676            678            656            665            677            667            655            666              1              1
            149            656            678            680            658            667            679            669            657            668              1              1
            150            658            680            682            660            669            681            671            659            670              1              1
       0      0      0      0      0      0      0      0      0      0      0      0
