Analysis for,q9 combined geometry  556   nodes  120    elements

1.00000E-05
  556    2
    1  -1.250000000000000E+02   0.000000000000000E+00
    2  -1.250000000000000E+02   5.000000000000000E+00
    3  -1.250000000000000E+02   1.000000000000000E+01
    4  -1.250000000000000E+02   1.500000000000000E+01
    5  -1.250000000000000E+02   2.000000000000000E+01
    6  -1.250000000000000E+02   2.500000000000000E+01
    7  -1.250000000000000E+02   3.000000000000000E+01
    8  -1.250000000000000E+02   3.500000000000000E+01
    9  -1.250000000000000E+02   4.000000000000000E+01
   10  -1.250000000000000E+02   4.500000000000000E+01
   11  -1.250000000000000E+02   5.000000000000000E+01
   12  -1.187500000000000E+02   0.000000000000000E+00
   13  -1.187500000000000E+02   5.000000000000000E+00
   14  -1.187500000000000E+02   1.000000000000000E+01
   15  -1.187500000000000E+02   1.500000000000000E+01
   16  -1.187500000000000E+02   2.000000000000000E+01
   17  -1.187500000000000E+02   2.500000000000000E+01
   18  -1.187500000000000E+02   3.000000000000000E+01
   19  -1.187500000000000E+02   3.500000000000000E+01
   20  -1.187500000000000E+02   4.000000000000000E+01
   21  -1.187500000000000E+02   4.500000000000000E+01
   22  -1.187500000000000E+02   5.000000000000000E+01
   23  -1.125000000000000E+02   0.000000000000000E+00
   24  -1.125000000000000E+02   5.000000000000000E+00
   25  -1.125000000000000E+02   1.000000000000000E+01
   26  -1.125000000000000E+02   1.500000000000000E+01
   27  -1.125000000000000E+02   2.000000000000000E+01
   28  -1.125000000000000E+02   2.500000000000000E+01
   29  -1.125000000000000E+02   3.000000000000000E+01
   30  -1.125000000000000E+02   3.500000000000000E+01
   31  -1.125000000000000E+02   4.000000000000000E+01
   32  -1.125000000000000E+02   4.500000000000000E+01
   33  -1.125000000000000E+02   5.000000000000000E+01
   34  -1.062500000000000E+02   0.000000000000000E+00
   35  -1.062500000000000E+02   5.000000000000000E+00
   36  -1.062500000000000E+02   1.000000000000000E+01
   37  -1.062500000000000E+02   1.500000000000000E+01
   38  -1.062500000000000E+02   2.000000000000000E+01
   39  -1.062500000000000E+02   2.500000000000000E+01
   40  -1.062500000000000E+02   3.000000000000000E+01
   41  -1.062500000000000E+02   3.500000000000000E+01
   42  -1.062500000000000E+02   4.000000000000000E+01
   43  -1.062500000000000E+02   4.500000000000000E+01
   44  -1.062500000000000E+02   5.000000000000000E+01
   45  -1.000000000000000E+02   0.000000000000000E+00
   46  -1.000000000000000E+02   5.000000000000000E+00
   47  -1.000000000000000E+02   1.000000000000000E+01
   48  -1.000000000000000E+02   1.500000000000000E+01
   49  -1.000000000000000E+02   2.000000000000000E+01
   50  -1.000000000000000E+02   2.500000000000000E+01
   51  -1.000000000000000E+02   3.000000000000000E+01
   52  -1.000000000000000E+02   3.500000000000000E+01
   53  -1.000000000000000E+02   4.000000000000000E+01
   54  -1.000000000000000E+02   4.500000000000000E+01
   55  -1.000000000000000E+02   5.000000000000000E+01
   56  -9.375000000000000E+01   0.000000000000000E+00
   57  -9.375000000000000E+01   5.000000000000000E+00
   58  -9.375000000000000E+01   1.000000000000000E+01
   59  -9.375000000000000E+01   1.500000000000000E+01
   60  -9.375000000000000E+01   2.000000000000000E+01
   61  -9.375000000000000E+01   2.500000000000000E+01
   62  -9.375000000000000E+01   3.000000000000000E+01
   63  -9.375000000000000E+01   3.500000000000000E+01
   64  -9.375000000000000E+01   4.000000000000000E+01
   65  -9.375000000000000E+01   4.500000000000000E+01
   66  -9.375000000000000E+01   5.000000000000000E+01
   67  -8.750000000000000E+01   0.000000000000000E+00
   68  -8.750000000000000E+01   5.000000000000000E+00
   69  -8.750000000000000E+01   1.000000000000000E+01
   70  -8.750000000000000E+01   1.500000000000000E+01
   71  -8.750000000000000E+01   2.000000000000000E+01
   72  -8.750000000000000E+01   2.500000000000000E+01
   73  -8.750000000000000E+01   3.000000000000000E+01
   74  -8.750000000000000E+01   3.500000000000000E+01
   75  -8.750000000000000E+01   4.000000000000000E+01
   76  -8.750000000000000E+01   4.500000000000000E+01
   77  -8.750000000000000E+01   5.000000000000000E+01
   78  -8.125000000000000E+01   0.000000000000000E+00
   79  -8.125000000000000E+01   5.000000000000000E+00
   80  -8.125000000000000E+01   1.000000000000000E+01
   81  -8.125000000000000E+01   1.500000000000000E+01
   82  -8.125000000000000E+01   2.000000000000000E+01
   83  -8.125000000000000E+01   2.500000000000000E+01
   84  -8.125000000000000E+01   3.000000000000000E+01
   85  -8.125000000000000E+01   3.500000000000000E+01
   86  -8.125000000000000E+01   4.000000000000000E+01
   87  -8.125000000000000E+01   4.500000000000000E+01
   88  -8.125000000000000E+01   5.000000000000000E+01
   89  -7.500000000000000E+01   0.000000000000000E+00
   90  -7.500000000000000E+01   5.000000000000000E+00
   91  -7.500000000000000E+01   1.000000000000000E+01
   92  -7.500000000000000E+01   1.500000000000000E+01
   93  -7.500000000000000E+01   2.000000000000000E+01
   94  -7.500000000000000E+01   2.500000000000000E+01
   95  -7.500000000000000E+01   3.000000000000000E+01
   96  -7.500000000000000E+01   3.500000000000000E+01
   97  -7.500000000000000E+01   4.000000000000000E+01
   98  -7.500000000000000E+01   4.500000000000000E+01
   99  -7.500000000000000E+01   5.000000000000000E+01
  100  -6.875000000000000E+01   0.000000000000000E+00
  101  -6.875000000000000E+01   5.000000000000000E+00
  102  -6.875000000000000E+01   1.000000000000000E+01
  103  -6.875000000000000E+01   1.500000000000000E+01
  104  -6.875000000000000E+01   2.000000000000000E+01
  105  -6.875000000000000E+01   2.500000000000000E+01
  106  -6.875000000000000E+01   3.000000000000000E+01
  107  -6.875000000000000E+01   3.500000000000000E+01
  108  -6.875000000000000E+01   4.000000000000000E+01
  109  -6.875000000000000E+01   4.500000000000000E+01
  110  -6.875000000000000E+01   5.000000000000000E+01
  111  -6.250000000000000E+01   0.000000000000000E+00
  112  -6.250000000000000E+01   5.000000000000000E+00
  113  -6.250000000000000E+01   1.000000000000000E+01
  114  -6.250000000000000E+01   1.500000000000000E+01
  115  -6.250000000000000E+01   2.000000000000000E+01
  116  -6.250000000000000E+01   2.500000000000000E+01
  117  -6.250000000000000E+01   3.000000000000000E+01
  118  -6.250000000000000E+01   3.500000000000000E+01
  119  -6.250000000000000E+01   4.000000000000000E+01
  120  -6.250000000000000E+01   4.500000000000000E+01
  121  -6.250000000000000E+01   5.000000000000000E+01
  122  -5.625000000000000E+01   0.000000000000000E+00
  123  -5.625000000000000E+01   5.000000000000000E+00
  124  -5.625000000000000E+01   1.000000000000000E+01
  125  -5.625000000000000E+01   1.500000000000000E+01
  126  -5.625000000000000E+01   2.000000000000000E+01
  127  -5.625000000000000E+01   2.500000000000000E+01
  128  -5.625000000000000E+01   3.000000000000000E+01
  129  -5.625000000000000E+01   3.500000000000000E+01
  130  -5.625000000000000E+01   4.000000000000000E+01
  131  -5.625000000000000E+01   4.500000000000000E+01
  132  -5.625000000000000E+01   5.000000000000000E+01
  133  -5.000000000000000E+01   0.000000000000000E+00
  134  -5.000000000000000E+01   5.000000000000000E+00
  135  -5.000000000000000E+01   1.000000000000000E+01
  136  -5.000000000000000E+01   1.500000000000000E+01
  137  -5.000000000000000E+01   2.000000000000000E+01
  138  -5.000000000000000E+01   2.500000000000000E+01
  139  -5.000000000000000E+01   3.000000000000000E+01
  140  -5.000000000000000E+01   3.500000000000000E+01
  141  -5.000000000000000E+01   4.000000000000000E+01
  142  -5.000000000000000E+01   4.500000000000000E+01
  143  -5.000000000000000E+01   5.000000000000000E+01
  144  -4.375000000000000E+01   0.000000000000000E+00
  145  -4.375000000000000E+01   5.000000000000000E+00
  146  -4.375000000000000E+01   1.000000000000000E+01
  147  -4.375000000000000E+01   1.500000000000000E+01
  148  -4.375000000000000E+01   2.000000000000000E+01
  149  -4.375000000000000E+01   2.500000000000000E+01
  150  -4.375000000000000E+01   3.000000000000000E+01
  151  -4.375000000000000E+01   3.500000000000000E+01
  152  -4.375000000000000E+01   4.000000000000000E+01
  153  -4.375000000000000E+01   4.500000000000000E+01
  154  -4.375000000000000E+01   5.000000000000000E+01
  155  -3.750000000000000E+01   0.000000000000000E+00
  156  -3.750000000000000E+01   5.000000000000000E+00
  157  -3.750000000000000E+01   1.000000000000000E+01
  158  -3.750000000000000E+01   1.500000000000000E+01
  159  -3.750000000000000E+01   2.000000000000000E+01
  160  -3.750000000000000E+01   2.500000000000000E+01
  161  -3.750000000000000E+01   3.000000000000000E+01
  162  -3.750000000000000E+01   3.500000000000000E+01
  163  -3.750000000000000E+01   4.000000000000000E+01
  164  -3.750000000000000E+01   4.500000000000000E+01
  165  -3.750000000000000E+01   5.000000000000000E+01
  166  -3.125000000000000E+01   0.000000000000000E+00
  167  -3.125000000000000E+01   5.000000000000000E+00
  168  -3.125000000000000E+01   1.000000000000000E+01
  169  -3.125000000000000E+01   1.500000000000000E+01
  170  -3.125000000000000E+01   2.000000000000000E+01
  171  -3.125000000000000E+01   2.500000000000000E+01
  172  -3.125000000000000E+01   3.000000000000000E+01
  173  -3.125000000000000E+01   3.500000000000000E+01
  174  -3.125000000000000E+01   4.000000000000000E+01
  175  -3.125000000000000E+01   4.500000000000000E+01
  176  -3.125000000000000E+01   5.000000000000000E+01
  177  -2.500000000000000E+01   0.000000000000000E+00
  178  -2.500000000000000E+01   5.000000000000000E+00
  179  -2.500000000000000E+01   1.000000000000000E+01
  180  -2.500000000000000E+01   1.500000000000000E+01
  181  -2.500000000000000E+01   2.000000000000000E+01
  182  -2.500000000000000E+01   2.500000000000000E+01
  183  -2.500000000000000E+01   3.000000000000000E+01
  184  -2.500000000000000E+01   3.500000000000000E+01
  185  -2.500000000000000E+01   4.000000000000000E+01
  186  -2.500000000000000E+01   4.500000000000000E+01
  187  -2.500000000000000E+01   5.000000000000000E+01
  188  -1.875000000000000E+01   0.000000000000000E+00
  189  -1.875000000000000E+01   5.000000000000000E+00
  190  -1.875000000000000E+01   1.000000000000000E+01
  191  -1.875000000000000E+01   1.500000000000000E+01
  192  -1.875000000000000E+01   2.000000000000000E+01
  193  -1.875000000000000E+01   2.500000000000000E+01
  194  -1.875000000000000E+01   3.000000000000000E+01
  195  -1.875000000000000E+01   3.500000000000000E+01
  196  -1.875000000000000E+01   4.000000000000000E+01
  197  -1.875000000000000E+01   4.500000000000000E+01
  198  -1.875000000000000E+01   5.000000000000000E+01
  199  -1.250000000000000E+01   0.000000000000000E+00
  200  -1.250000000000000E+01   5.000000000000000E+00
  201  -1.250000000000000E+01   1.000000000000000E+01
  202  -1.250000000000000E+01   1.500000000000000E+01
  203  -1.250000000000000E+01   2.000000000000000E+01
  204  -1.250000000000000E+01   2.500000000000000E+01
  205  -1.250000000000000E+01   3.000000000000000E+01
  206  -1.250000000000000E+01   3.500000000000000E+01
  207  -1.250000000000000E+01   4.000000000000000E+01
  208  -1.250000000000000E+01   4.500000000000000E+01
  209  -1.250000000000000E+01   5.000000000000000E+01
  210  -6.250000000000000E+00   0.000000000000000E+00
  211  -6.250000000000000E+00   5.000000000000000E+00
  212  -6.250000000000000E+00   1.000000000000000E+01
  213  -6.250000000000000E+00   1.500000000000000E+01
  214  -6.250000000000000E+00   2.000000000000000E+01
  215  -6.250000000000000E+00   2.500000000000000E+01
  216  -6.250000000000000E+00   3.000000000000000E+01
  217  -6.250000000000000E+00   3.500000000000000E+01
  218  -6.250000000000000E+00   4.000000000000000E+01
  219  -6.250000000000000E+00   4.500000000000000E+01
  220  -6.250000000000000E+00   5.000000000000000E+01
  221   0.000000000000000E+00   0.000000000000000E+00
  222   0.000000000000000E+00   5.000000000000000E+00
  223   0.000000000000000E+00   1.000000000000000E+01
  224   0.000000000000000E+00   1.500000000000000E+01
  225   0.000000000000000E+00   2.000000000000000E+01
  226   0.000000000000000E+00   2.500000000000000E+01
  227   0.000000000000000E+00   3.000000000000000E+01
  228   0.000000000000000E+00   3.500000000000000E+01
  229   0.000000000000000E+00   4.000000000000000E+01
  230   0.000000000000000E+00   4.500000000000000E+01
  231   0.000000000000000E+00   5.000000000000000E+01
  232   6.250000000000000E+00   0.000000000000000E+00
  233   6.250000000000000E+00   5.000000000000000E+00
  234   6.250000000000000E+00   1.000000000000000E+01
  235   6.250000000000000E+00   1.500000000000000E+01
  236   6.250000000000000E+00   2.000000000000000E+01
  237   6.250000000000000E+00   2.500000000000000E+01
  238   6.250000000000000E+00   3.000000000000000E+01
  239   6.250000000000000E+00   3.500000000000000E+01
  240   6.250000000000000E+00   4.000000000000000E+01
  241   6.250000000000000E+00   4.500000000000000E+01
  242   6.250000000000000E+00   5.000000000000000E+01
  243   1.250000000000000E+01   0.000000000000000E+00
  244   1.250000000000000E+01   5.000000000000000E+00
  245   1.250000000000000E+01   1.000000000000000E+01
  246   1.250000000000000E+01   1.500000000000000E+01
  247   1.250000000000000E+01   2.000000000000000E+01
  248   1.250000000000000E+01   2.500000000000000E+01
  249   1.250000000000000E+01   3.000000000000000E+01
  250   1.250000000000000E+01   3.500000000000000E+01
  251   1.250000000000000E+01   4.000000000000000E+01
  252   1.250000000000000E+01   4.500000000000000E+01
  253   1.250000000000000E+01   5.000000000000000E+01
  254   1.875000000000000E+01   0.000000000000000E+00
  255   1.875000000000000E+01   5.000000000000000E+00
  256   1.875000000000000E+01   1.000000000000000E+01
  257   1.875000000000000E+01   1.500000000000000E+01
  258   1.875000000000000E+01   2.000000000000000E+01
  259   1.875000000000000E+01   2.500000000000000E+01
  260   1.875000000000000E+01   3.000000000000000E+01
  261   1.875000000000000E+01   3.500000000000000E+01
  262   1.875000000000000E+01   4.000000000000000E+01
  263   1.875000000000000E+01   4.500000000000000E+01
  264   1.875000000000000E+01   5.000000000000000E+01
  265   2.500000000000000E+01   0.000000000000000E+00
  266   2.500000000000000E+01   5.000000000000000E+00
  267   2.500000000000000E+01   1.000000000000000E+01
  268   2.500000000000000E+01   1.500000000000000E+01
  269   2.500000000000000E+01   2.000000000000000E+01
  270   2.500000000000000E+01   2.500000000000000E+01
  271   2.500000000000000E+01   3.000000000000000E+01
  272   2.500000000000000E+01   3.500000000000000E+01
  273   2.500000000000000E+01   4.000000000000000E+01
  274   2.500000000000000E+01   4.500000000000000E+01
  275   2.500000000000000E+01   5.000000000000000E+01
  276   3.125000000000000E+01   0.000000000000000E+00
  277   3.125000000000000E+01   5.000000000000000E+00
  278   3.125000000000000E+01   1.000000000000000E+01
  279   3.125000000000000E+01   1.500000000000000E+01
  280   3.125000000000000E+01   2.000000000000000E+01
  281   3.125000000000000E+01   2.500000000000000E+01
  282   3.125000000000000E+01   3.000000000000000E+01
  283   3.125000000000000E+01   3.500000000000000E+01
  284   3.125000000000000E+01   4.000000000000000E+01
  285   3.125000000000000E+01   4.500000000000000E+01
  286   3.125000000000000E+01   5.000000000000000E+01
  287   3.750000000000000E+01   0.000000000000000E+00
  288   3.750000000000000E+01   5.000000000000000E+00
  289   3.750000000000000E+01   1.000000000000000E+01
  290   3.750000000000000E+01   1.500000000000000E+01
  291   3.750000000000000E+01   2.000000000000000E+01
  292   3.750000000000000E+01   2.500000000000000E+01
  293   3.750000000000000E+01   3.000000000000000E+01
  294   3.750000000000000E+01   3.500000000000000E+01
  295   3.750000000000000E+01   4.000000000000000E+01
  296   3.750000000000000E+01   4.500000000000000E+01
  297   3.750000000000000E+01   5.000000000000000E+01
  298   4.375000000000000E+01   0.000000000000000E+00
  299   4.375000000000000E+01   5.000000000000000E+00
  300   4.375000000000000E+01   1.000000000000000E+01
  301   4.375000000000000E+01   1.500000000000000E+01
  302   4.375000000000000E+01   2.000000000000000E+01
  303   4.375000000000000E+01   2.500000000000000E+01
  304   4.375000000000000E+01   3.000000000000000E+01
  305   4.375000000000000E+01   3.500000000000000E+01
  306   4.375000000000000E+01   4.000000000000000E+01
  307   4.375000000000000E+01   4.500000000000000E+01
  308   4.375000000000000E+01   5.000000000000000E+01
  309   5.000000000000000E+01   0.000000000000000E+00
  310   5.000000000000000E+01   5.000000000000000E+00
  311   5.000000000000000E+01   1.000000000000000E+01
  312   5.000000000000000E+01   1.500000000000000E+01
  313   5.000000000000000E+01   2.000000000000000E+01
  314   5.000000000000000E+01   2.500000000000000E+01
  315   5.000000000000000E+01   3.000000000000000E+01
  316   5.000000000000000E+01   3.500000000000000E+01
  317   5.000000000000000E+01   4.000000000000000E+01
  318   5.000000000000000E+01   4.500000000000000E+01
  319   5.000000000000000E+01   5.000000000000000E+01
  320   5.625000000000000E+01   0.000000000000000E+00
  321   5.625000000000000E+01   5.000000000000000E+00
  322   5.625000000000000E+01   1.000000000000000E+01
  323   5.625000000000000E+01   1.500000000000000E+01
  324   5.625000000000000E+01   2.000000000000000E+01
  325   5.625000000000000E+01   2.500000000000000E+01
  326   5.625000000000000E+01   3.000000000000000E+01
  327   5.625000000000000E+01   3.500000000000000E+01
  328   5.625000000000000E+01   4.000000000000000E+01
  329   5.625000000000000E+01   4.500000000000000E+01
  330   5.625000000000000E+01   5.000000000000000E+01
  331   6.250000000000000E+01   0.000000000000000E+00
  332   6.250000000000000E+01   5.000000000000000E+00
  333   6.250000000000000E+01   1.000000000000000E+01
  334   6.250000000000000E+01   1.500000000000000E+01
  335   6.250000000000000E+01   2.000000000000000E+01
  336   6.250000000000000E+01   2.500000000000000E+01
  337   6.250000000000000E+01   3.000000000000000E+01
  338   6.250000000000000E+01   3.500000000000000E+01
  339   6.250000000000000E+01   4.000000000000000E+01
  340   6.250000000000000E+01   4.500000000000000E+01
  341   6.250000000000000E+01   5.000000000000000E+01
  342   6.875000000000000E+01   0.000000000000000E+00
  343   6.875000000000000E+01   5.000000000000000E+00
  344   6.875000000000000E+01   1.000000000000000E+01
  345   6.875000000000000E+01   1.500000000000000E+01
  346   6.875000000000000E+01   2.000000000000000E+01
  347   6.875000000000000E+01   2.500000000000000E+01
  348   6.875000000000000E+01   3.000000000000000E+01
  349   6.875000000000000E+01   3.500000000000000E+01
  350   6.875000000000000E+01   4.000000000000000E+01
  351   6.875000000000000E+01   4.500000000000000E+01
  352   6.875000000000000E+01   5.000000000000000E+01
  353   7.500000000000000E+01   0.000000000000000E+00
  354   7.500000000000000E+01   5.000000000000000E+00
  355   7.500000000000000E+01   1.000000000000000E+01
  356   7.500000000000000E+01   1.500000000000000E+01
  357   7.500000000000000E+01   2.000000000000000E+01
  358   7.500000000000000E+01   2.500000000000000E+01
  359   7.500000000000000E+01   3.000000000000000E+01
  360   7.500000000000000E+01   3.500000000000000E+01
  361   7.500000000000000E+01   4.000000000000000E+01
  362   7.500000000000000E+01   4.500000000000000E+01
  363   7.500000000000000E+01   5.000000000000000E+01
  364   8.125000000000000E+01   0.000000000000000E+00
  365   8.125000000000000E+01   5.000000000000000E+00
  366   8.125000000000000E+01   1.000000000000000E+01
  367   8.125000000000000E+01   1.500000000000000E+01
  368   8.125000000000000E+01   2.000000000000000E+01
  369   8.125000000000000E+01   2.500000000000000E+01
  370   8.125000000000000E+01   3.000000000000000E+01
  371   8.125000000000000E+01   3.500000000000000E+01
  372   8.125000000000000E+01   4.000000000000000E+01
  373   8.125000000000000E+01   4.500000000000000E+01
  374   8.125000000000000E+01   5.000000000000000E+01
  375   8.750000000000000E+01   0.000000000000000E+00
  376   8.750000000000000E+01   5.000000000000000E+00
  377   8.750000000000000E+01   1.000000000000000E+01
  378   8.750000000000000E+01   1.500000000000000E+01
  379   8.750000000000000E+01   2.000000000000000E+01
  380   8.750000000000000E+01   2.500000000000000E+01
  381   8.750000000000000E+01   3.000000000000000E+01
  382   8.750000000000000E+01   3.500000000000000E+01
  383   8.750000000000000E+01   4.000000000000000E+01
  384   8.750000000000000E+01   4.500000000000000E+01
  385   8.750000000000000E+01   5.000000000000000E+01
  386   9.375000000000000E+01   0.000000000000000E+00
  387   9.375000000000000E+01   5.000000000000000E+00
  388   9.375000000000000E+01   1.000000000000000E+01
  389   9.375000000000000E+01   1.500000000000000E+01
  390   9.375000000000000E+01   2.000000000000000E+01
  391   9.375000000000000E+01   2.500000000000000E+01
  392   9.375000000000000E+01   3.000000000000000E+01
  393   9.375000000000000E+01   3.500000000000000E+01
  394   9.375000000000000E+01   4.000000000000000E+01
  395   9.375000000000000E+01   4.500000000000000E+01
  396   9.375000000000000E+01   5.000000000000000E+01
  397   1.000000000000000E+02   0.000000000000000E+00
  398   1.000000000000000E+02   5.000000000000000E+00
  399   1.000000000000000E+02   1.000000000000000E+01
  400   1.000000000000000E+02   1.500000000000000E+01
  401   1.000000000000000E+02   2.000000000000000E+01
  402   1.000000000000000E+02   2.500000000000000E+01
  403   1.000000000000000E+02   3.000000000000000E+01
  404   1.000000000000000E+02   3.500000000000000E+01
  405   1.000000000000000E+02   4.000000000000000E+01
  406   1.000000000000000E+02   4.500000000000000E+01
  407   1.000000000000000E+02   5.000000000000000E+01
  408   1.062500000000000E+02   0.000000000000000E+00
  409   1.062500000000000E+02   5.000000000000000E+00
  410   1.062500000000000E+02   1.000000000000000E+01
  411   1.062500000000000E+02   1.500000000000000E+01
  412   1.062500000000000E+02   2.000000000000000E+01
  413   1.062500000000000E+02   2.500000000000000E+01
  414   1.062500000000000E+02   3.000000000000000E+01
  415   1.062500000000000E+02   3.500000000000000E+01
  416   1.062500000000000E+02   4.000000000000000E+01
  417   1.062500000000000E+02   4.500000000000000E+01
  418   1.062500000000000E+02   5.000000000000000E+01
  419   1.125000000000000E+02   0.000000000000000E+00
  420   1.125000000000000E+02   5.000000000000000E+00
  421   1.125000000000000E+02   1.000000000000000E+01
  422   1.125000000000000E+02   1.500000000000000E+01
  423   1.125000000000000E+02   2.000000000000000E+01
  424   1.125000000000000E+02   2.500000000000000E+01
  425   1.125000000000000E+02   3.000000000000000E+01
  426   1.125000000000000E+02   3.500000000000000E+01
  427   1.125000000000000E+02   4.000000000000000E+01
  428   1.125000000000000E+02   4.500000000000000E+01
  429   1.125000000000000E+02   5.000000000000000E+01
  430   1.187500000000000E+02   0.000000000000000E+00
  431   1.187500000000000E+02   5.000000000000000E+00
  432   1.187500000000000E+02   1.000000000000000E+01
  433   1.187500000000000E+02   1.500000000000000E+01
  434   1.187500000000000E+02   2.000000000000000E+01
  435   1.187500000000000E+02   2.500000000000000E+01
  436   1.187500000000000E+02   3.000000000000000E+01
  437   1.187500000000000E+02   3.500000000000000E+01
  438   1.187500000000000E+02   4.000000000000000E+01
  439   1.187500000000000E+02   4.500000000000000E+01
  440   1.187500000000000E+02   5.000000000000000E+01
  441   1.250000000000000E+02   0.000000000000000E+00
  442   1.250000000000000E+02   5.000000000000000E+00
  443   1.250000000000000E+02   1.000000000000000E+01
  444   1.250000000000000E+02   1.500000000000000E+01
  445   1.250000000000000E+02   2.000000000000000E+01
  446   1.250000000000000E+02   2.500000000000000E+01
  447   1.250000000000000E+02   3.000000000000000E+01
  448   1.250000000000000E+02   3.500000000000000E+01
  449   1.250000000000000E+02   4.000000000000000E+01
  450   1.250000000000000E+02   4.500000000000000E+01
  451   1.250000000000000E+02   5.000000000000000E+01
  452   9.499999999999493E+01   1.500000310455152E+02
  453   9.749999999999480E+01   1.500000318625024E+02
  454   9.999999999999466E+01   1.500000326794897E+02
  455   9.383039725658354E+01   1.351387564632942E+02
  456   9.629961818438836E+01   1.347476711702230E+02
  457   9.876883921219321E+01   1.343565857771518E+02
  458   9.035037859358697E+01   1.206434150260411E+02
  459   9.272802014604979E+01   1.198708733030421E+02
  460   9.510566169851259E+01   1.190983316800432E+02
  461   8.464563389436444E+01   1.068709301617589E+02
  462   8.687315056526874E+01   1.057359546896999E+02
  463   8.910066723617309E+01   1.046009791176409E+02
  464   7.685663274809188E+01   9.416042611635237E+01
  465   7.887917572830482E+01   9.269096367730901E+01
  466   8.090171860851774E+01   9.122150123826563E+01
  467   6.717516615249072E+01   8.282487775249787E+01
  468   6.894293373018785E+01   8.105711133019521E+01
  469   7.071070120788495E+01   7.928934500789252E+01
  470   5.583962411634640E+01   7.314340374810008E+01
  471   5.730908787730289E+01   7.112086172831322E+01
  472   5.877855163825934E+01   6.909831980852638E+01
  473   4.312912516175426E+01   6.535439429437346E+01
  474   4.426410208969516E+01   6.312687836527802E+01
  475   4.539907911763606E+01   6.089936243618261E+01
  476   2.935664402603792E+01   5.964964059359663E+01
  477   3.012918730303892E+01   5.727199954605969E+01
  478   3.090173048003992E+01   5.489435849852273E+01
  479   1.486130486329258E+01   5.616961245659358E+01
  480   1.525239177022132E+01   5.370039178439866E+01
  481   1.564347877715008E+01   5.123117101220375E+01
  482   3.104551517694022E-05   5.500000000000507E+01
  483   3.186250241843864E-05   5.250000000000520E+01
  484   3.267948965993707E-05   5.000000000000534E+01
  485  -1.486124353670583E+01   5.616960274341646E+01
  486  -1.525232882977705E+01   5.370038181561164E+01
  487  -1.564341422284824E+01   5.123116078780679E+01
  488  -2.935658497395894E+01   5.964962140641303E+01
  489  -3.012912669695786E+01   5.727197985395021E+01
  490  -3.090166831995678E+01   5.489433830148741E+01
  491  -4.312906983824114E+01   6.535436610563556E+01
  492  -4.426404531030011E+01   6.312684943473126E+01
  493  -4.539902088235910E+01   6.089933276382691E+01
  494  -5.583957388364763E+01   7.314336725190812E+01
  495  -5.730903632269099E+01   7.112082427169518E+01
  496  -5.877849876173437E+01   6.909828139148226E+01
  497  -6.717512224750213E+01   8.282483384750928E+01
  498  -6.894288866980479E+01   8.105706626981215E+01
  499  -7.071065499210748E+01   7.928929879211505E+01
  500  -7.685659625189992E+01   9.416037588365360E+01
  501  -7.887913827168678E+01   9.269091212269711E+01
  502  -8.090168019147362E+01   9.122144836174066E+01
  503  -8.464560570562654E+01   1.068708748382457E+02
  504  -8.687312163472198E+01   1.057358979103048E+02
  505  -8.910063756381739E+01   1.046009208823639E+02
  506  -9.035035940640337E+01   1.206433559739621E+02
  507  -9.272800045394031E+01   1.198708126969611E+02
  508  -9.510564150147727E+01   1.190982695199601E+02
  509  -9.383038754340642E+01   1.351386951367074E+02
  510  -9.629960821560134E+01   1.347476082297787E+02
  511  -9.876882898779625E+01   1.343565212228499E+02
  512  -9.499999999999493E+01   1.499999689544848E+02
  513  -9.749999999999480E+01   1.499999681374976E+02
  514  -9.999999999999466E+01   1.499999673205103E+02
  515   8.999999999999520E+01   1.500000294115407E+02
  516   9.249999999999505E+01   1.500000302285279E+02
  517   8.889195530097390E+01   1.359209271494366E+02
  518   9.136117622877872E+01   1.355298418563654E+02
  519   8.559509558866132E+01   1.221884984720389E+02
  520   8.797273714112416E+01   1.214159567490400E+02
  521   8.019060055255578E+01   1.091408812058768E+02
  522   8.241811722346009E+01   1.080059057338179E+02
  523   7.281154678766597E+01   9.709935109443907E+01
  524   7.483408976787892E+01   9.562988865539572E+01
  525   6.363963109709647E+01   8.636041049710326E+01
  526   6.540739867479360E+01   8.459264407480060E+01
  527   5.290069649443343E+01   7.718848778767375E+01
  528   5.437016025538991E+01   7.516594576788690E+01
  529   4.085917120587246E+01   6.980942615256434E+01
  530   4.199414813381336E+01   6.758191022346890E+01
  531   2.781155747203595E+01   6.440492258867049E+01
  532   2.858410074903695E+01   6.202728154113356E+01
  533   1.407913094943508E+01   6.110805390098341E+01
  534   1.447021785636382E+01   5.863883322878847E+01
  535   2.941154069394336E-05   6.000000000000480E+01
  536   3.022852793544179E-05   5.750000000000495E+01
  537  -1.407907285056342E+01   6.110804469902610E+01
  538  -1.447015814363464E+01   5.863882377122128E+01
  539  -2.781150152796108E+01   6.440490441133868E+01
  540  -2.858404325095999E+01   6.202726285887584E+01
  541  -4.085911879412317E+01   6.980939944744422E+01
  542  -4.199409426618215E+01   6.758188277653991E+01
  543  -5.290064890556092E+01   7.718845321233403E+01
  544  -5.437011134460428E+01   7.516591023212108E+01
  545  -6.363958950289674E+01   8.636036890290353E+01
  546  -6.540735592519940E+01   8.459260132520640E+01
  547  -7.281151221232625E+01   9.709930350556658E+01
  548  -7.483405423211310E+01   9.562983974461008E+01
  549  -8.019057384743566E+01   1.091408287941275E+02
  550  -8.241808977653110E+01   1.080058518661866E+02
  551  -8.559507741132951E+01   1.221884425279640E+02
  552  -8.797271845886644E+01   1.214158992509631E+02
  553  -8.889194609901659E+01   1.359208690505649E+02
  554  -9.136116677121153E+01   1.355297821436362E+02
  555  -8.999999999999520E+01   1.499999705884593E+02
  556  -9.249999999999505E+01   1.499999697714721E+02
      3
1   451    11   1   1   0
452   454   1   1   1   0
515   516   1   1   1   0
512   514   1   1   1   0
555   556   1   1   1   0
      0      0      0      0      0      0
       1     9
 300.0d  3.00E-01  0.00E+00  0.00E+00  0.00E+00  0.00E+00  0.00E+00  0.00E+00  1.00E-3  
       2     9
 1.00E+3  3.00E-01  0.00E+00  0.00E+00  0.00E+00  0.00E+00  0.00E+00  0.00E+00  1.00E-3  
       3     9
 1.00E+5  3.00E-01  0.00E+00  0.00E+00  0.00E+00  0.00E+00  0.00E+00  0.00E+00  1.00E-3 
       0      0      0      0      0      0      0      0      0      0      0      0

  1
'p9_3'
    120      9      9      3
              1              1             23             25              3             12             24             14              2             13              1              1
              2              3             25             27              5             14             26             16              4             15              1              1
              3              5             27             29              7             16             28             18              6             17              1              1
              4              7             29             31              9             18             30             20              8             19              1              1
              5              9             31             33             11             20             32             22             10             21              1              1
              6             23             45             47             25             34             46             36             24             35              1              1
              7             25             47             49             27             36             48             38             26             37              1              1
              8             27             49             51             29             38             50             40             28             39              1              1
              9             29             51             53             31             40             52             42             30             41              1              1
             10             31             53             55             33             42             54             44             32             43              1              1
             11             45             67             69             47             56             68             58             46             57              1              1
             12             47             69             71             49             58             70             60             48             59              1              1
             13             49             71             73             51             60             72             62             50             61              1              1
             14             51             73             75             53             62             74             64             52             63              1              1
             15             53             75             77             55             64             76             66             54             65              1              1
             16             67             89             91             69             78             90             80             68             79              1              1
             17             69             91             93             71             80             92             82             70             81              1              1
             18             71             93             95             73             82             94             84             72             83              1              1
             19             73             95             97             75             84             96             86             74             85              1              1
             20             75             97             99             77             86             98             88             76             87              1              1
             21             89            111            113             91            100            112            102             90            101              1              1
             22             91            113            115             93            102            114            104             92            103              1              1
             23             93            115            117             95            104            116            106             94            105              1              1
             24             95            117            119             97            106            118            108             96            107              1              1
             25             97            119            121             99            108            120            110             98            109              1              1
             26            111            133            135            113            122            134            124            112            123              1              1
             27            113            135            137            115            124            136            126            114            125              1              1
             28            115            137            139            117            126            138            128            116            127              1              1
             29            117            139            141            119            128            140            130            118            129              1              1
             30            119            141            143            121            130            142            132            120            131              1              1
             31            133            155            157            135            144            156            146            134            145              1              1
             32            135            157            159            137            146            158            148            136            147              1              1
             33            137            159            161            139            148            160            150            138            149              1              1
             34            139            161            163            141            150            162            152            140            151              1              1
             35            141            163            165            143            152            164            154            142            153              1              1
             36            155            177            179            157            166            178            168            156            167              1              1
             37            157            179            181            159            168            180            170            158            169              1              1
             38            159            181            183            161            170            182            172            160            171              1              1
             39            161            183            185            163            172            184            174            162            173              1              1
             40            163            185            187            165            174            186            176            164            175              1              1
             41            177            199            201            179            188            200            190            178            189              1              1
             42            179            201            203            181            190            202            192            180            191              1              1
             43            181            203            205            183            192            204            194            182            193              1              1
             44            183            205            207            185            194            206            196            184            195              1              1
             45            185            207            209            187            196            208            198            186            197              1              1
             46            199            221            223            201            210            222            212            200            211              1              1
             47            201            223            225            203            212            224            214            202            213              1              1
             48            203            225            227            205            214            226            216            204            215              1              1
             49            205            227            229            207            216            228            218            206            217              1              1
             50            207            229            231            209            218            230            220            208            219              1              1
             51            221            243            245            223            232            244            234            222            233              1              1
             52            223            245            247            225            234            246            236            224            235              1              1
             53            225            247            249            227            236            248            238            226            237              1              1
             54            227            249            251            229            238            250            240            228            239              1              1
             55            229            251            253            231            240            252            242            230            241              1              1
             56            243            265            267            245            254            266            256            244            255              1              1
             57            245            267            269            247            256            268            258            246            257              1              1
             58            247            269            271            249            258            270            260            248            259              1              1
             59            249            271            273            251            260            272            262            250            261              1              1
             60            251            273            275            253            262            274            264            252            263              1              1
             61            265            287            289            267            276            288            278            266            277              1              1
             62            267            289            291            269            278            290            280            268            279              1              1
             63            269            291            293            271            280            292            282            270            281              1              1
             64            271            293            295            273            282            294            284            272            283              1              1
             65            273            295            297            275            284            296            286            274            285              1              1
             66            287            309            311            289            298            310            300            288            299              1              1
             67            289            311            313            291            300            312            302            290            301              1              1
             68            291            313            315            293            302            314            304            292            303              1              1
             69            293            315            317            295            304            316            306            294            305              1              1
             70            295            317            319            297            306            318            308            296            307              1              1
             71            309            331            333            311            320            332            322            310            321              1              1
             72            311            333            335            313            322            334            324            312            323              1              1
             73            313            335            337            315            324            336            326            314            325              1              1
             74            315            337            339            317            326            338            328            316            327              1              1
             75            317            339            341            319            328            340            330            318            329              1              1
             76            331            353            355            333            342            354            344            332            343              1              1
             77            333            355            357            335            344            356            346            334            345              1              1
             78            335            357            359            337            346            358            348            336            347              1              1
             79            337            359            361            339            348            360            350            338            349              1              1
             80            339            361            363            341            350            362            352            340            351              1              1
             81            353            375            377            355            364            376            366            354            365              1              1
             82            355            377            379            357            366            378            368            356            367              1              1
             83            357            379            381            359            368            380            370            358            369              1              1
             84            359            381            383            361            370            382            372            360            371              1              1
             85            361            383            385            363            372            384            374            362            373              1              1
             86            375            397            399            377            386            398            388            376            387              1              1
             87            377            399            401            379            388            400            390            378            389              1              1
             88            379            401            403            381            390            402            392            380            391              1              1
             89            381            403            405            383            392            404            394            382            393              1              1
             90            383            405            407            385            394            406            396            384            395              1              1
             91            397            419            421            399            408            420            410            398            409              1              1
             92            399            421            423            401            410            422            412            400            411              1              1
             93            401            423            425            403            412            424            414            402            413              1              1
             94            403            425            427            405            414            426            416            404            415              1              1
             95            405            427            429            407            416            428            418            406            417              1              1
             96            419            441            443            421            430            442            432            420            431              1              1
             97            421            443            445            423            432            444            434            422            433              1              1
             98            423            445            447            425            434            446            436            424            435              1              1
             99            425            447            449            427            436            448            438            426            437              1              1
            100            427            449            451            429            438            450            440            428            439              1              1
            101            452            458            460            454            455            459            457            453            456              2              1
            102            458            464            466            460            461            465            463            459            462              2              1
            103            464            470            472            466            467            471            469            465            468              2              1
            104            470            476            478            472            473            477            475            471            474              2              1
            105            476            482            484            478            479            483            481            477            480              2              1
            106            482            488            490            484            485            489            487            483            486              2              1
            107            488            494            496            490            491            495            493            489            492              2              1
            108            494            500            502            496            497            501            499            495            498              2              1
            109            500            506            508            502            503            507            505            501            504              2              1
            110            506            512            514            508            509            513            511            507            510              2              1
            111            515            519            458            452            517            520            455            516            518              3              1
            112            519            523            464            458            521            524            461            520            522              3              1
            113            523            527            470            464            525            528            467            524            526              3              1
            114            527            531            476            470            529            532            473            528            530              3              1
            115            531            535            482            476            533            536            479            532            534              3              1
            116            535            539            488            482            537            540            485            536            538              3              1
            117            539            543            494            488            541            544            491            540            542              3              1
            118            543            547            500            494            545            548            497            544            546              3              1
            119            547            551            506            500            549            552            503            548            550              3              1
            120            551            555            512            506            553            556            509            552            554              3              1
       0      0      0      0      0      0      0      0      0      0      0      0
