
Analysis for,q4 combined geometry  9  nodes   4    elements
  
1.000000E-08
   9    2
    1   0.00000000E+00   0.00000000E+00
    2   0.00000000E+00   1.00000000E+00
    3   0.00000000E+00   2.00000000E+00
    4   1.00000000E+00   0.00000000E+00
    5   1.00000000E+00   1.00000000E+00
    6   1.00000000E+00   2.00000000E+00
    7   2.00000000E+00   0.00000000E+00
    8   2.00000000E+00   1.00000000e+00
    9   2.00000000E+00   2.00000000E+00


 3
 1    3    1    1    1    0
   0    0    0    0    0    0

       1     9
2.10E+11   3.00E-01  0.00E+00  0.00E+00  0.00E+00  0.00E+00  0.00E+00  0.00E+00  0.00E+00
    0      0      0       0       0       0       0       0        0       0        0        0
  
    1
  p4_2
       4    4    4    3
    1         1         4         5         2         1         1
    2         2         5         6         3         1         1
    3         4         7         8         5         1         1
    4         5         8         9         6         1         1
7   1.00  0.00E+00  0.00E+00
8   1.00  0.00E+00  0.00E+00
9   1.00  0.00E+00  0.00E+00
0  0  0  0                                                                                    
