mflg 0 1.0 1.0 1  1.0 0.0 ipress 0 igrav 0 icont  1
..........................enter the pressure data......................
.......................enter the gravity data.................
.......................enter the contact data.................
5,225,5,3
0,0,0,0
226,270,1,3
0,0,0,0
 prescribed displacement
1002  1004   1   0.0d0    -7.0000e+01   0.0d0 
1275  1276   1   0.0d0    -7.0000e+01   0.0d0 
1272  1274   1   0.0d0    -7.0000e+01   0.0d0 
1455  1456   1   0.0d0    -7.0000e+01   0.0d0 
    0        0      0 0
    0        0      0 0
